14 21 46 59 119 135 169 204 208 236 362 426 428 453 462 471 572 579 588 599 606 636 659 661 688 709 751 837 851 876 930 966 978 995 
26 32 45 97 158 184 198 253 302 338 371 390 400 425 440 480 494 542 561 608 625 651 691 727 745 746 748 752 770 781 860 926 953 
36 70 143 152 229 377 465 481 483 511 531 570 600 646 686 736 749 768 777 786 794 804 812 822 831 867 877 886 903 914 915 939 988 
66 112 140 153 160 167 197 227 244 283 286 294 323 326 395 484 522 541 544 550 558 586 650 702 708 711 775 810 850 904 906 910 
12 15 23 101 124 179 261 287 291 298 314 315 391 420 436 450 502 505 549 556 559 595 678 681 796 839 941 962 963 985 989 
7 43 72 85 86 115 128 205 257 264 269 352 384 418 430 454 490 491 537 553 568 618 642 726 761 802 807 829 830 893 934 
35 222 247 328 350 361 411 422 514 518 523 524 552 589 597 602 604 617 638 683 693 713 718 797 854 861 895 956 965 982 998 
89 132 232 254 262 336 447 466 488 497 499 557 585 601 632 633 635 671 673 742 783 787 800 826 869 878 890 932 950 968 971 
24 69 176 255 258 324 330 332 334 368 380 381 383 387 413 452 564 575 576 628 675 724 738 798 880 892 931 943 987 992 
5 9 18 55 58 75 127 150 203 234 266 281 288 292 367 393 421 475 520 547 584 710 712 725 765 772 936 944 960 961 
62 142 183 226 396 405 414 423 446 451 470 573 581 603 611 622 639 640 685 700 773 788 806 821 872 891 908 918 935 976 
145 277 285 300 356 441 443 457 464 472 479 539 548 613 615 630 644 699 707 759 766 784 793 855 866 889 917 928 974 994 
6 17 56 73 246 270 282 297 398 410 444 485 495 538 583 591 592 653 665 667 680 689 750 776 779 828 885 955 
38 42 71 76 78 110 125 148 312 401 427 459 468 598 668 677 690 716 791 809 838 858 865 868 870 897 969 981 
51 93 147 157 164 230 275 303 375 392 409 416 438 501 596 614 647 652 670 676 755 805 879 902 949 958 980 996 
4 30 34 109 133 163 191 193 213 263 289 295 463 512 566 692 706 715 734 753 790 871 873 925 952 957 973 
91 121 151 155 182 192 223 272 345 408 439 458 477 487 496 525 551 577 609 669 697 704 846 881 927 948 
8 16 64 137 189 217 348 357 370 394 442 500 519 648 654 701 721 767 782 789 818 840 863 898 913 993 
20 31 37 57 83 84 190 218 260 379 386 424 467 469 507 533 593 626 703 719 731 792 852 883 921 984 
40 54 79 185 248 279 306 341 343 403 449 508 515 562 563 687 698 811 814 825 833 836 864 887 907 938 
29 48 94 139 159 178 199 225 268 280 376 389 402 526 627 743 757 862 875 899 900 909 959 977 
113 126 129 138 233 249 308 319 335 342 433 486 534 540 605 610 621 656 660 682 684 728 785 896 
22 50 107 114 170 209 245 318 399 528 529 555 569 571 607 672 674 695 737 764 912 937 954 983 
47 82 88 106 149 166 174 186 187 215 251 347 412 565 657 741 763 808 845 882 888 929 940 
44 102 173 202 206 267 271 322 353 374 437 455 535 543 546 620 623 662 705 780 843 848 911 
65 68 146 175 231 241 320 329 344 358 461 506 634 694 769 774 799 813 816 924 933 946 
2 27 87 200 207 242 299 307 346 417 448 473 513 517 663 723 760 801 844 919 920 
41 95 103 118 130 141 235 354 407 456 489 567 612 735 744 795 827 849 942 945 
60 92 134 156 211 219 224 228 304 317 404 419 435 516 532 554 696 754 803 834 
33 67 80 214 331 351 527 631 655 714 722 740 820 874 923 972 979 
77 195 216 243 274 359 373 478 521 666 730 758 857 922 
194 360 365 372 498 504 578 739 967 970 991 
28 63 136 162 284 321 637 729 733 824 853 
105 276 378 590 594 645 664 720 817 964 
99 210 259 296 337 349 388 835 947 951 
108 181 313 530 574 580 643 717 832 975 
49 74 100 171 311 619 747 842 856 
3 52 90 144 168 273 815 819 
61 239 310 369 432 560 616 999 
19 98 104 196 385 415 905 
0 81 96 250 641 771 
1 11 237 364 536 649 
53 131 201 256 355 624 
25 325 406 509 762 916 
161 165 265 482 629 679 
221 293 309 316 339 859 
10 123 180 278 327 990 
333 366 460 901 986 
111 116 363 658 884 
13 39 177 474 778 
117 382 397 841 
238 587 823 847 
154 252 431 732 
212 493 545 756 
188 220 305 510 
240 476 894 
120 434 492 
122 340 445 
172 290 301 
582 997 
429 503 
