5 24 26 45 50 93 126 127 188 225 248 253 262 337 394 426 467 482 577 611 615 643 716 741 799 850 890 922 930 942 967 988 
14 59 67 80 82 137 209 222 227 286 359 389 416 434 450 491 539 601 629 669 678 691 733 804 839 882 
12 79 84 102 108 240 246 473 474 509 563 569 659 664 798 801 860 871 906 911 914 923 946 959 963 969 
76 95 98 138 157 252 292 364 399 407 431 514 548 593 623 640 650 680 692 714 728 734 869 950 953 985 
4 10 132 158 180 211 232 266 329 429 603 632 689 747 786 800 825 840 887 896 903 905 935 958 987 
7 31 101 109 115 121 270 354 444 455 544 625 647 712 722 729 769 820 872 874 927 970 991 995 
25 85 191 231 294 362 398 479 497 506 512 522 621 654 699 701 759 824 830 845 909 915 971 
72 152 156 181 182 192 285 313 374 451 525 696 711 752 765 783 814 837 838 857 897 920 
91 120 305 321 340 456 503 528 591 595 772 782 785 791 803 842 856 876 889 898 907 925 
16 144 243 300 392 501 520 553 559 573 585 596 646 739 761 771 815 852 904 934 944 
0 63 143 330 471 477 478 494 524 592 644 674 675 686 755 846 870 964 981 994 
202 218 230 260 324 338 536 541 551 589 631 688 754 762 788 832 929 974 998 
94 187 289 301 314 360 365 382 432 457 485 493 717 779 790 805 822 844 913 
23 51 71 104 125 134 155 172 175 258 310 373 587 672 710 792 795 831 
39 124 178 235 396 409 420 465 513 533 602 624 661 740 753 780 939 
154 244 274 296 347 496 571 574 580 608 609 645 662 697 834 926 972 
11 162 251 303 682 704 723 726 758 819 823 847 858 886 901 910 986 
41 140 350 411 472 515 529 576 600 628 636 687 793 880 894 947 966 
20 74 89 153 168 308 403 446 483 550 658 684 685 724 828 938 975 
185 216 309 355 400 410 504 538 660 702 720 777 893 895 931 952 982 
54 61 265 279 291 375 532 626 630 642 676 730 774 778 949 962 
38 135 245 281 327 402 419 516 519 549 638 663 770 853 960 983 
35 87 129 271 293 312 332 413 447 653 693 748 848 877 924 993 
2 33 167 221 276 366 371 458 543 666 737 875 918 919 945 
384 387 492 495 552 598 607 665 744 787 794 808 859 948 961 
18 32 57 107 148 339 345 349 408 424 505 670 703 743 
60 106 122 179 195 247 302 304 459 588 633 657 715 990 
210 228 229 233 311 421 430 487 648 709 841 885 891 
81 146 298 435 511 651 735 767 861 936 979 997 
22 114 166 170 363 464 499 557 700 727 751 943 
110 206 295 507 575 731 809 821 827 855 928 940 
70 254 320 348 436 442 627 668 796 873 932 937 
183 184 326 361 380 448 475 698 818 826 976 
64 118 186 370 376 406 423 530 542 582 843 
161 207 306 352 412 428 535 604 612 695 760 
49 68 116 280 334 391 404 498 564 746 
131 147 171 201 213 331 388 583 641 690 
92 163 200 547 565 610 708 781 921 978 
103 112 205 358 500 649 713 868 884 992 
78 174 177 237 273 351 438 590 742 813 
15 139 290 390 490 634 677 679 836 899 
100 197 297 452 558 732 851 892 977 
52 111 199 433 489 619 766 811 954 
19 141 164 203 566 578 620 854 973 
29 42 47 73 263 336 422 526 867 
136 220 226 238 259 379 635 807 956 
346 378 417 427 453 776 816 862 902 
8 77 117 367 460 517 706 736 745 
90 189 208 341 439 445 510 756 802 
43 176 214 249 328 440 531 637 667 
99 193 204 393 561 764 773 989 
241 287 335 614 652 718 908 957 
130 219 277 381 462 639 866 955 
96 145 470 613 622 655 671 763 
36 165 239 344 476 521 797 864 
37 53 159 234 267 357 414 721 
65 75 173 250 353 537 586 606 
48 261 481 545 560 725 941 951 
17 217 236 315 425 437 881 
3 133 383 597 618 817 835 
28 66 119 190 283 319 579 
160 368 480 486 568 883 965 
113 272 284 488 570 917 933 
27 105 128 198 288 369 605 
58 88 257 502 556 707 749 
86 316 377 466 484 806 888 
34 194 215 275 278 418 656 
142 169 223 269 342 343 534 
97 317 318 356 599 616 878 
44 196 325 468 581 757 
1 56 323 333 518 812 
9 282 386 415 594 984 
21 150 469 540 912 980 
40 46 268 307 397 784 
454 463 523 572 694 849 
62 151 242 299 449 567 
6 256 264 372 395 554 
13 681 705 968 999 
69 83 322 401 829 
30 255 750 775 789 
123 212 562 617 673 
149 443 508 527 833 
441 461 584 768 810 
55 555 719 916 
385 405 863 996 
224 546 900 
865 879 
683 738 
