5 24 26 45 50 93 126 127 188 225 248 253 262 337 394 426 467 482 577 611 615 643 716 741 799 850 890 922 930 942 967 988 
12 17 58 79 84 102 108 217 240 246 411 474 509 563 569 659 664 798 801 860 871 881 906 911 914 923 946 959 963 969 
76 95 98 138 157 174 177 252 292 313 364 399 407 431 514 548 593 623 640 650 680 692 714 728 869 950 953 985 
0 63 105 143 271 330 369 471 477 478 494 524 537 592 606 644 674 675 686 687 755 846 870 964 981 994 
4 10 75 132 158 180 211 264 266 329 395 429 603 632 689 747 786 800 840 887 896 903 905 935 958 987 
11 162 165 167 251 257 303 359 405 458 666 682 704 726 758 819 823 847 858 875 886 901 910 918 919 986 
39 124 178 186 235 390 396 409 415 420 423 465 513 533 594 602 624 661 679 740 753 780 836 843 939 
25 65 85 113 191 231 294 362 398 479 497 506 512 522 621 654 699 701 759 824 830 845 909 915 971 
7 31 101 109 115 121 270 354 435 444 455 544 625 647 712 722 729 769 820 872 874 927 970 991 995 
88 144 238 243 259 300 392 501 520 553 556 559 573 585 646 739 761 771 807 815 852 904 934 944 956 
15 60 72 139 152 156 181 182 232 285 374 451 525 696 752 765 783 814 837 838 857 897 920 
38 130 135 219 245 281 327 402 419 425 462 516 519 549 638 663 770 810 853 955 960 983 
59 67 80 82 137 209 222 227 286 416 434 505 539 601 629 669 691 733 804 839 882 
160 164 298 393 511 526 617 651 655 671 678 707 767 861 883 936 951 965 973 979 997 
54 61 279 291 334 375 391 498 532 534 630 642 676 725 730 746 774 778 941 949 962 
44 202 218 230 260 324 325 338 536 541 551 589 631 688 754 762 788 832 929 974 998 
91 305 340 456 473 503 528 591 595 772 782 785 791 803 842 856 876 889 898 907 925 
23 51 71 104 125 134 155 172 175 241 258 310 373 540 587 672 710 792 795 831 
14 96 145 206 265 287 335 389 507 575 613 626 763 789 809 821 827 855 928 940 
32 185 216 236 309 355 400 410 504 538 660 702 720 777 893 895 899 931 952 982 
94 187 289 301 314 360 365 382 432 457 485 493 717 734 779 790 805 822 844 913 
41 140 169 223 269 343 350 472 515 529 600 628 636 745 793 880 894 947 966 
207 384 387 428 492 495 552 598 607 656 665 711 744 787 794 808 859 948 961 
2 33 97 123 221 315 347 358 437 500 562 616 667 708 781 865 878 908 
154 244 274 296 378 453 496 508 574 608 609 645 662 697 834 926 972 
9 120 195 302 386 459 475 554 588 633 698 703 826 885 976 984 
22 30 114 116 166 255 276 371 404 499 527 637 700 751 775 943 
47 87 129 171 293 332 336 422 622 641 737 742 748 877 924 993 
8 100 197 297 353 452 517 542 558 586 732 851 892 977 
19 20 141 153 168 203 403 578 658 684 724 825 854 975 
70 254 320 348 424 436 442 627 668 796 863 873 932 937 
103 112 205 242 344 366 470 555 596 797 864 868 884 992 
29 52 73 111 199 280 433 489 564 619 766 811 954 
74 89 308 417 446 550 685 776 816 828 867 902 938 
1 48 56 92 163 200 545 547 565 610 652 921 978 
69 83 161 306 322 352 401 412 490 535 612 695 760 
142 275 278 323 333 342 368 480 486 518 568 945 
49 68 106 122 179 583 657 677 715 731 917 933 
99 189 193 204 208 321 561 580 764 773 989 
18 81 107 146 148 345 349 408 670 743 957 
35 43 210 247 249 304 447 648 653 848 990 
62 131 147 151 299 385 449 543 567 735 996 
3 133 273 277 381 438 604 618 718 812 866 
176 214 256 440 454 523 570 693 694 879 
228 229 233 311 421 430 487 709 841 891 
21 78 150 237 469 571 833 912 980 
149 173 250 351 443 450 491 502 590 
463 566 572 576 620 649 690 713 849 
34 42 194 215 263 418 916 999 
13 317 441 461 599 681 705 968 
28 66 119 190 283 319 560 579 
40 46 261 268 307 397 481 784 
64 290 367 476 530 634 706 829 
110 224 295 363 464 546 738 900 
57 196 212 339 468 483 581 673 
36 239 328 510 521 531 757 802 
201 213 312 331 388 413 683 
90 118 341 370 439 445 582 
37 53 159 234 267 357 414 
170 377 466 557 806 818 
55 326 721 727 749 813 
6 183 184 192 372 380 
27 128 198 288 361 448 
272 284 488 584 768 
16 383 597 756 817 
282 346 427 750 862 
136 220 226 379 635 
77 117 460 723 736 
318 356 605 614 639 
376 406 719 835 
86 316 484 888 
