66 94 123 179 209 244 294 323 324 368 452 558 565 584 591 631 693 724 738 870 914 977 995 
44 183 234 248 282 321 425 447 455 477 510 520 521 653 700 720 790 797 828 842 897 923 934 
9 112 127 156 188 215 225 265 462 464 484 514 516 570 594 681 749 882 898 915 925 946 981 
60 107 191 193 211 301 346 506 532 547 610 627 636 666 669 740 771 774 802 810 818 885 927 
80 128 175 275 351 361 434 449 467 489 550 596 612 641 657 730 732 788 794 867 937 941 964 
38 45 260 292 297 319 517 549 590 603 615 645 678 699 815 845 850 856 857 900 935 951 971 
35 62 100 166 258 283 314 316 326 329 428 470 485 494 500 614 684 707 741 758 880 886 917 
61 103 114 259 402 408 468 513 528 533 546 598 646 673 717 806 809 821 823 830 874 922 982 
15 134 200 203 236 243 269 300 306 331 482 519 538 581 619 639 711 713 875 911 942 989 
69 201 207 218 246 385 438 439 446 502 508 540 608 667 719 805 832 848 894 963 991 
4 20 57 119 210 255 373 424 556 618 660 697 714 752 784 811 876 896 924 958 984 
31 33 77 86 108 206 310 340 395 530 572 606 617 651 662 704 705 840 849 936 970 
96 142 165 253 264 309 335 347 497 548 579 621 638 643 723 863 908 928 943 962 
7 58 160 187 190 208 367 429 480 492 512 586 675 691 744 772 858 906 933 968 
118 158 296 456 564 672 698 708 757 762 798 820 829 839 866 904 919 947 952 996 
3 32 55 110 151 227 241 267 389 394 635 671 725 727 756 777 837 853 929 
67 143 186 195 299 343 372 411 575 582 680 696 703 742 782 881 973 986 990 
73 87 157 281 315 493 495 534 567 578 647 709 746 765 789 827 878 931 976 
37 65 109 111 121 150 197 242 312 443 676 710 748 779 801 836 865 872 945 
138 149 219 230 249 252 268 295 313 388 437 463 588 652 690 759 785 910 918 
5 8 49 99 224 257 288 353 407 459 539 587 595 670 747 895 939 965 
76 133 222 256 263 376 410 414 544 585 640 781 799 822 834 887 907 953 
12 25 531 541 553 722 767 768 803 804 814 852 890 909 961 975 983 
287 391 399 442 450 453 589 593 623 679 755 812 824 844 864 903 932 
21 36 146 336 400 413 491 511 576 602 687 692 843 879 948 974 
24 126 199 238 298 322 356 543 571 632 664 841 901 930 969 993 
53 216 355 381 445 451 457 509 568 597 656 763 773 807 859 
28 90 370 624 677 743 831 851 884 893 913 938 966 998 
23 167 325 354 379 382 386 415 419 430 580 616 868 957 
29 117 212 245 378 526 665 739 766 793 862 869 871 949 
16 34 91 192 348 349 352 371 412 605 642 761 796 835 
14 18 141 181 432 472 527 701 712 751 860 861 980 
68 204 223 254 360 505 599 622 630 644 826 926 954 
102 333 397 426 431 466 487 488 525 609 658 978 979 
137 169 170 318 341 471 498 499 545 628 629 889 902 
139 154 307 308 433 625 637 649 650 706 733 800 819 
11 41 47 185 261 496 559 611 654 716 745 847 883 
98 182 233 334 338 342 551 683 817 833 905 959 
26 39 79 135 266 279 290 359 674 694 731 754 
78 262 418 501 507 560 561 600 655 786 985 
50 136 221 365 406 409 421 473 583 735 888 
22 59 168 205 231 481 613 726 783 808 855 
81 305 364 552 721 750 770 775 846 950 
63 64 202 274 436 475 729 769 892 899 
145 163 178 214 328 358 423 523 795 816 
10 101 240 374 398 535 557 566 921 960 
27 51 72 152 161 235 344 685 997 
48 120 125 144 277 302 332 401 529 
17 174 272 440 448 737 891 916 
0 83 362 384 563 573 944 972 
92 228 239 392 522 791 792 940 
46 54 311 357 377 417 688 715 
1 70 82 196 280 854 967 
104 177 213 734 825 992 994 
140 180 404 458 659 877 999 
40 148 162 375 474 537 554 
172 189 286 350 454 634 987 
43 85 153 226 427 435 486 
89 97 129 303 366 416 668 
106 270 330 405 461 682 728 
95 184 339 390 444 536 778 
131 198 220 345 620 648 813 
2 116 273 278 524 955 
6 52 71 105 250 317 
84 176 383 592 776 956 
13 194 626 633 718 736 
93 115 237 469 661 988 
122 171 251 327 396 689 
30 74 173 304 403 574 
276 380 387 476 490 562 
75 369 422 764 780 
113 124 320 695 912 
132 155 232 393 460 
130 159 465 478 604 
147 164 284 285 503 
229 247 271 291 337 
56 542 686 838 
19 420 753 920 
217 363 479 702 
293 441 483 577 
88 787 873 
42 515 607 
289 504 518 
555 569 760 
601 663 
