35 41 101 110 151 152 165 198 252 274 281 287 292 339 350 372 382 393 404 424 450 465 515 555 617 639 664 667 731 733 812 824 865 912 917 939 979 980 
27 32 45 61 70 108 141 160 190 203 229 269 272 285 303 323 355 368 369 390 395 415 431 478 497 505 574 612 633 683 713 780 820 872 873 977 988 
2 6 31 79 98 118 119 131 138 179 185 187 205 206 217 230 240 262 288 345 351 377 385 428 436 491 492 568 611 696 707 816 894 902 904 941 978 
22 37 49 55 67 134 168 183 200 210 219 233 235 275 314 344 349 358 398 400 401 430 509 581 590 649 686 729 736 778 787 819 834 846 899 925 929 
40 52 68 164 172 173 175 250 270 277 321 360 379 407 409 440 461 527 549 561 572 576 580 604 651 659 665 712 730 742 766 772 818 827 858 889 964 
21 23 104 106 158 216 258 297 301 341 381 410 416 464 480 511 545 548 573 620 632 652 695 745 759 764 775 800 814 843 857 892 903 908 914 975 981 
25 48 62 89 195 207 234 338 363 378 429 433 437 463 469 490 494 536 544 550 640 660 710 715 724 740 753 790 794 833 838 852 966 987 996 
18 46 69 74 76 100 109 129 149 298 302 319 326 329 332 452 453 462 481 537 562 565 615 638 688 689 743 749 769 791 861 870 926 927 935 
63 65 115 116 122 155 166 213 227 232 236 241 299 311 340 356 408 489 533 543 579 598 626 635 680 682 703 711 718 727 875 920 967 970 972 
1 72 192 197 215 247 295 343 364 374 411 419 474 493 495 529 559 600 601 624 647 676 687 694 714 750 795 823 832 878 887 915 951 990 
30 64 133 193 199 271 286 312 337 366 367 386 388 396 476 514 540 560 593 602 616 681 708 725 747 752 767 817 826 867 876 924 934 995 
29 77 78 84 111 142 144 148 171 189 226 237 439 444 451 500 503 510 512 551 587 591 618 656 692 776 797 822 851 905 911 923 945 992 
36 53 95 117 127 159 176 177 218 265 294 373 425 443 539 557 596 609 634 642 672 701 702 720 774 782 806 810 821 840 942 954 962 963 
14 15 39 66 88 99 105 121 124 128 136 150 167 201 228 245 289 331 333 362 417 427 459 475 523 671 677 709 756 829 831 854 880 958 
3 12 50 59 82 113 255 259 260 283 293 300 324 402 558 571 608 619 630 668 679 699 739 746 864 890 895 932 936 944 948 989 993 
5 43 71 87 278 282 284 336 342 383 467 472 498 528 585 605 636 643 650 674 722 741 768 784 788 802 825 879 937 968 971 982 994 
243 248 267 334 346 384 421 426 441 466 482 499 507 519 534 613 653 678 684 693 798 804 841 848 855 940 956 965 974 984 998 
8 10 120 244 322 328 354 446 521 541 606 625 658 662 663 704 719 758 796 815 828 850 862 869 896 931 943 947 950 973 
16 26 58 85 86 93 96 157 273 313 327 359 414 485 506 516 531 597 599 669 691 728 792 803 859 871 898 952 969 983 
24 51 178 208 220 221 296 307 309 317 365 406 422 445 471 535 592 627 637 654 726 751 777 835 856 881 891 955 976 
34 60 75 154 170 180 242 256 291 305 318 391 399 434 455 487 496 502 546 563 564 603 761 762 910 960 961 986 991 
33 112 182 191 253 254 264 371 392 460 513 525 567 569 584 628 644 655 698 717 723 735 754 807 808 844 874 957 
7 19 38 42 132 140 147 276 306 315 375 403 447 570 614 666 673 737 760 799 801 811 863 868 886 900 959 
20 94 156 181 222 308 330 357 380 387 470 477 484 508 517 582 631 700 732 755 793 884 897 922 928 953 
194 209 212 231 348 457 458 486 488 501 538 553 556 578 607 610 641 670 705 789 837 847 877 882 901 949 
0 17 47 97 102 126 163 186 211 224 352 370 423 454 518 520 532 697 721 744 748 779 809 933 
9 13 44 91 139 174 249 316 320 361 405 448 473 554 622 657 661 685 765 770 786 853 888 
57 81 92 169 238 246 261 263 389 397 442 552 586 589 648 675 716 738 783 813 913 985 
80 107 114 130 143 251 268 290 413 524 530 566 577 629 706 773 883 893 916 919 930 946 
4 54 137 145 153 214 310 335 394 412 438 456 468 542 547 595 621 771 781 830 849 918 
11 125 146 304 418 420 449 522 526 785 805 839 845 866 909 921 
56 280 325 353 479 623 646 690 860 
90 161 184 196 239 906 
83 162 188 347 594 
103 123 483 734 763 
28 202 645 997 
135 225 575 842 
223 257 376 588 
204 583 938 
435 757 907 
73 836 
504 885 
279 999 
266 432 
