3 27 77 157 169 182 212 338 341 356 432 479 497 573 584 659 670 703 772 793 807 859 885 897 980 996 
9 32 40 52 99 106 136 160 205 234 293 339 350 369 371 392 519 593 603 663 818 865 874 878 883 977 
54 83 194 401 414 443 541 547 561 591 613 655 662 686 701 724 788 817 852 866 868 929 968 981 
57 222 230 256 298 361 381 391 462 493 496 592 598 630 633 700 723 763 796 815 884 921 934 960 
14 45 47 65 72 114 255 276 362 373 397 422 440 459 468 485 620 621 669 888 896 919 936 
33 61 68 78 85 155 185 187 289 316 426 471 582 636 730 751 783 851 876 880 881 943 988 
41 91 124 128 258 354 359 418 442 484 500 509 517 535 538 608 797 858 899 913 925 939 
67 70 183 190 257 263 301 324 334 461 494 516 524 625 827 847 923 946 950 956 973 986 
21 116 144 167 249 348 349 385 406 421 436 551 563 577 628 672 747 761 867 935 983 
15 110 275 332 344 366 376 433 548 569 597 689 735 755 770 886 894 914 955 987 992 
51 59 80 89 150 282 419 427 568 571 599 605 631 690 764 799 824 842 853 972 
11 133 162 281 336 377 504 511 635 725 746 765 782 790 808 850 893 931 952 953 
16 18 30 74 82 98 171 231 243 265 312 469 491 545 581 586 774 917 930 
24 112 148 216 239 331 416 425 457 482 614 624 637 739 792 810 835 924 938 
108 251 320 333 389 390 473 522 554 565 588 589 590 641 892 895 898 912 940 
197 211 237 304 313 346 398 451 529 555 562 667 819 870 905 906 926 
12 135 372 415 453 495 499 536 606 646 677 713 801 803 875 941 
153 181 386 393 431 455 475 487 502 512 559 609 795 822 949 
104 172 233 267 405 408 430 489 556 679 731 863 900 932 958 
84 163 188 213 297 351 642 650 693 702 736 753 831 862 922 
176 452 533 537 660 695 707 716 834 860 869 915 974 994 
62 73 79 221 340 412 439 527 653 706 748 825 933 976 
7 173 246 342 486 521 697 785 804 836 967 970 984 
29 125 264 518 632 634 676 720 757 805 840 854 945 
66 126 141 151 191 254 715 768 794 811 841 907 944 
0 39 168 447 488 505 594 674 688 691 740 802 957 
26 75 118 130 193 273 507 557 587 773 846 908 947 
184 272 330 368 407 410 444 553 657 766 771 962 
95 170 179 189 209 224 438 480 726 828 951 
192 288 367 437 601 611 644 780 787 809 948 
111 206 328 363 523 604 668 762 777 901 965 
10 35 42 96 177 411 648 710 718 760 916 
28 63 105 252 337 399 526 750 877 890 993 
4 20 25 149 299 329 456 464 728 778 838 
60 69 180 250 285 394 483 508 612 714 
31 214 244 266 315 404 558 756 829 963 
94 101 147 199 323 501 532 572 619 692 
48 81 109 115 145 154 203 247 542 833 
378 379 445 570 607 678 741 754 849 873 
53 142 196 215 327 345 434 681 682 816 
8 13 58 229 396 564 814 856 999 
140 186 219 306 428 477 534 708 864 
50 93 417 579 694 704 722 820 826 
76 242 253 291 292 360 649 937 995 
36 201 481 560 733 752 832 954 989 
458 515 539 595 602 622 645 666 745 
166 204 374 383 413 429 743 887 
146 175 303 467 549 671 683 727 
161 202 322 474 492 576 616 928 
86 241 403 566 647 734 964 971 
100 295 309 448 513 812 823 902 
55 71 107 382 744 821 844 889 
123 152 195 472 617 845 927 966 
49 64 226 395 449 476 544 596 
1 90 131 279 364 466 758 
615 664 719 737 749 872 991 
5 132 200 302 652 800 990 
550 654 675 684 738 942 998 
143 310 665 742 798 879 959 
38 138 325 454 460 618 759 
259 283 347 355 463 465 871 
129 208 235 380 384 687 975 
139 274 435 478 857 891 978 
88 103 236 531 638 658 784 
308 352 370 510 837 910 918 
37 228 343 388 528 643 721 
6 268 278 365 661 855 
17 498 506 600 623 699 
198 286 296 861 903 961 
22 158 307 503 610 627 
127 156 656 769 781 904 
87 260 335 441 712 729 
92 121 164 300 786 813 
46 56 240 353 585 651 
113 220 314 357 882 
23 134 580 767 779 
137 159 277 284 985 
165 321 490 583 982 
117 210 705 709 775 
424 552 698 969 979 
34 238 400 402 685 
122 245 261 575 673 
2 44 270 446 
97 119 287 830 
120 280 423 920 
102 294 375 732 
43 232 789 839 
225 409 711 911 
311 326 514 540 
290 640 696 717 
174 318 387 543 
227 520 639 680 
19 207 358 574 
317 319 530 806 
217 218 450 525 
262 420 567 626 
546 578 843 
223 470 909 
269 271 776 
178 305 791 
248 629 848 
997 
