43 47 74 114 121 139 230 231 245 253 294 320 356 383 399 431 433 450 452 485 519 531 553 579 584 610 686 693 719 736 793 855 863 874 910 974 
32 34 35 36 48 100 106 153 163 169 184 237 247 278 279 282 407 420 462 466 544 620 630 672 718 741 751 754 769 774 802 813 836 937 975 
75 105 109 130 164 172 251 293 298 303 347 355 402 417 468 488 526 532 574 607 621 627 658 667 745 755 773 838 861 886 918 941 951 973 990 
57 111 123 166 175 185 190 241 248 258 290 297 314 388 421 496 499 505 543 577 608 626 639 660 732 757 759 807 884 891 916 956 984 998 
110 112 162 187 191 206 325 376 391 396 401 428 451 523 558 566 576 594 596 616 645 704 717 742 765 839 866 883 895 897 909 921 961 980 
24 65 91 135 180 188 211 270 271 345 352 358 365 369 408 464 470 545 552 568 601 624 654 675 707 724 728 777 786 834 911 926 995 
4 14 78 126 154 167 207 312 324 359 362 367 377 379 392 429 500 503 527 559 636 637 731 768 804 821 832 867 879 930 947 965 968 
25 33 221 226 296 328 353 368 386 387 432 459 471 492 493 564 581 590 629 632 638 738 772 798 826 856 906 917 929 944 987 996 
31 68 102 108 155 233 246 277 322 326 342 371 380 495 512 525 537 569 649 652 659 670 671 701 709 781 783 792 805 846 915 935 
49 51 67 93 104 134 224 225 305 311 330 350 410 426 506 530 557 562 605 633 655 669 699 712 817 818 820 829 860 887 967 979 
28 29 58 82 89 149 150 165 171 260 272 283 329 344 351 461 477 498 508 528 546 578 602 635 762 770 771 794 796 859 954 964 
62 64 96 97 125 216 235 239 289 415 436 480 494 502 509 510 534 561 589 663 673 682 746 758 827 864 907 920 922 928 966 978 
9 17 79 173 178 284 308 310 319 438 478 501 538 593 603 644 689 691 694 713 716 740 788 842 858 865 900 927 943 945 948 950 
66 83 146 147 151 252 265 269 276 285 306 349 385 440 463 483 504 536 571 575 606 646 661 702 710 747 812 852 878 949 958 
15 16 37 76 77 127 161 223 227 263 264 419 423 455 467 479 517 567 580 641 643 648 650 730 756 908 931 942 955 977 
80 86 220 267 299 348 400 411 414 437 445 446 447 457 489 565 679 735 752 767 779 790 851 857 871 877 896 936 976 982 
1 7 61 69 72 141 182 203 204 234 288 406 434 441 592 619 631 640 737 782 803 868 870 899 903 938 946 963 989 993 
20 55 63 84 94 195 338 364 373 381 422 444 458 473 482 513 582 611 664 720 721 733 749 778 845 904 952 970 972 
30 73 120 137 142 158 170 176 177 268 331 337 374 413 465 520 529 549 550 612 695 780 795 799 814 872 881 957 
27 186 214 244 274 316 354 357 370 548 623 634 708 714 727 785 825 848 892 898 905 923 932 933 939 969 983 994 
40 115 157 159 205 208 215 262 273 346 375 394 405 435 511 560 617 647 674 681 715 800 835 862 894 971 981 
0 23 59 128 129 192 201 257 333 343 403 460 539 591 613 614 618 687 690 766 784 833 837 844 888 
46 116 132 136 140 156 197 217 218 256 300 302 378 393 409 425 484 572 600 744 808 841 873 890 953 
3 5 13 52 113 160 168 181 212 242 250 327 404 454 587 625 665 692 703 764 775 801 815 819 830 
53 56 81 107 183 198 228 286 334 491 497 541 547 609 700 722 725 726 828 875 880 960 962 986 991 
45 50 131 144 152 193 313 335 469 472 507 556 563 604 615 677 723 776 791 811 889 893 914 934 959 
11 21 22 41 71 238 254 281 323 360 384 412 416 424 535 542 598 684 706 822 824 854 925 
18 232 261 266 309 318 336 340 430 481 514 554 628 668 696 705 743 753 763 789 843 850 876 
88 98 99 222 229 259 341 363 372 418 442 453 522 573 583 642 651 657 760 797 810 869 
2 143 243 287 339 476 515 521 533 540 585 676 678 683 688 761 816 840 901 919 985 
8 19 60 101 174 210 213 280 291 332 361 518 570 656 729 787 853 902 924 
12 39 119 122 275 301 389 474 524 662 711 806 809 
44 118 321 397 697 734 847 849 885 
95 390 448 456 597 622 698 748 
85 117 196 199 209 295 997 
103 124 145 202 292 685 739 
179 490 586 599 680 940 
87 148 200 516 988 
26 307 449 750 882 
38 54 219 366 666 
240 249 443 475 551 
304 395 427 831 
90 255 653 912 
6 439 999 
133 189 486 
194 317 487 
382 555 588 
10 236 
913 992 
315 823 
92 398 
138 595 
42 
70 
