59 80 82 161 286 306 352 416 428 535 539 601 604 612 629 669 691 733 760 804 839 882 
10 158 180 211 232 329 429 603 632 689 747 786 800 825 840 887 896 903 905 935 958 987 
76 95 98 252 292 364 407 514 593 623 640 650 680 692 714 728 734 869 950 953 985 
202 218 230 260 324 338 536 541 551 589 631 688 754 762 788 832 929 974 998 
23 51 71 104 125 134 155 172 175 258 310 373 587 672 710 792 795 831 
94 187 289 301 360 365 382 432 457 485 493 717 779 790 805 822 844 913 
25 85 191 231 294 362 398 497 506 512 522 621 654 759 824 830 845 915 
185 216 309 355 400 410 504 538 660 702 720 777 893 895 952 980 982 
64 66 124 178 190 235 319 409 513 530 533 661 753 780 939 
11 162 251 303 704 723 726 758 819 823 847 858 886 901 986 
41 140 179 350 394 472 515 576 636 793 833 880 894 947 966 
38 77 83 135 245 327 401 402 419 516 519 736 770 853 983 
6 138 182 192 372 374 399 525 548 696 752 765 838 920 
5 248 337 467 474 615 643 716 741 799 850 890 922 930 
4 266 279 334 375 498 532 730 746 774 778 941 949 962 
12 79 108 246 509 569 659 664 801 860 923 959 963 969 
40 143 152 156 181 268 285 391 471 478 494 675 784 964 
223 269 274 473 503 528 591 791 842 856 876 889 907 925 
50 118 186 228 311 370 376 406 423 444 542 582 843 
45 127 209 359 520 585 617 739 761 771 849 904 
257 544 712 722 729 769 820 872 874 927 970 995 
70 254 320 348 436 442 627 668 796 873 932 937 
154 244 296 347 496 571 574 609 645 834 972 
280 281 480 486 549 564 584 638 663 766 960 
106 122 195 247 302 304 459 633 657 715 990 
62 110 115 224 295 317 363 464 546 738 900 
99 193 204 321 561 580 764 773 933 989 
15 119 139 174 177 283 313 451 783 897 
206 392 507 575 785 821 852 855 928 940 
44 142 169 314 325 342 343 534 727 857 
29 47 73 171 336 422 526 641 742 924 
35 87 116 404 447 653 693 748 848 993 
8 117 264 367 395 460 517 662 706 745 
78 123 212 237 351 502 562 590 673 813 
65 261 385 397 405 481 606 626 630 642 
0 63 271 330 644 674 687 870 994 
109 111 298 433 435 511 708 861 997 
100 197 297 452 558 732 851 892 977 
19 132 141 164 203 426 578 854 973 
24 93 225 379 577 635 942 967 988 
84 240 563 798 871 906 911 914 946 
22 114 166 170 499 557 700 751 943 
32 57 339 424 649 713 743 772 863 
49 68 88 323 333 518 556 646 749 
30 72 101 113 255 272 570 775 837 
308 378 417 446 453 776 816 867 902 
163 312 411 413 565 600 628 683 789 
1 42 56 144 243 263 458 479 811 
384 387 495 598 607 744 859 948 961 
48 287 335 545 652 718 908 957 
74 89 483 550 685 828 938 954 
17 217 236 315 425 437 610 881 
13 357 441 461 599 681 705 968 
102 105 369 383 524 597 678 981 
130 219 277 381 462 639 866 955 
81 146 393 651 809 865 879 979 
145 160 368 568 671 883 936 965 
20 153 168 403 658 684 724 975 
53 90 159 267 341 414 439 445 
46 96 188 307 332 613 827 877 
229 233 421 430 487 709 841 891 
69 322 354 396 490 560 725 951 
9 60 386 588 885 976 984 
7 284 326 488 698 768 999 
33 167 366 543 875 919 945 
157 300 431 573 596 934 944 
39 273 420 438 477 592 862 
55 344 476 555 719 797 864 
91 120 239 305 521 595 803 
37 173 207 234 250 270 735 
107 148 238 259 697 807 956 
36 165 276 371 682 910 918 
103 112 205 468 553 884 992 
27 128 129 198 288 699 909 
149 443 450 491 508 527 794 
275 278 454 463 523 572 694 
43 176 214 249 440 637 667 
52 196 489 581 619 757 
2 221 346 427 666 812 
3 14 133 389 618 740 
16 75 353 537 586 817 
201 213 331 388 583 690 
253 265 361 448 781 826 
262 482 656 665 731 829 
455 456 605 721 868 996 
210 256 554 648 767 814 
290 390 634 677 679 899 
328 531 566 620 703 802 
131 147 686 755 756 878 
21 150 469 540 912 
31 121 647 810 991 
34 194 215 418 916 
18 345 501 815 971 
183 184 380 475 898 
126 412 529 611 695 
54 291 465 602 676 
282 415 559 594 750 
92 200 547 921 978 
58 299 449 707 926 
67 137 222 227 434 
151 242 567 931 
189 208 510 818 
86 316 484 888 
97 358 500 616 
199 492 552 701 
349 408 505 670 
622 711 763 808 
136 220 226 846 
241 318 356 614 
61 470 624 655 
28 579 608 625 
293 737 836 
377 466 806 
26 787 835 
340 782 917 
