19 26 32 45 97 98 158 184 253 290 302 371 390 400 425 480 494 542 561 608 625 651 691 727 745 746 748 752 770 781 860 926 953 
7 43 72 85 86 115 128 205 257 264 352 384 418 430 454 490 491 537 553 568 618 642 726 761 802 807 829 830 893 934 
24 69 176 255 258 324 330 332 334 368 380 381 383 387 413 452 564 575 576 628 675 724 738 798 880 892 931 943 987 992 
5 9 18 55 58 75 127 150 203 234 266 281 288 292 367 393 421 475 520 547 584 710 725 765 772 936 944 960 961 
12 15 23 101 124 179 261 291 298 315 391 420 450 502 505 549 556 559 595 678 796 839 941 962 963 985 989 
66 112 140 153 160 167 279 283 286 326 395 484 522 541 544 550 558 586 650 702 708 711 775 810 850 904 910 
91 121 151 182 223 227 272 345 408 439 458 477 487 496 525 551 577 609 669 697 704 846 881 927 948 
4 30 34 109 133 163 191 193 213 263 289 463 512 566 692 706 715 734 753 790 871 925 952 957 973 
71 76 78 110 125 148 312 401 427 459 468 598 668 677 690 716 791 809 838 865 868 870 897 969 981 
147 157 164 230 275 375 392 409 416 438 501 596 614 647 652 670 676 755 805 879 902 949 958 980 996 
113 126 129 138 233 249 308 319 335 342 433 486 534 540 605 610 621 656 660 682 684 728 785 896 
22 50 107 114 170 209 245 318 399 528 529 555 569 571 607 672 674 695 737 764 912 937 954 983 
20 31 37 84 218 260 379 386 424 467 469 507 533 593 626 703 719 731 792 852 883 921 984 
47 82 88 106 149 166 174 186 187 215 251 347 412 565 657 741 763 808 845 882 888 929 940 
2 27 87 200 207 242 299 307 346 417 448 473 513 517 663 723 760 801 844 919 920 
35 247 328 350 422 518 523 589 597 602 604 617 638 683 718 797 854 861 956 965 998 
60 92 134 156 211 219 224 228 304 317 404 419 435 516 532 554 696 754 803 834 
44 202 206 267 271 322 353 437 455 535 543 546 620 623 662 705 780 843 848 911 
6 56 90 246 270 297 398 410 444 583 591 592 653 665 667 689 776 828 955 
48 139 225 280 376 389 402 526 627 743 757 862 875 899 900 909 959 977 
41 95 103 130 235 354 407 456 489 567 612 735 744 795 827 849 942 945 
145 165 356 441 464 472 479 548 563 615 630 644 707 866 889 917 928 974 
70 143 152 229 531 646 686 749 768 777 786 794 822 877 886 903 939 988 
21 46 59 119 204 362 426 428 453 462 471 572 606 688 751 966 978 995 
8 189 357 370 394 442 519 648 654 721 789 818 840 863 898 913 993 
142 183 396 470 573 581 611 700 788 806 821 872 891 918 935 976 
38 42 57 62 83 226 405 446 451 603 622 639 685 773 908 
40 79 306 341 403 449 508 515 687 811 814 864 887 938 
14 36 301 465 481 483 511 570 600 804 812 831 914 915 
65 146 175 241 344 358 461 634 694 813 816 924 933 946 
80 214 331 351 527 631 655 714 722 820 874 923 979 
144 300 443 457 539 613 699 759 766 784 793 855 994 
77 195 198 243 274 338 373 478 521 666 758 857 922 
89 262 497 585 601 632 633 671 787 826 932 971 
105 276 339 378 590 594 664 720 817 964 
17 73 282 485 495 538 680 750 779 894 
94 111 116 199 406 509 698 762 836 916 
28 136 155 172 192 236 321 637 729 824 
49 68 74 231 305 397 510 536 649 842 
135 208 588 636 659 661 709 837 851 930 
54 154 185 252 562 587 823 825 907 
232 431 499 557 742 783 800 878 950 
108 181 313 530 574 643 717 832 975 
16 64 137 190 217 348 701 782 
222 359 361 411 514 524 693 895 
3 52 168 273 336 815 819 
210 296 337 349 835 947 951 
67 169 212 493 545 756 876 
194 360 372 498 578 967 991 
1 11 221 293 316 635 997 
99 365 388 504 739 778 970 
53 131 201 256 355 624 740 
117 259 314 506 769 774 799 
132 447 466 488 869 968 
100 171 311 619 747 856 
61 238 239 369 847 999 
10 327 343 560 616 679 
13 39 177 474 645 833 
366 440 552 713 873 982 
102 173 240 374 476 599 
0 81 96 250 771 
51 268 436 629 681 
161 265 310 432 482 
320 329 382 732 841 
277 309 579 853 859 
33 414 423 640 712 
104 415 500 767 905 
178 216 323 580 730 
123 180 269 278 641 
25 248 294 325 582 
29 159 254 673 
333 460 901 986 
93 303 363 658 
285 377 736 867 
162 197 284 906 
287 295 429 503 
196 385 890 
237 364 972 
188 220 885 
118 141 990 
63 733 884 
120 434 492 
122 340 445 
244 858 
