60 107 147 164 191 193 211 301 346 506 532 547 610 627 636 666 669 740 771 774 802 810 818 885 927 
80 128 175 275 351 361 434 449 467 489 550 596 612 641 657 730 732 769 788 794 867 937 941 964 
66 94 123 179 209 244 294 323 324 368 452 558 565 584 591 631 693 724 738 870 914 977 995 
9 112 127 156 188 215 225 265 462 464 484 514 516 570 594 681 749 882 898 915 925 946 981 
38 45 260 292 297 319 517 549 590 603 615 645 678 699 815 845 850 856 857 900 935 951 971 
35 62 100 166 258 283 314 316 326 329 428 470 485 494 500 614 684 707 741 758 880 886 917 
61 103 114 259 402 408 468 513 528 533 546 598 646 673 717 806 809 821 823 830 874 922 982 
98 118 144 158 182 296 456 564 672 698 708 757 762 798 820 829 839 866 904 919 947 952 996 
37 65 109 121 150 197 242 312 362 384 401 443 676 710 748 779 801 836 865 872 944 945 972 
15 134 200 203 236 243 269 300 306 331 482 519 538 581 619 639 711 713 875 911 942 989 
69 201 218 246 383 385 438 439 446 502 508 540 608 667 719 805 832 848 894 963 991 
31 33 77 86 108 206 310 340 395 530 572 606 617 651 662 704 705 840 849 936 970 
16 34 88 91 348 349 371 412 496 559 605 642 654 716 745 761 787 796 835 847 883 
44 106 183 234 282 321 447 477 510 520 521 653 685 700 797 828 842 897 923 934 
96 142 165 253 264 309 335 347 497 548 579 621 638 643 723 863 908 928 943 962 
7 58 160 187 190 208 367 429 480 492 512 586 675 691 744 772 858 906 933 968 
3 32 55 110 151 227 241 267 389 394 635 671 725 727 756 777 837 853 929 
177 213 270 370 677 682 734 743 825 831 851 884 893 913 938 966 992 994 998 
4 20 119 210 373 424 556 618 660 697 714 752 784 811 876 896 924 958 984 
5 8 49 99 224 257 288 353 407 459 539 587 595 626 670 747 895 939 965 
67 143 186 195 299 343 372 411 575 582 680 696 703 742 782 881 973 986 990 
138 149 219 230 249 252 268 295 313 388 437 463 588 652 690 759 785 910 918 
21 36 146 248 281 336 400 413 491 511 576 602 687 692 843 879 948 974 
12 25 194 531 541 553 722 767 768 803 804 814 852 890 909 961 975 983 
73 87 157 315 493 495 534 567 578 647 709 746 765 789 827 878 931 976 
24 126 199 238 298 322 356 405 543 571 632 664 841 901 930 969 993 
287 391 399 442 450 453 589 593 623 679 755 812 824 844 864 903 932 
92 167 228 239 308 325 387 392 490 522 649 791 792 868 940 957 
76 133 256 263 410 414 544 585 640 781 799 822 834 887 907 953 
137 169 170 318 341 471 498 499 545 628 629 773 859 889 902 
14 18 141 181 235 432 472 527 701 712 751 860 861 980 
29 117 136 207 378 406 526 665 739 766 862 869 871 949 
2 17 116 174 272 273 278 440 448 524 737 891 916 
102 333 397 426 431 466 487 488 525 609 658 978 979 
48 111 332 354 379 382 386 415 419 457 580 597 616 
68 173 223 254 304 574 599 622 644 795 826 954 
0 27 28 51 72 83 90 152 161 344 624 997 
11 89 97 129 130 159 303 366 416 604 611 668 
30 74 104 140 180 403 404 458 659 877 999 
233 334 338 342 551 683 817 833 838 905 959 
78 262 418 501 507 560 561 600 655 786 985 
212 245 365 409 421 473 583 702 735 793 888 
81 305 364 536 552 721 750 770 775 846 950 
46 172 189 286 311 350 377 454 634 688 987 
10 101 240 374 398 535 557 563 566 921 960 
23 57 255 345 430 509 568 620 648 726 
26 39 79 135 279 359 674 694 731 754 
95 178 328 444 505 630 715 778 926 
198 220 330 363 422 461 479 728 764 
53 113 124 204 320 360 381 695 912 
84 176 266 290 592 763 776 807 956 
52 105 132 148 162 375 460 474 537 
6 42 71 250 317 515 607 790 
22 168 205 289 504 518 613 783 
54 192 352 357 417 423 523 816 
154 307 393 433 650 733 800 819 
1 70 82 196 280 854 967 
13 155 216 232 355 445 633 
64 274 436 475 729 892 899 
19 41 222 261 376 420 753 
85 145 153 163 214 226 358 
43 284 285 427 435 486 503 
59 63 202 231 481 573 
93 115 237 469 661 988 
122 171 251 327 396 689 
217 425 455 720 955 
40 47 185 554 920 
120 125 277 302 529 
229 247 271 291 337 
451 465 478 656 
184 339 390 873 
139 625 637 706 
131 808 813 855 
276 380 476 562 
293 441 483 577 
75 369 780 
56 542 686 
555 569 760 
718 736 
50 221 
601 663 
