27 32 45 61 70 108 141 160 190 203 229 269 272 285 303 323 355 368 369 390 395 415 431 478 497 505 574 612 633 683 713 780 820 872 873 977 
36 53 95 127 159 176 177 218 265 294 373 425 443 539 557 596 609 634 646 672 701 702 720 774 782 806 810 821 840 942 954 962 963 
18 46 69 74 76 109 129 149 298 319 326 329 332 452 453 462 481 537 562 565 615 638 688 689 743 749 769 791 861 870 926 927 935 
2 6 98 118 119 131 138 179 185 205 206 217 230 262 288 345 351 377 385 428 491 492 568 611 696 707 894 902 904 941 978 
1 192 215 247 295 343 364 374 411 419 474 495 529 559 600 601 624 676 687 694 714 750 795 823 832 878 887 915 951 990 
30 64 133 286 312 337 366 367 388 396 476 514 540 560 593 602 616 681 708 725 747 752 767 816 817 867 876 924 934 995 
14 39 66 121 124 128 136 150 167 201 228 245 289 331 333 362 417 427 459 475 523 671 677 709 756 829 831 854 880 958 
3 50 82 113 255 259 260 283 293 300 324 402 558 571 608 619 668 679 699 739 746 864 890 932 936 944 948 989 993 
16 26 58 85 93 96 157 273 313 327 359 414 485 506 516 531 597 599 669 691 728 792 803 859 871 898 952 969 983 
34 60 75 154 170 180 242 256 291 305 318 399 434 455 487 496 502 546 563 564 603 761 762 910 960 961 986 991 
243 248 267 334 346 384 421 426 482 499 507 519 534 613 653 678 684 693 798 804 841 855 940 956 965 974 984 998 
9 13 44 49 67 79 139 174 240 249 316 320 321 361 405 448 473 554 622 657 661 685 765 770 786 853 888 
24 178 220 221 236 296 307 317 365 406 422 445 471 535 592 627 637 654 726 751 777 835 856 881 891 955 976 
22 55 134 135 183 200 219 225 235 306 314 344 349 358 398 401 430 590 686 729 736 778 787 819 899 925 929 
77 84 111 144 171 189 226 237 439 451 500 503 510 551 587 591 618 656 692 776 797 822 851 905 911 923 945 
21 104 106 158 381 410 416 480 511 545 573 620 652 695 745 764 775 800 814 843 857 892 903 908 914 975 981 
40 52 68 164 175 250 277 360 379 407 409 461 527 549 561 572 580 604 651 742 766 772 818 858 889 964 
182 191 253 254 264 371 392 460 513 525 567 569 584 628 644 655 698 717 723 735 754 807 808 844 874 957 
20 94 156 181 222 308 330 357 387 470 477 484 508 517 582 631 700 732 755 793 884 897 922 928 953 
7 19 38 42 132 140 147 276 315 403 447 570 614 666 673 737 760 799 801 811 863 868 886 900 959 
41 194 199 231 348 457 458 486 488 501 538 553 556 607 610 641 670 705 789 837 847 877 882 901 949 
0 17 47 97 102 126 163 186 211 224 352 370 423 454 518 520 532 697 721 744 748 779 809 933 
15 57 81 92 99 169 238 246 261 263 389 397 442 552 586 589 648 675 716 738 783 813 913 985 
4 54 137 145 153 214 310 335 375 394 412 438 456 468 542 547 595 621 771 781 830 849 918 
110 151 165 281 339 382 404 424 450 509 515 555 617 639 664 667 733 812 865 939 979 980 
184 196 278 336 342 585 605 636 643 674 722 768 784 788 802 825 879 937 968 971 982 994 
107 114 130 143 251 268 290 413 524 530 566 577 629 706 773 846 883 893 916 919 930 946 
25 89 195 207 309 338 378 429 544 550 640 660 710 724 740 753 794 838 852 987 996 
91 244 322 328 354 446 521 541 606 662 758 796 815 828 862 869 896 931 943 950 
63 87 116 155 223 227 232 241 299 311 376 489 588 598 635 875 967 970 
125 146 304 380 418 420 449 522 526 785 805 839 845 866 909 920 921 
8 28 162 202 204 252 363 437 463 469 490 536 645 790 966 
10 356 383 625 658 663 704 719 850 947 973 988 
172 270 347 353 440 576 623 665 712 827 860 
12 23 59 73 209 212 341 578 759 836 
56 213 280 325 340 579 626 718 842 972 
11 37 210 275 400 581 649 834 885 
33 101 152 198 274 287 465 731 912 
62 88 105 166 533 659 711 727 
5 83 112 173 188 528 594 
122 391 435 543 703 741 757 
433 472 494 715 833 938 
90 117 161 239 504 906 
80 142 302 493 512 647 
43 72 197 464 498 650 
48 120 234 630 992 
216 258 297 301 632 
51 168 208 575 907 
100 193 271 386 826 
284 350 393 690 917 
29 78 148 279 444 
65 115 257 441 479 
123 372 483 734 824 
31 187 292 436 
35 233 466 548 
103 763 895 
282 583 642 
86 408 680 
71 467 730 
266 432 
682 848 
997 
999 
