2 10 22 64 68 95 101 145 168 204 214 223 240 254 328 358 360 374 398 420 505 523 535 557 563 566 574 613 622 630 644 668 760 795 816 826 921 926 954 960 
0 37 63 65 83 85 109 111 121 150 153 197 202 226 242 312 362 380 384 401 443 476 573 676 710 748 779 801 836 865 872 944 945 972 
5 8 49 78 99 224 257 262 288 353 407 418 459 501 507 539 560 561 587 595 600 604 626 655 670 747 764 786 895 939 965 985 
53 92 113 124 228 239 285 308 320 325 354 379 382 386 387 392 415 419 430 457 486 522 580 616 695 791 792 811 868 912 940 957 
11 16 24 34 88 91 126 164 181 303 348 349 352 371 412 433 496 503 559 605 642 654 702 716 745 761 787 796 835 847 873 883 
104 140 177 180 213 270 370 403 404 458 518 537 659 677 734 736 743 778 825 831 851 877 884 893 913 938 966 992 994 998 999 
6 44 56 71 183 234 248 250 282 317 321 425 447 455 477 510 520 521 599 653 685 700 720 790 797 828 842 897 923 934 
40 48 66 123 132 179 209 244 294 323 324 330 332 368 452 461 554 558 565 584 591 631 693 724 738 870 914 977 995 
43 102 235 333 344 359 397 426 427 431 435 466 472 487 488 525 527 607 609 658 701 712 751 860 861 978 979 980 997 
137 155 169 170 216 232 318 341 355 381 445 451 471 498 499 509 545 597 628 629 633 656 763 773 807 859 889 902 956 
9 112 114 127 156 188 215 217 225 265 462 464 484 513 514 516 536 570 594 681 749 882 898 915 920 925 946 981 
23 59 172 231 274 289 305 422 436 475 481 552 568 620 648 721 726 729 750 770 775 783 808 813 855 892 899 950 
29 117 136 161 207 212 245 365 378 406 409 421 473 526 583 665 694 735 739 753 766 793 819 862 869 871 888 949 
4 20 52 57 105 119 210 255 284 345 373 424 460 556 618 660 697 714 752 780 784 876 881 896 924 958 984 
14 60 107 141 147 191 193 211 301 346 506 532 547 610 627 636 666 669 740 771 774 802 810 818 885 927 
41 61 103 222 259 261 272 376 402 408 468 528 533 546 598 646 673 717 806 809 821 823 830 874 922 982 
80 128 175 275 343 351 361 434 449 467 489 550 596 612 641 657 730 732 769 788 794 867 937 941 964 
1 73 87 131 157 167 280 281 315 493 495 504 534 567 578 647 709 728 746 765 789 827 878 931 976 
27 31 33 54 72 77 86 108 206 310 340 395 417 530 572 606 617 651 662 704 705 840 849 936 970 
50 98 118 144 158 182 221 296 456 564 672 698 708 757 762 798 820 829 839 866 904 919 947 952 996 
69 122 171 201 218 246 383 385 438 439 446 502 508 540 608 667 718 719 805 832 848 894 963 991 
15 89 129 134 200 203 236 243 269 300 306 331 482 519 538 581 619 639 711 713 875 911 942 989 
19 81 93 94 106 178 199 238 322 356 405 423 469 543 555 571 664 682 841 846 901 930 969 993 
13 67 143 186 195 299 372 411 524 542 575 582 680 686 696 703 742 782 838 916 973 986 990 
12 25 148 194 276 375 490 531 541 553 562 722 767 768 803 804 814 852 890 909 961 975 983 
38 45 260 292 297 319 517 549 590 603 615 645 678 699 815 845 850 856 857 900 935 951 971 
35 62 100 166 258 283 314 316 326 329 428 470 485 494 500 614 684 707 741 758 880 886 917 
30 74 138 149 173 219 230 249 252 268 295 304 313 388 437 463 588 652 690 759 785 910 918 
76 90 133 163 174 192 256 263 410 414 544 585 640 737 781 799 822 834 887 891 907 953 
70 82 139 154 162 196 251 298 307 327 350 377 396 474 625 634 688 706 733 854 987 988 
21 36 97 146 336 366 400 413 491 511 576 602 632 687 689 692 776 843 879 948 974 
96 142 165 205 253 264 309 335 347 497 548 579 621 638 643 723 863 908 928 943 962 
7 58 160 187 190 208 367 429 480 492 512 569 586 675 691 744 772 858 906 933 968 
3 32 55 110 151 227 241 267 389 394 635 671 725 727 756 777 837 853 929 
46 115 233 237 311 334 338 342 357 416 551 661 683 715 817 833 905 959 
287 391 399 442 450 453 589 593 623 679 755 812 824 844 864 903 932 
26 39 79 135 184 266 279 290 339 364 390 444 674 731 754 
116 273 278 293 441 483 577 955 
28 51 130 152 159 465 478 624 
17 229 247 271 291 337 440 448 
393 454 592 637 649 650 800 
47 75 185 369 611 967 
120 125 277 302 529 
18 189 286 432 
84 176 601 663 
198 220 363 479 
42 515 
