202 218 230 260 324 338 536 541 551 589 631 688 754 762 788 832 929 974 998 
23 51 71 104 125 134 155 172 175 258 310 373 587 672 710 792 795 831 
94 289 301 360 365 382 432 457 485 493 717 779 790 805 822 844 913 
39 124 178 235 409 420 513 533 661 740 753 780 939 
85 191 231 318 356 362 512 522 654 824 830 845 915 
65 187 261 385 397 405 481 576 606 626 630 642 
5 467 474 615 643 741 799 850 890 922 930 
66 72 101 181 190 285 319 711 837 857 897 
130 219 277 279 346 375 381 427 532 812 
6 138 192 372 374 548 696 765 838 920 
18 107 148 345 349 408 501 505 670 743 
80 286 428 601 604 612 669 691 733 804 
77 245 327 402 419 516 736 770 853 983 
10 158 232 632 786 800 840 887 905 958 
20 153 168 224 403 546 684 724 729 975 
53 159 267 275 278 315 414 437 605 721 
118 186 370 376 396 406 423 490 582 843 
45 127 193 204 599 739 761 771 904 
216 248 400 607 659 702 777 895 952 
19 132 141 203 426 578 658 854 973 
25 246 294 354 398 560 569 583 690 
76 407 514 623 650 680 714 950 953 
12 79 240 509 563 860 959 963 969 
106 122 179 394 453 591 656 657 715 
210 229 233 421 430 648 709 885 891 
154 244 347 571 574 645 834 972 
180 329 689 716 825 903 935 987 
100 197 297 452 558 732 851 892 
105 110 295 369 644 687 738 981 
54 61 291 383 465 597 624 862 
164 712 722 769 872 927 970 995 
131 147 171 252 627 641 735 796 
321 503 528 842 856 876 889 907 
126 161 306 352 412 535 760 839 
95 98 364 593 640 728 869 985 
111 212 280 433 564 673 766 811 
183 184 380 475 622 757 763 808 
149 443 450 491 508 527 957 
8 441 461 517 542 697 977 
14 48 287 335 389 545 718 
119 174 177 283 313 783 923 
74 89 483 685 828 938 954 
11 162 251 704 758 901 986 
152 156 196 296 378 581 609 
209 254 328 358 359 500 668 
173 207 250 270 353 586 880 
140 350 361 448 695 781 966 
281 480 486 549 638 663 960 
206 507 785 821 855 928 940 
37 201 213 234 331 388 720 
96 470 613 649 655 713 863 
195 247 302 304 459 633 990 
211 227 284 429 434 488 665 
185 355 410 504 538 893 982 
35 116 351 404 447 502 590 
57 69 83 322 339 401 699 
33 36 165 167 682 774 910 
257 544 621 664 749 759 798 
113 256 272 554 570 703 909 
3 91 133 305 618 776 902 
90 189 208 445 510 764 802 
384 387 495 598 859 948 961 
78 123 237 411 562 600 628 
59 82 337 416 737 882 
99 561 580 773 884 989 
4 266 693 730 746 941 
102 524 617 639 734 931 
182 399 417 525 752 999 
2 221 666 819 847 858 
52 142 342 489 619 727 
30 255 377 466 775 806 
43 176 214 249 440 955 
223 269 534 584 725 962 
28 38 135 519 579 946 
1 42 56 263 479 539 
7 326 698 768 813 826 
88 323 333 518 556 646 
46 64 188 307 530 852 
49 68 482 677 731 933 
151 242 567 602 676 949 
97 117 460 616 723 797 
67 137 222 320 334 498 
367 496 520 585 660 706 
40 268 471 675 784 964 
70 348 442 873 932 937 
282 415 436 559 594 750 
157 431 455 456 679 719 
60 588 871 906 911 914 
163 312 413 565 683 789 
128 288 462 652 747 908 
15 139 169 343 451 515 
674 686 755 756 870 
0 63 143 478 994 
21 150 469 540 912 
50 205 228 311 874 
366 543 772 875 945 
31 121 647 810 991 
300 573 596 934 944 
75 487 537 791 818 
47 336 526 861 979 
29 73 422 803 898 
160 368 568 883 965 
363 390 464 557 943 
273 438 742 841 924 
274 726 823 835 886 
55 292 344 476 555 
136 220 226 836 925 
92 200 547 921 978 
103 112 468 553 992 
34 194 215 418 900 
22 114 166 700 751 
129 271 332 827 877 
144 243 444 458 629 
81 146 393 651 809 
145 671 767 814 936 
27 198 531 637 667 
62 115 299 317 449 
511 653 849 866 878 
9 386 976 984 
58 707 926 947 
13 681 705 968 
16 603 610 817 
170 497 506 980 
341 439 662 916 
44 314 325 868 
24 379 635 942 
93 225 577 967 
41 309 620 692 
238 259 807 956 
87 748 848 993 
84 293 303 801 
86 316 484 888 
391 477 494 592 
529 566 611 636 
109 463 572 708 
472 608 625 745 
199 492 552 701 
253 265 793 833 
236 241 425 614 
264 298 395 435 
473 550 820 
17 217 881 
239 521 864 
26 744 787 
120 595 678 
108 794 894 
32 424 778 
276 371 918 
340 782 917 
357 499 829 
262 330 919 
865 879 896 
454 523 694 
290 634 899 
308 446 816 
392 575 815 
846 867 
997 
971 
988 
996 
951 
