35 41 101 110 151 152 165 198 252 274 281 287 292 339 350 372 382 393 404 424 450 465 515 555 617 639 664 667 731 733 812 824 865 912 917 939 979 980 
27 32 45 61 70 108 141 160 190 203 229 269 272 285 303 323 355 368 369 390 395 415 431 478 497 505 574 612 633 683 713 780 820 872 873 977 988 
2 6 31 79 98 118 119 131 138 179 185 187 205 206 217 230 240 262 288 345 351 377 385 428 436 491 492 568 611 696 707 816 894 902 904 941 978 
21 23 104 106 158 216 258 297 301 341 381 410 416 464 480 511 545 548 573 620 632 652 695 745 759 764 775 800 814 843 857 892 903 908 914 975 981 
1 72 192 197 215 247 295 343 364 374 411 419 474 493 495 529 559 600 601 624 647 676 687 694 714 750 795 823 832 878 887 915 951 990 
30 64 133 193 199 271 286 312 337 366 367 386 388 396 476 514 540 560 593 602 616 681 708 725 747 752 767 817 826 867 876 924 934 995 
25 48 62 89 195 207 234 338 363 378 429 433 463 469 490 494 536 544 550 640 660 710 715 724 740 753 790 794 833 838 852 966 987 996 
14 15 39 66 88 99 105 121 124 128 136 150 167 201 228 245 289 331 333 362 417 427 459 475 523 671 677 709 756 829 831 854 880 958 
18 46 69 74 76 100 109 129 149 298 319 326 329 332 452 453 462 481 537 562 565 615 638 688 689 743 749 769 791 861 870 926 927 935 
36 53 95 117 127 159 176 177 218 265 294 373 425 443 539 557 596 609 634 672 701 702 720 774 782 806 810 821 840 942 954 962 963 
8 10 91 120 244 266 322 328 354 446 521 541 606 625 658 662 663 704 719 758 796 815 828 850 862 869 896 931 943 947 950 973 
3 12 50 59 82 113 255 259 260 283 293 300 324 402 558 571 608 619 630 668 679 699 739 746 864 890 932 936 944 948 989 993 
77 78 84 111 142 144 171 189 226 237 439 444 451 500 503 510 512 551 587 591 618 656 692 776 797 822 851 905 911 923 945 992 
24 178 220 221 232 296 307 309 317 365 406 422 445 471 535 592 627 637 654 690 726 751 777 835 856 881 891 895 955 976 
243 248 267 334 346 384 421 426 441 466 482 499 507 519 534 613 653 678 684 693 798 804 841 855 940 956 965 974 984 998 
16 26 58 85 86 93 96 157 273 313 327 359 414 485 506 516 531 597 599 669 691 728 792 803 859 871 898 952 969 983 
22 55 134 135 183 200 219 225 233 235 314 344 349 358 398 401 430 509 590 686 729 736 778 787 819 834 899 925 929 
40 52 68 164 175 250 277 360 379 407 409 461 527 549 561 572 580 581 604 651 659 730 742 766 772 818 858 889 964 
34 60 75 154 170 180 242 256 291 305 318 391 399 434 455 487 496 502 546 563 564 603 761 762 910 960 961 986 991 
71 184 196 278 284 336 342 383 467 472 585 605 636 643 650 674 722 768 784 788 802 825 879 937 968 971 982 994 
33 182 191 253 254 264 371 392 460 513 525 567 569 584 628 644 655 698 717 723 735 754 807 808 844 874 957 
63 65 115 116 122 155 213 227 236 241 299 340 408 489 533 543 579 598 626 680 682 711 718 875 967 970 972 
20 94 156 181 222 308 330 357 380 387 470 477 484 508 517 582 631 700 732 755 793 884 897 922 928 953 
7 19 38 42 132 140 147 276 306 315 403 447 570 614 666 673 737 760 799 801 811 863 868 886 900 959 
194 209 212 231 348 457 458 486 488 501 538 553 556 578 607 610 641 670 705 789 837 847 877 882 901 949 
9 13 44 49 67 139 174 249 316 320 321 361 405 448 473 554 622 657 661 685 765 770 786 853 888 
0 17 47 97 102 126 163 186 211 224 352 370 423 454 518 520 532 697 721 744 748 779 809 933 
80 107 114 130 143 251 268 290 413 524 530 566 577 629 706 773 846 883 893 916 919 930 946 
4 54 137 145 153 214 310 335 375 394 412 438 456 468 542 547 595 621 771 781 830 849 918 
57 81 92 169 238 246 261 263 389 397 442 552 586 589 648 675 716 738 783 813 913 985 
125 146 304 418 420 449 522 526 785 805 839 845 866 909 920 921 
56 172 270 280 325 353 440 576 623 646 665 712 827 860 
11 37 168 210 275 302 400 575 649 842 885 
5 83 112 162 173 188 347 528 594 
87 223 311 376 435 635 703 741 
166 257 356 432 588 727 757 999 
90 161 239 504 906 
103 123 483 734 763 
43 282 498 583 642 
28 202 645 997 
29 148 279 848 
204 437 938 
51 208 907 
73 836 
479 
