5 24 26 45 50 93 126 127 188 225 248 253 262 337 394 426 467 482 577 611 615 643 716 741 799 850 890 922 930 942 967 988 
76 95 98 138 157 174 177 252 292 313 364 399 407 431 514 548 593 623 640 650 680 692 714 728 869 950 953 985 
25 65 85 113 191 231 256 294 362 398 479 497 506 512 522 621 645 654 699 701 759 824 830 845 909 915 971 
12 58 79 84 102 108 240 411 473 474 509 563 569 659 664 798 801 860 871 906 911 914 923 946 959 963 969 
7 31 101 109 115 121 270 354 435 444 455 544 625 647 712 722 729 769 820 872 874 927 970 991 995 
59 67 80 82 137 161 222 227 286 306 352 416 434 450 491 535 539 629 669 733 760 804 839 882 
4 10 132 158 180 211 232 266 329 429 603 632 689 747 786 800 840 887 896 903 905 935 958 987 
16 144 238 243 259 300 392 501 520 553 559 573 585 646 739 761 771 807 815 852 904 934 944 956 
54 61 107 148 151 279 291 375 391 532 534 567 630 642 676 725 730 746 774 778 941 949 962 
0 63 90 143 330 471 477 478 494 524 592 644 674 675 686 755 846 870 964 981 994 
160 164 298 393 511 526 617 651 655 671 678 707 767 861 883 936 951 965 973 979 997 
15 72 139 152 156 181 182 285 374 451 525 696 752 765 783 814 837 838 857 897 920 
154 197 244 246 296 347 452 496 558 571 574 580 608 609 662 697 834 851 892 926 972 
23 51 71 104 125 134 155 172 175 241 258 310 373 540 587 672 710 792 795 831 
41 81 140 146 169 223 269 343 350 472 515 529 600 628 636 793 880 894 947 966 
14 96 145 206 265 287 335 389 507 575 613 626 763 789 809 821 827 855 928 940 
94 187 289 301 314 360 365 382 432 457 485 493 717 734 779 790 805 822 844 913 
38 135 236 245 281 327 402 419 425 516 519 549 638 663 770 810 853 960 983 
202 218 230 260 324 338 536 541 551 589 631 688 754 762 788 832 929 974 998 
91 120 305 340 456 528 591 595 772 782 785 791 803 842 856 889 898 907 925 
35 43 87 129 214 249 271 293 312 332 413 447 653 693 748 848 877 924 993 
39 124 178 235 396 409 415 420 465 513 533 602 624 661 740 753 780 939 
185 216 309 355 400 410 504 538 660 702 720 777 893 895 899 931 952 982 
11 162 165 251 303 359 682 704 723 758 819 847 858 901 910 986 
70 131 147 254 320 348 436 442 622 627 668 735 796 873 932 937 
92 200 315 408 437 547 610 667 708 721 732 781 865 908 921 978 
384 387 492 495 552 598 607 665 711 744 787 794 808 859 948 961 
74 89 308 378 417 446 453 550 685 776 816 828 867 902 938 
103 112 205 242 344 358 470 500 596 713 797 864 868 884 992 
32 40 57 88 261 268 339 397 424 481 483 556 606 784 
19 20 141 153 168 203 403 578 658 684 724 825 854 975 
30 62 118 176 255 272 284 299 370 440 449 570 582 775 
210 228 229 233 311 421 430 487 601 648 709 841 885 891 
22 114 166 170 499 557 691 700 751 806 876 943 
106 122 179 195 247 302 304 459 633 657 715 990 
49 68 100 163 257 297 334 498 565 683 731 749 
77 86 276 316 371 458 484 736 823 886 888 918 
9 18 345 349 386 554 566 670 703 743 984 
52 111 199 280 433 489 564 619 766 811 954 
99 193 204 321 503 561 764 773 933 989 
34 194 215 275 278 418 463 572 656 957 
27 105 128 198 288 369 383 597 605 835 
28 66 119 190 209 283 319 505 560 579 
29 47 73 171 336 363 422 464 641 879 
186 328 376 406 423 531 594 679 719 843 
36 184 189 208 239 445 510 521 756 802 
33 167 366 543 726 737 875 919 945 
130 219 277 377 381 462 466 652 818 
326 361 448 475 576 584 698 768 826 
69 83 290 322 367 401 476 634 829 
8 441 461 517 542 706 745 977 
53 159 267 341 412 414 439 695 
3 110 133 295 604 618 718 738 
6 183 192 372 380 454 523 694 
1 48 56 346 427 545 812 
2 136 220 221 226 666 836 
116 149 404 443 508 527 637 
75 173 250 353 537 586 817 
323 333 368 480 486 518 568 
37 224 234 357 546 866 900 
385 405 620 649 849 863 996 
273 351 438 502 590 742 813 
78 123 237 264 395 562 833 
44 196 325 468 581 757 
17 142 217 342 727 881 
55 274 282 555 750 862 
201 213 331 388 583 690 
317 318 356 599 614 639 
21 150 469 912 980 
60 488 588 687 976 
207 428 490 612 
42 263 916 999 
13 681 705 968 
46 64 307 530 
212 390 673 677 
117 460 955 
379 635 917 
97 616 878 
