48 62 66 81 126 151 153 191 198 221 323 393 431 455 475 487 502 512 542 559 609 673 685 715 732 758 768 794 795 811 822 841 907 944 949 
50 93 95 161 164 170 179 189 202 209 219 224 250 306 318 322 387 403 417 438 480 492 576 579 616 694 704 722 726 789 820 826 828 928 951 
36 90 201 262 272 286 288 296 330 343 345 400 402 407 410 481 553 560 639 657 680 681 733 752 766 771 832 861 954 961 962 989 
88 103 176 236 283 355 374 383 413 428 452 531 533 537 638 658 660 695 707 716 743 784 834 860 864 869 871 887 915 974 994 
12 60 69 121 135 180 285 300 327 372 394 415 453 483 495 499 508 536 606 612 622 646 677 713 714 786 801 803 813 875 941 
76 111 188 206 242 248 253 291 292 328 360 363 435 445 523 570 604 607 649 668 678 762 777 848 849 891 901 937 965 978 995 
26 29 75 125 130 193 200 264 273 278 302 507 518 587 626 632 634 676 705 720 757 773 800 805 840 846 854 908 945 947 
1 15 110 184 275 279 332 344 358 366 368 376 433 548 569 574 597 610 627 689 735 755 770 886 894 914 955 987 992 
6 28 63 105 252 317 319 337 365 380 399 441 498 526 530 596 600 619 640 661 699 750 806 830 855 877 890 903 993 
3 27 77 157 166 169 182 212 217 338 341 356 432 479 497 573 584 659 670 703 772 793 807 859 885 897 980 996 
10 54 83 96 194 335 401 414 443 541 547 561 591 613 655 662 686 701 724 788 817 852 856 866 868 929 968 981 
9 32 40 52 99 106 136 160 205 234 293 339 350 369 371 392 506 519 593 603 663 818 865 874 878 883 977 
4 20 67 70 183 190 218 257 263 301 304 324 334 461 494 516 524 529 625 827 847 923 946 950 956 973 986 
57 87 204 222 230 256 298 361 381 391 462 493 496 520 592 598 630 633 700 723 763 796 815 884 921 934 960 
22 108 174 235 251 307 320 333 389 390 473 522 543 554 565 588 589 590 641 687 759 892 895 898 912 940 975 
19 41 91 113 124 128 207 258 314 354 359 442 484 500 509 517 535 538 608 682 797 858 899 913 925 939 
31 145 203 213 214 244 266 297 315 396 404 558 642 650 693 702 736 753 756 779 829 831 909 922 963 
33 44 61 68 78 85 155 185 187 289 316 426 471 582 636 730 751 783 843 851 876 880 881 943 988 
56 73 79 240 260 269 340 412 439 444 458 527 653 667 706 710 748 775 819 825 906 926 933 976 
5 21 116 132 144 167 249 348 349 385 406 421 436 551 563 567 577 628 672 747 761 867 935 983 
7 146 173 245 246 290 310 342 486 521 665 697 742 769 781 785 798 804 836 879 959 967 970 984 
14 45 47 65 72 114 255 276 362 373 397 422 440 459 468 485 575 620 621 669 888 896 919 936 
0 25 39 64 149 168 226 259 299 329 418 447 465 488 505 594 674 688 691 740 802 838 957 
11 133 162 270 281 336 377 384 474 504 511 635 725 746 765 782 790 808 850 893 931 952 953 
34 51 59 80 89 150 238 282 419 427 568 571 599 605 631 690 764 799 824 842 853 972 
43 55 71 86 107 141 192 232 367 382 437 644 648 744 780 809 821 844 889 916 948 
24 112 148 216 239 331 416 425 457 482 614 618 624 637 739 792 810 835 924 938 
175 220 303 313 357 420 467 515 539 549 595 602 645 666 671 683 727 745 882 
16 18 30 74 82 98 171 231 243 265 312 469 491 545 581 586 774 917 930 
104 172 181 233 267 405 408 430 463 489 556 679 721 731 857 863 900 932 958 
92 177 241 321 550 647 654 675 684 717 734 767 911 942 964 971 982 998 
35 42 100 295 309 347 386 411 448 513 601 611 629 718 791 812 823 902 
53 94 101 147 165 196 199 254 434 450 501 525 532 572 692 
131 138 271 364 456 460 464 466 490 583 623 696 728 778 
178 305 352 476 510 615 664 719 737 749 872 991 
120 123 152 195 268 423 472 617 698 845 927 966 
8 13 58 223 229 308 470 564 709 814 999 
159 280 284 370 552 837 910 918 920 969 979 
17 84 163 325 351 652 711 862 904 990 
197 211 237 346 398 451 555 562 870 905 
46 353 429 546 566 578 585 651 
140 378 379 534 741 754 873 
37 122 228 261 388 528 
49 395 449 544 787 839 
139 311 326 478 514 540 
142 143 215 225 409 816 
186 424 477 708 738 
117 210 712 776 985 
109 115 154 247 833 
129 158 208 503 760 
23 118 134 227 557 
102 294 375 729 
2 274 446 643 
127 156 656 
97 119 287 
38 454 
580 997 
137 277 
