60 107 191 193 211 301 346 506 532 547 610 627 636 666 669 740 771 774 802 810 818 885 927 
80 128 175 275 351 361 434 449 467 489 550 596 612 641 657 730 732 788 794 867 937 941 964 
15 134 200 203 236 243 269 300 306 331 482 519 538 581 619 639 711 713 875 911 942 989 
38 45 292 297 319 517 549 590 603 615 645 678 699 815 845 850 856 857 900 935 951 971 
35 62 166 258 283 314 316 326 329 428 470 485 494 500 614 684 707 741 758 880 886 917 
61 103 259 272 402 408 468 528 533 546 598 646 673 717 806 809 821 823 830 874 922 982 
9 112 127 156 225 239 265 462 464 484 514 516 570 594 681 882 898 915 925 946 981 
138 149 173 219 230 249 252 295 304 313 388 437 463 566 588 652 690 759 785 910 918 
96 142 165 253 264 309 335 347 497 548 579 621 638 643 723 863 908 928 943 962 
118 158 296 456 564 672 698 708 757 762 798 820 829 839 866 904 919 947 952 996 
207 218 246 385 438 439 446 502 508 540 608 667 719 805 832 848 894 963 991 
5 224 257 288 353 407 459 501 507 539 587 595 600 626 655 670 747 895 965 
73 87 157 315 493 495 534 567 578 647 709 746 765 789 827 878 931 976 
3 110 151 227 241 267 389 394 635 671 725 727 756 777 837 853 929 
4 20 210 380 424 556 618 660 697 714 752 780 784 876 896 924 984 
25 250 531 541 553 722 767 768 803 804 814 852 890 909 961 975 983 
33 86 206 340 395 530 572 606 617 651 662 704 705 840 849 936 970 
21 36 248 281 400 413 491 511 576 602 687 692 843 879 948 974 
58 160 208 367 429 480 492 512 586 675 691 744 772 858 906 968 
76 133 256 263 410 414 544 585 640 781 799 822 834 887 907 953 
287 391 399 442 453 589 593 623 679 755 812 824 844 864 903 932 
6 44 71 116 183 188 273 282 317 477 790 797 828 923 934 
37 109 150 197 242 350 443 676 710 779 801 865 872 944 
18 27 43 51 72 152 161 235 344 427 432 860 980 997 
67 186 299 343 575 582 680 696 703 742 881 986 990 
53 216 355 381 445 457 509 597 656 763 773 807 859 
2 17 146 174 278 336 440 448 524 737 891 916 
32 55 98 108 182 233 338 342 551 833 959 
23 57 255 345 430 488 568 574 620 648 726 
16 34 89 97 129 303 348 349 366 796 835 
30 74 177 403 452 734 825 851 893 992 
123 209 324 451 558 565 584 591 870 914 
111 167 325 354 379 386 419 580 868 957 
102 397 426 431 466 487 525 658 978 979 
66 94 179 323 631 693 724 738 995 
136 365 406 409 421 473 583 735 888 
234 321 447 510 653 685 700 842 897 
29 117 378 526 665 766 862 869 871 
65 85 121 153 312 450 476 748 945 
104 181 333 472 527 609 712 751 861 
10 101 240 374 398 535 557 921 960 
12 217 260 372 425 455 520 607 720 
137 170 318 341 498 499 629 889 902 
48 120 125 144 277 302 332 401 529 
130 131 159 172 465 478 634 808 813 
139 162 226 268 474 625 637 649 706 
11 41 47 185 261 611 654 745 883 
95 140 180 404 458 778 913 999 
19 178 328 420 505 630 760 926 
68 223 254 599 622 644 826 954 
91 204 360 371 559 677 716 847 
13 155 232 393 543 628 633 930 
145 163 214 358 423 523 795 816 
52 105 132 251 327 396 460 988 
46 54 311 357 377 417 688 715 
78 262 418 560 561 786 985 
28 90 244 370 624 831 966 
266 290 334 359 683 694 731 
24 126 412 433 522 702 787 
26 115 135 279 661 674 754 
88 106 229 337 405 521 841 
198 220 330 363 461 479 905 
0 83 362 384 563 573 972 
39 79 247 271 291 364 552 
7 122 171 187 689 776 
192 352 605 642 761 873 
14 63 141 202 322 632 
305 721 750 775 846 950 
1 70 82 196 280 854 
56 199 238 542 686 838 
189 195 286 454 877 987 
237 298 356 659 664 993 
92 228 392 791 792 940 
212 245 739 749 753 793 
154 307 650 733 800 819 
147 164 284 285 496 503 
50 221 294 368 977 
22 168 205 613 783 
113 124 320 695 912 
194 435 486 718 736 
289 422 504 518 817 
64 475 769 899 949 
84 176 383 601 663 
114 148 375 513 537 
69 201 728 955 
308 743 884 998 
8 49 190 764 
143 411 782 973 
119 373 811 958 
93 469 901 969 
99 555 569 939 
31 77 100 310 
222 376 545 956 
40 554 571 920 
81 215 536 770 
169 270 471 682 
382 415 604 616 
59 231 481 855 
184 339 390 444 
416 592 668 701 
293 441 483 577 
75 369 967 
729 938 994 
274 436 892 
387 490 836 
213 933 
42 515 
276 562 
