19 26 32 45 97 98 158 184 253 290 302 371 390 400 425 440 480 494 542 561 608 625 651 691 727 745 746 748 752 770 781 860 926 953 
36 70 143 152 229 377 465 481 483 511 531 570 600 646 686 736 749 768 777 786 794 804 812 822 831 867 877 886 903 914 915 939 988 
12 15 23 101 124 179 261 287 291 298 314 315 391 420 436 450 502 505 549 556 559 595 678 681 796 839 941 962 963 985 989 
7 43 72 85 86 115 128 205 257 264 352 384 418 430 454 490 491 537 553 568 618 642 726 761 802 807 829 830 893 934 
66 112 140 153 160 167 197 227 279 283 286 323 326 395 484 522 541 544 550 558 586 650 702 708 711 775 810 850 904 910 
24 69 176 255 258 324 330 332 334 368 380 381 383 387 413 452 564 575 576 628 675 724 738 798 880 892 931 943 987 992 
5 9 18 55 58 75 127 150 203 234 266 281 288 292 367 393 421 475 520 547 584 710 712 725 765 772 936 944 960 961 
35 222 328 350 361 411 422 514 518 523 524 552 589 597 602 604 617 683 693 713 718 797 854 861 895 956 965 982 998 
62 142 183 226 396 414 423 446 451 470 573 581 603 611 622 639 640 685 700 773 788 806 821 872 891 908 918 935 976 
145 277 285 300 356 441 443 457 472 479 539 548 613 615 630 644 699 707 759 766 784 793 855 866 889 917 928 974 994 
6 17 56 73 246 270 282 297 398 410 444 485 495 538 583 591 592 653 665 667 680 689 750 776 779 828 885 955 
4 30 34 109 133 163 191 193 213 263 289 295 463 512 566 692 706 715 734 753 790 871 873 925 952 957 973 
38 42 71 76 78 110 125 148 312 401 427 459 468 598 668 677 690 716 791 809 838 865 868 870 897 969 981 
51 147 157 164 230 275 375 392 409 416 438 501 596 614 647 652 670 676 755 805 879 902 949 958 980 996 
91 121 151 182 223 272 345 408 439 458 477 487 496 525 551 577 609 669 697 704 846 881 927 948 
113 126 129 138 233 249 308 319 335 342 433 486 534 540 605 610 621 656 660 682 684 728 785 896 
22 50 107 114 170 209 245 318 399 528 529 555 569 571 607 672 674 695 737 764 912 937 954 983 
29 48 94 139 159 199 225 268 280 376 389 402 526 627 743 757 862 875 899 900 909 959 977 
20 31 37 84 218 260 379 386 424 467 469 507 533 593 626 703 719 731 792 852 883 921 984 
47 82 88 106 149 166 174 186 187 215 251 347 412 565 657 741 763 808 845 882 888 929 940 
44 102 173 202 206 267 271 322 353 374 437 455 535 543 546 620 623 662 705 780 843 848 911 
65 68 146 175 231 241 320 329 344 358 461 506 634 694 769 774 799 813 816 924 933 946 
2 27 87 200 207 242 299 307 346 417 448 473 513 517 663 723 760 801 844 919 920 
21 46 59 119 169 204 362 426 428 453 462 471 572 579 606 688 751 876 966 978 995 
41 95 103 118 130 141 235 354 407 456 489 567 612 735 744 795 827 849 942 945 
60 92 134 156 211 219 224 228 304 317 404 419 435 516 532 554 696 754 803 834 
8 189 357 370 394 442 519 648 654 721 789 818 840 863 898 905 913 993 
33 67 80 214 331 351 527 631 655 714 722 740 820 874 923 972 979 
3 111 116 154 252 273 406 509 562 698 732 762 819 825 836 907 916 
40 54 79 185 306 341 403 449 508 515 687 811 814 833 864 887 938 
89 132 254 262 447 497 585 601 632 633 671 673 787 826 932 971 
232 336 431 466 488 499 557 742 783 800 869 878 890 950 968 
77 195 198 243 274 309 338 339 373 478 521 666 758 857 922 
49 74 99 210 259 296 337 349 388 397 835 842 947 951 
16 64 104 137 190 217 348 415 429 500 503 701 767 782 
194 360 365 372 498 504 578 739 967 970 991 
14 135 208 588 636 659 661 709 837 851 930 
105 276 378 590 594 645 664 720 817 964 
28 136 155 172 192 236 321 637 729 824 
0 1 11 81 96 250 382 635 771 906 
108 181 313 530 574 643 717 832 975 
188 220 237 305 364 510 536 649 
100 171 196 311 385 619 747 856 
61 239 310 369 432 560 616 999 
13 39 162 177 284 474 853 
53 131 201 256 355 624 
161 265 343 482 629 679 
10 122 327 340 445 990 
93 247 303 363 638 658 
333 366 460 901 986 
178 216 359 580 730 
123 180 269 278 641 
25 248 294 325 582 
238 587 823 847 
221 293 316 859 
90 144 464 815 
212 493 545 756 
52 165 168 563 
240 476 894 
117 778 841 
57 83 405 
63 733 884 
120 434 492 
599 997 
244 858 
301 
