3 27 77 157 169 182 212 338 341 356 432 479 497 573 584 659 670 703 772 793 807 859 885 897 980 996 
9 32 40 52 99 106 136 160 205 234 293 339 350 369 371 392 519 593 603 663 818 865 874 878 883 977 
57 204 222 230 256 298 361 381 391 462 493 496 520 592 598 630 633 700 723 763 796 815 884 921 934 960 
135 285 300 327 394 415 453 483 495 499 508 536 606 612 622 646 677 713 714 786 801 803 875 941 
54 83 194 401 414 443 541 547 561 591 613 655 662 686 701 724 788 817 852 866 868 929 968 981 
19 41 91 124 128 207 258 354 359 418 442 484 500 509 517 535 538 608 797 858 899 913 925 939 
14 45 47 65 72 114 255 276 362 373 397 422 440 459 468 485 620 621 669 888 896 919 936 
33 44 68 78 85 155 185 187 289 316 426 471 582 636 730 751 783 851 876 880 881 943 988 
67 70 183 190 257 263 301 324 334 461 494 516 524 625 827 847 923 946 950 956 973 986 
88 176 236 428 452 531 533 537 638 660 695 707 716 784 834 860 864 869 915 974 994 
21 116 144 167 249 348 349 385 406 421 436 551 563 577 628 672 747 761 867 935 983 
15 110 275 332 344 366 376 433 548 569 597 689 735 755 770 886 894 914 955 987 992 
11 133 162 270 281 336 377 504 511 635 725 746 765 782 790 808 850 893 931 952 953 
51 59 80 89 150 282 419 427 568 571 599 605 631 690 764 799 824 842 853 972 
16 18 30 74 82 98 171 231 243 265 312 469 491 545 581 586 774 917 930 
24 112 148 216 239 331 416 425 457 482 614 624 637 739 792 810 835 924 938 
108 251 320 333 389 390 473 522 554 565 588 589 590 641 892 895 898 912 940 
122 153 245 261 386 393 455 475 487 502 512 559 575 673 795 822 949 
62 73 79 221 340 412 439 527 653 706 748 775 825 906 926 933 976 
31 214 244 266 297 315 404 558 642 702 753 756 829 831 963 
29 125 264 518 632 634 676 705 720 757 773 805 840 854 945 
104 172 233 267 405 408 430 489 556 679 731 863 900 932 958 
146 303 313 458 515 539 546 549 595 602 645 666 671 683 745 
66 126 151 191 254 609 715 758 768 794 811 841 907 944 
197 211 237 304 346 398 451 529 555 562 667 819 870 905 
7 173 246 342 486 521 697 785 804 836 967 970 984 
23 50 93 118 134 227 557 579 694 704 722 820 826 
0 39 168 447 488 505 594 674 688 691 740 802 957 
28 63 105 252 337 399 526 619 692 750 877 890 993 
95 164 179 189 224 417 438 480 726 828 951 
192 288 367 437 601 611 644 780 809 902 948 
48 81 109 115 149 154 247 542 685 732 833 
103 166 283 355 374 383 413 658 743 887 
53 170 186 196 209 434 477 580 682 767 
26 75 130 193 273 507 587 846 908 947 
76 242 253 291 292 360 649 848 937 995 
378 379 445 570 607 678 741 754 849 873 
36 90 201 481 560 733 752 832 954 989 
145 188 203 223 470 650 693 709 779 909 
6 101 175 290 365 467 532 640 855 
86 241 403 566 647 734 816 964 971 
111 206 328 363 604 668 777 901 965 
10 35 42 96 177 248 411 629 916 
259 299 347 463 465 728 778 838 871 
272 330 343 407 643 657 766 771 962 
161 202 322 474 492 576 616 928 
120 141 370 423 737 776 837 985 
100 295 309 448 513 718 812 823 
142 165 215 321 490 583 717 982 
55 71 107 382 744 821 844 889 
4 20 25 64 226 329 476 719 
43 137 159 232 250 277 284 789 
84 121 163 213 278 736 813 922 
123 152 195 472 617 845 927 966 
22 158 174 307 318 387 503 543 
280 424 698 787 920 969 991 
550 654 675 684 738 942 998 
143 310 665 742 798 879 959 
38 138 325 454 460 618 759 
139 274 435 478 857 891 978 
56 240 456 464 585 651 918 
94 199 317 319 530 572 806 
131 147 323 364 466 501 
140 200 302 534 800 990 
198 286 296 861 903 961 
46 219 306 353 429 708 
268 308 661 760 862 910 
129 208 235 380 384 687 
184 368 410 444 553 680 
37 181 228 388 528 552 
13 229 396 814 999 
113 220 314 357 882 
352 510 523 639 749 
5 12 132 372 652 
8 58 564 610 627 
269 271 769 781 904 
87 260 335 441 712 
127 156 345 656 681 
178 305 615 664 791 
60 69 180 498 600 
34 238 400 402 
506 623 696 727 
49 395 596 843 
97 119 287 830 
225 409 711 911 
102 294 375 729 
311 326 514 540 
1 279 358 574 
217 218 450 525 
578 648 710 721 
262 420 567 626 
449 544 872 
17 699 762 
2 446 997 
117 210 975 
92 351 856 
61 979 
431 839 
