12 121 135 285 300 327 372 394 415 453 483 495 499 508 536 606 612 622 646 677 713 714 786 801 803 813 875 941 
3 27 77 157 166 169 182 212 217 338 341 356 432 479 497 573 584 659 670 703 772 793 807 859 885 897 980 996 
57 87 204 222 230 256 298 361 381 391 462 493 496 520 592 598 630 633 700 723 763 796 815 884 921 934 960 
9 32 40 52 99 106 136 160 205 234 293 339 350 369 371 392 519 593 603 663 818 865 874 878 883 977 
19 41 91 113 124 128 207 258 314 354 359 442 484 500 509 517 535 538 608 797 858 899 913 925 939 
54 83 194 401 414 443 541 547 561 591 613 655 662 686 701 724 788 817 852 866 868 929 968 981 
33 44 68 78 85 155 185 187 289 316 426 471 582 636 730 751 783 843 851 876 880 881 943 988 
14 45 47 65 72 114 255 276 362 373 397 422 440 459 468 485 620 621 669 888 896 919 936 
15 110 184 275 332 344 366 368 376 433 548 569 597 689 735 755 770 886 894 914 955 987 992 
67 70 183 190 257 263 301 324 334 461 494 516 524 625 827 847 923 946 950 956 973 986 
36 90 201 272 330 343 407 410 481 553 560 639 643 657 680 752 766 771 832 954 962 989 
88 176 236 428 452 531 533 537 638 660 695 707 716 784 834 860 864 869 915 974 994 
62 197 211 218 221 237 304 340 346 398 451 529 555 562 667 706 819 825 870 905 906 
21 116 144 167 249 348 349 385 406 421 436 551 563 577 628 672 747 761 867 935 983 
11 133 162 270 281 336 377 504 511 635 725 746 765 782 790 808 850 893 931 952 953 
31 213 214 244 266 297 315 404 558 642 650 693 702 736 753 756 829 831 922 963 
51 59 80 89 150 282 419 427 568 571 599 605 631 690 764 799 824 842 853 972 
29 125 264 273 278 507 518 626 632 634 676 705 720 757 773 805 840 854 945 947 
16 18 30 74 82 98 171 231 243 265 312 469 491 545 581 586 774 917 930 
24 112 148 216 239 331 416 425 457 482 614 624 637 739 792 810 835 924 938 
108 251 320 333 389 390 473 522 554 565 588 589 590 641 892 895 898 912 940 
146 175 303 313 458 467 515 539 546 549 595 602 645 666 671 683 727 745 
122 153 245 261 386 393 431 455 475 487 502 512 559 575 673 822 949 
35 42 100 295 309 367 411 420 448 513 611 629 791 812 823 902 948 
66 126 151 191 542 609 685 715 732 758 768 794 795 811 841 907 944 
0 39 168 259 418 447 465 488 505 594 674 688 691 740 802 838 957 
111 188 206 328 363 523 570 604 607 668 678 762 777 849 901 965 978 
73 79 177 269 412 439 444 527 653 709 710 748 775 926 933 976 
7 173 246 342 486 521 697 769 781 785 804 836 967 970 984 
104 172 233 267 405 408 430 489 556 679 731 863 900 932 958 
28 63 105 252 337 399 526 619 692 750 877 890 993 
5 26 75 130 132 193 587 652 800 846 908 985 
76 242 248 253 291 292 360 649 848 891 937 995 
2 4 20 131 364 446 466 490 623 728 778 
161 202 250 322 474 492 576 616 694 704 928 
23 50 93 95 134 579 722 726 789 820 826 
53 170 186 196 209 347 434 477 682 684 738 
6 101 147 268 323 365 501 532 661 855 
86 241 403 413 566 647 734 816 964 971 
25 56 149 240 329 456 464 585 651 696 
43 55 71 107 232 382 744 821 844 889 
1 8 58 279 358 564 574 578 610 627 
120 123 152 195 423 472 617 845 927 966 
352 510 615 664 719 737 749 872 991 
103 283 355 374 383 658 743 871 887 
198 262 286 296 567 681 861 903 961 
17 97 119 287 498 506 600 699 830 
127 143 156 310 665 742 798 879 959 
94 199 317 319 438 441 530 572 806 
142 215 321 583 717 767 911 982 
60 69 117 180 210 299 733 975 
10 96 164 178 305 417 828 
137 159 220 277 284 357 882 
224 480 648 718 760 916 951 
179 189 550 654 675 942 998 
48 81 109 115 154 247 833 
271 437 601 644 780 787 809 
174 225 318 387 409 543 711 
140 378 379 534 741 754 873 
118 227 311 326 514 540 557 
325 445 463 618 721 759 857 
22 158 290 307 503 640 
46 219 306 353 429 708 
129 208 235 380 384 687 
165 254 345 450 525 656 
61 424 552 698 969 979 
49 395 449 544 596 839 
141 192 260 335 712 776 
308 370 837 862 910 918 
37 181 228 388 528 
34 238 288 400 402 
13 229 396 814 999 
84 163 904 990 
145 203 580 779 
200 280 302 920 
102 294 375 729 
38 138 454 460 
139 274 435 478 
92 351 856 
223 470 909 
64 226 476 
997 
