14 60 107 141 147 164 191 193 211 301 346 506 532 547 610 627 636 666 669 740 771 774 802 810 818 885 927 
43 102 235 333 397 426 427 431 435 466 472 487 488 525 527 607 609 658 701 712 751 860 861 978 979 980 997 
29 117 136 161 207 212 245 365 378 406 409 421 473 526 583 665 694 735 739 753 766 793 862 869 871 888 949 
16 34 88 91 181 192 348 349 352 371 412 433 496 559 605 642 654 702 716 745 761 787 796 835 847 883 
80 128 175 275 351 361 434 449 467 489 550 596 612 641 657 730 732 769 788 794 867 937 941 964 
37 65 109 111 121 150 197 242 312 362 384 401 443 676 710 748 779 801 836 865 872 944 945 972 
66 94 123 179 209 244 294 323 324 368 452 558 565 584 591 631 693 724 738 870 914 977 995 
9 112 127 156 188 215 225 265 462 464 484 514 516 570 594 681 749 882 898 915 925 946 981 
27 31 33 72 77 86 108 206 310 340 395 530 572 606 617 651 662 704 705 840 849 936 970 
38 45 260 292 297 319 517 549 590 603 615 645 678 699 815 845 850 856 857 900 935 951 971 
35 62 100 166 258 283 314 316 326 329 428 470 485 494 500 614 684 707 741 758 880 886 917 
98 118 144 158 182 296 456 564 672 698 708 757 762 798 820 829 839 866 904 919 947 952 996 
69 201 218 246 383 385 438 439 446 502 508 540 608 667 718 719 805 832 848 894 963 991 
21 36 44 106 183 234 282 321 447 477 510 520 521 653 685 700 797 828 842 897 923 934 
15 134 200 203 236 243 269 300 306 331 482 519 538 581 619 639 711 713 875 911 942 989 
61 114 259 272 402 408 513 528 533 546 598 646 673 717 806 809 821 823 830 874 922 982 
138 149 173 219 230 249 252 268 295 304 313 388 437 463 588 652 690 759 785 910 918 
12 25 194 387 490 531 541 553 722 767 768 803 804 814 852 890 909 961 975 983 
96 142 165 253 264 309 335 347 497 548 579 621 638 643 723 863 908 928 943 962 
7 58 160 187 190 208 367 429 480 492 512 586 675 691 744 772 858 906 933 968 
19 24 93 126 199 238 298 322 356 405 420 469 543 571 664 841 901 930 969 993 
3 32 55 110 151 227 241 267 389 394 635 671 725 727 756 777 837 853 929 
4 20 119 210 373 424 556 618 660 697 714 752 784 811 876 896 924 958 984 
5 8 49 99 224 257 288 353 407 459 539 587 595 626 670 747 895 939 965 
67 143 186 195 299 343 372 411 575 582 680 696 703 742 782 881 973 986 990 
76 133 174 256 263 410 414 544 585 640 737 781 799 822 834 887 891 907 953 
28 90 177 370 624 677 734 743 825 831 851 884 893 913 938 966 994 998 
73 87 131 157 315 493 495 567 578 647 709 746 765 789 827 878 931 976 
146 248 281 336 400 413 491 511 576 602 632 687 692 843 879 948 974 
22 68 168 223 254 505 574 599 613 622 630 644 668 795 826 926 954 
287 391 399 442 450 453 589 593 623 679 755 812 824 844 864 903 932 
59 81 231 305 364 536 552 721 729 750 770 775 783 846 950 
137 169 170 318 341 471 498 499 545 628 629 773 859 889 902 
115 233 237 334 338 342 416 551 661 683 817 833 905 959 
30 74 95 104 140 180 403 404 458 659 778 877 999 
82 172 189 251 286 327 350 396 454 634 706 854 987 
78 262 418 501 507 534 560 561 600 655 786 985 
26 39 79 135 266 279 290 377 674 688 731 754 
11 41 89 97 129 222 261 303 366 376 611 
2 17 42 116 273 278 440 448 515 524 916 
10 101 240 374 398 535 557 563 566 921 960 
167 325 354 379 382 386 415 419 580 616 868 
53 113 124 204 320 360 381 695 912 957 
64 178 328 423 475 523 555 569 760 816 
23 57 255 345 430 620 648 726 808 813 
52 105 132 139 359 393 460 625 650 819 
0 51 83 152 344 451 465 478 656 
103 120 125 270 277 302 468 529 682 
1 70 196 280 330 461 728 967 
226 308 592 637 649 776 800 956 
92 228 239 392 522 791 792 940 
84 176 481 509 568 763 807 855 
46 54 311 357 417 601 663 715 
13 155 216 232 355 445 633 
205 274 289 436 504 518 892 
122 171 198 220 363 479 689 
63 202 284 285 503 573 
217 425 455 720 899 955 
85 153 214 358 422 764 
48 332 457 486 597 736 
293 441 483 577 992 
6 71 250 317 790 
184 339 390 444 873 
40 47 185 554 920 
154 213 307 733 988 
130 145 159 163 604 
229 247 271 291 337 
148 162 375 474 537 
56 542 686 838 
276 380 476 562 
75 369 780 
18 432 
50 221 
