60 107 147 164 191 193 211 301 346 506 532 547 610 627 636 666 669 740 771 774 802 810 818 885 927 
32 55 69 201 207 218 246 385 438 439 446 502 508 540 608 667 719 805 832 848 894 963 991 
80 128 175 275 351 361 434 449 467 489 550 596 612 641 657 730 732 788 794 867 937 941 964 
38 45 260 292 297 319 517 549 590 603 615 645 678 699 815 845 850 856 857 900 935 951 971 
35 62 100 166 258 283 314 316 326 329 428 470 485 494 500 614 684 707 741 758 880 886 917 
61 103 114 259 402 408 468 513 528 533 546 598 646 673 717 806 809 821 823 830 874 922 982 
15 134 200 203 236 243 269 300 306 331 482 519 538 581 619 639 711 713 875 911 942 989 
9 112 127 156 188 215 225 265 462 464 484 514 516 570 594 681 882 898 915 925 946 981 
31 33 77 86 108 206 310 340 395 530 572 606 617 651 662 704 705 840 849 936 970 
96 142 165 253 264 309 335 347 497 548 579 621 638 643 723 863 908 928 943 962 
118 158 296 456 564 672 698 708 757 762 798 820 829 839 866 904 919 947 952 996 
5 8 49 99 224 257 288 353 407 459 539 587 595 670 747 895 939 965 
21 36 146 248 281 336 400 413 491 511 576 602 687 692 843 879 948 974 
67 143 186 299 343 372 411 575 582 680 696 703 742 782 881 973 986 990 
138 149 219 230 249 252 295 313 388 437 463 588 652 690 759 785 910 918 
3 110 151 227 241 267 389 394 635 671 725 727 756 777 837 853 929 
12 25 531 541 553 722 767 768 803 804 814 852 890 909 961 975 983 
73 87 131 157 315 493 495 534 567 647 746 765 789 827 878 931 976 
16 24 34 88 91 123 126 324 348 349 371 412 433 702 787 796 835 
4 20 380 424 556 618 660 697 714 752 780 784 876 896 924 984 
37 109 150 197 242 350 362 443 563 676 710 779 801 865 872 944 
58 160 208 367 429 480 492 512 586 675 691 744 772 858 906 968 
76 133 256 263 410 414 544 585 640 781 799 822 834 887 907 953 
287 391 399 442 453 589 593 623 679 755 812 824 844 864 903 932 
44 183 234 282 321 447 477 510 520 521 653 797 897 923 934 
66 94 179 294 323 368 558 565 631 693 724 738 977 995 
11 41 47 185 261 496 559 611 654 716 745 847 883 
177 452 677 734 825 851 884 893 938 992 994 998 
2 17 116 174 273 278 440 448 524 737 891 916 
111 167 239 325 354 379 386 419 522 580 868 957 
162 226 268 393 474 637 649 650 706 733 800 819 
53 154 169 307 381 457 471 509 597 656 773 859 
181 333 472 527 592 701 712 751 860 861 980 
78 262 418 501 507 560 561 600 655 786 985 
81 305 364 536 552 721 750 770 775 846 950 
0 27 51 72 83 152 161 235 344 685 997 
54 204 357 360 417 505 630 715 816 926 
26 115 130 159 279 465 478 661 674 754 
39 79 93 334 422 469 683 731 817 838 
102 397 426 431 466 487 525 658 978 979 
10 101 240 374 398 535 557 566 921 960 
28 90 244 308 370 624 743 831 966 
13 155 216 232 355 445 543 628 633 
136 365 406 409 421 473 583 735 888 
148 209 375 451 537 584 591 905 914 
29 117 378 526 665 766 862 869 871 
65 85 121 153 312 450 476 748 945 
137 170 318 341 498 499 629 889 902 
95 140 180 404 458 778 913 999 
6 71 250 272 317 709 790 828 
68 223 254 599 622 644 826 954 
192 233 338 352 605 642 761 873 
178 270 328 423 523 682 901 930 
42 98 182 342 515 551 607 833 
212 245 359 694 739 749 793 949 
92 228 387 392 490 791 792 940 
52 105 132 251 327 396 460 988 
229 247 271 276 291 337 377 562 
63 202 284 285 384 503 573 
48 144 332 401 836 870 972 
23 430 620 648 726 808 813 
122 171 198 220 363 479 689 
59 231 481 488 568 807 855 
46 135 311 578 688 959 
7 187 266 290 763 776 
1 70 82 196 280 854 
106 199 238 405 841 842 
189 195 286 454 877 987 
274 289 436 504 518 892 
40 330 461 554 571 728 
237 298 356 659 664 993 
43 104 427 435 486 609 
30 74 173 304 403 574 
217 425 455 720 955 
293 441 483 577 729 
22 168 205 613 783 
120 125 190 277 764 
119 210 373 811 958 
18 432 601 663 700 
113 124 320 695 912 
89 97 129 303 366 
145 163 214 358 795 
84 176 194 383 626 
14 141 322 632 
19 420 753 969 
64 475 769 899 
222 376 545 956 
172 416 634 668 
57 255 345 920 
139 302 529 625 
382 415 604 616 
184 339 390 444 
75 369 967 
56 542 686 
555 569 760 
213 933 
718 736 
50 221 
