48 66 81 126 151 153 191 198 323 393 431 455 475 487 502 512 542 559 609 673 685 715 732 758 768 794 795 811 822 841 907 944 949 
12 60 69 121 135 180 285 300 327 372 394 415 453 483 495 499 508 536 606 612 622 646 677 713 714 786 801 803 813 875 941 
26 29 75 125 130 193 200 264 273 278 302 507 518 587 626 632 634 676 705 720 757 773 800 805 840 846 854 908 945 947 
1 15 110 184 275 279 332 344 358 366 368 376 433 548 569 574 597 610 627 689 735 755 770 886 894 914 955 987 992 
36 90 201 262 272 286 288 296 330 343 407 410 481 553 560 639 657 680 681 733 752 766 771 832 861 954 961 962 989 
3 27 77 157 166 169 182 212 217 338 341 356 432 479 497 573 584 659 670 703 772 793 807 859 885 897 980 996 
9 32 40 52 99 106 136 160 205 234 293 339 350 369 371 392 506 519 593 603 663 818 865 874 878 883 977 
57 87 204 222 230 256 298 361 381 391 462 493 496 520 592 598 630 633 700 723 763 796 815 884 921 934 960 
6 28 63 105 252 317 319 337 365 380 399 437 441 526 596 619 640 661 699 750 806 830 855 877 890 903 993 
22 108 174 235 251 307 320 333 389 390 473 522 543 554 565 588 589 590 641 687 759 892 895 898 912 940 975 
76 111 188 206 242 248 253 291 292 328 360 363 435 445 570 604 607 649 668 777 848 849 891 901 937 965 995 
56 62 73 79 221 240 260 269 340 412 439 444 458 527 653 667 706 710 748 775 819 825 906 926 933 976 
54 83 194 335 401 414 443 541 547 561 591 613 655 662 686 701 724 788 817 852 856 866 868 929 968 981 
19 41 91 113 124 128 207 258 314 354 359 442 484 500 509 517 535 538 608 682 797 858 899 913 925 939 
7 143 146 173 245 246 290 310 342 486 521 665 697 742 769 781 785 798 804 836 879 959 967 970 984 
31 145 203 213 214 244 266 297 315 396 404 558 642 650 693 702 736 753 756 779 829 831 909 922 963 
33 44 61 68 78 85 155 185 187 289 316 426 471 582 636 730 751 783 843 851 876 880 881 943 988 
88 176 219 236 306 428 452 531 533 537 638 660 695 707 708 716 784 834 860 864 869 915 974 994 
14 45 47 65 72 114 255 276 362 373 397 422 440 459 468 485 575 620 621 669 888 896 919 936 
4 20 67 70 183 190 257 263 301 324 334 461 494 516 524 625 827 847 923 946 950 956 973 986 
0 25 39 64 149 168 226 259 299 329 418 447 465 488 505 594 674 688 691 740 802 838 957 
21 116 144 167 249 348 349 385 406 421 436 551 563 567 577 628 672 747 761 867 935 983 
11 133 162 270 281 336 377 384 504 511 635 725 746 765 782 790 808 850 893 931 952 953 
24 112 148 216 239 331 416 425 457 482 614 618 624 637 739 792 810 835 924 938 
51 59 80 89 150 282 419 427 568 571 599 605 631 690 764 799 824 842 853 972 
16 18 30 74 82 98 171 231 243 265 312 469 491 545 581 586 774 917 930 
50 93 95 170 179 189 209 224 403 438 480 579 722 726 789 820 826 951 
43 55 71 86 107 141 232 382 648 744 780 809 821 844 889 916 948 
104 172 181 233 267 405 408 430 489 556 679 731 863 900 932 958 
175 303 313 420 467 515 539 549 595 602 645 666 671 683 727 745 
100 295 309 347 386 448 513 601 611 629 718 791 812 823 902 
161 164 202 250 322 417 474 492 576 616 694 704 828 928 
120 123 152 195 268 423 472 617 698 845 920 927 966 
10 35 42 96 177 192 220 357 367 411 644 882 
241 434 550 566 654 675 734 816 942 964 971 998 
103 137 277 283 355 374 383 658 743 871 887 
8 13 58 223 229 308 470 564 709 814 999 
46 165 254 271 321 353 580 583 585 651 767 
53 92 142 196 215 413 647 684 717 911 982 
352 476 510 615 664 719 737 749 872 991 
131 364 456 464 466 490 623 696 728 778 
197 211 237 346 398 451 555 562 870 905 
159 280 284 370 552 837 910 918 969 979 
17 378 379 523 678 741 754 762 873 978 
94 101 147 178 199 305 501 532 692 
84 163 325 351 711 862 990 
97 119 287 498 530 572 600 
37 122 228 261 388 528 
127 156 345 450 525 656 
49 395 449 544 787 839 
139 311 326 478 514 540 
218 304 463 529 721 857 
117 210 712 776 985 
225 318 387 409 997 
109 115 154 247 833 
129 158 208 503 760 
23 118 134 227 557 
34 238 400 402 
186 424 477 738 
5 132 652 904 
102 294 375 729 
2 274 446 643 
38 138 454 460 
429 546 578 
140 534 
