3 27 77 157 166 169 182 212 217 338 341 356 432 479 497 573 584 659 670 703 772 793 807 859 885 897 980 996 
9 32 40 52 99 106 136 160 205 234 293 339 350 369 371 392 519 593 603 663 818 865 874 878 883 977 
57 204 222 230 256 298 361 381 391 462 493 496 520 592 598 630 633 700 723 763 796 815 884 921 934 960 
19 41 91 113 124 128 207 258 314 354 359 442 484 500 509 517 535 538 608 797 858 899 913 925 939 
135 285 300 327 394 415 453 483 495 499 508 536 606 612 622 646 677 713 714 786 801 803 875 941 
54 83 194 401 414 443 541 547 561 591 613 655 662 686 701 724 788 817 852 866 868 929 968 981 
33 44 68 78 85 155 185 187 289 316 426 471 582 636 730 751 783 843 851 876 880 881 943 988 
14 45 47 65 72 114 255 276 362 373 397 422 440 459 468 485 620 621 669 888 896 919 936 
67 70 183 190 257 263 301 324 334 461 494 516 524 625 827 847 923 946 950 956 973 986 
88 176 236 428 452 531 533 537 638 660 695 707 716 784 834 860 864 869 915 974 994 
21 116 144 167 249 348 349 385 406 421 436 551 563 577 628 672 747 761 867 935 983 
15 110 275 332 344 366 376 433 548 569 597 689 735 755 770 886 894 914 955 987 992 
11 133 162 270 281 336 377 504 511 635 725 746 765 782 790 808 850 893 931 952 953 
51 59 80 89 150 282 419 427 568 571 599 605 631 690 764 799 824 842 853 972 
29 125 264 273 278 507 518 626 632 634 676 705 720 757 773 805 840 854 945 947 
16 18 30 74 82 98 171 231 243 265 312 469 491 545 581 586 774 917 930 
24 112 148 216 239 331 416 425 457 482 614 624 637 739 792 810 835 924 938 
0 39 168 259 272 407 418 447 465 488 505 594 674 688 691 728 740 802 957 
62 197 211 218 221 237 304 346 398 451 529 555 562 667 706 819 825 870 905 
108 251 320 333 389 390 473 522 554 565 588 589 590 641 892 895 898 912 940 
66 126 151 191 254 542 609 685 715 732 758 768 794 795 811 841 907 944 
36 201 296 330 343 481 560 643 657 733 752 766 771 832 861 961 962 989 
146 175 303 313 458 467 515 539 546 549 595 602 645 666 671 683 745 
73 79 269 340 412 439 444 527 653 710 748 775 906 926 933 976 
31 214 244 266 297 315 404 558 642 702 753 756 829 831 963 
104 172 233 267 405 408 430 489 556 679 731 863 900 932 958 
7 173 246 342 486 521 697 769 785 804 836 967 970 984 
35 42 100 177 192 295 367 448 513 611 823 902 948 
43 50 93 95 232 250 579 704 722 726 789 820 826 
111 206 328 363 523 604 607 668 762 777 849 901 965 
28 63 105 252 337 399 526 619 692 750 877 890 993 
23 134 145 188 203 223 470 650 693 709 779 909 922 
153 386 393 431 455 475 487 502 512 559 822 949 
6 60 69 180 268 365 498 600 661 855 903 
4 20 25 64 149 226 299 329 476 778 838 
86 241 403 413 566 647 734 816 964 971 
143 290 310 640 665 742 781 798 879 959 
1 8 58 279 358 564 574 578 610 627 
352 510 615 664 719 737 749 872 991 
103 283 355 374 383 658 743 871 887 
10 96 220 309 357 411 420 812 882 
161 202 322 474 492 576 616 694 928 
76 242 253 291 292 360 649 937 995 
26 75 130 193 587 846 908 985 
142 165 215 321 490 583 717 982 
49 317 319 395 530 596 806 839 
55 71 107 382 744 821 844 889 
138 379 445 460 570 678 741 873 
90 184 368 410 553 639 680 954 
123 152 195 472 617 845 927 966 
22 158 174 307 318 387 503 543 
224 480 648 718 760 916 951 
550 654 675 684 738 942 998 
48 81 109 115 154 247 833 
271 437 601 644 780 787 809 
94 101 199 450 525 532 572 
118 227 311 326 514 540 557 
127 156 262 345 567 656 681 
56 240 456 464 585 651 918 
178 248 305 347 629 682 791 
131 147 323 364 466 501 
170 186 209 477 580 767 
164 179 189 417 438 828 
140 200 302 534 800 990 
17 97 119 287 699 830 
46 219 306 353 429 708 
129 208 235 380 384 687 
61 424 552 698 969 979 
139 274 435 478 891 978 
5 12 132 372 652 904 
37 181 228 388 528 
13 229 396 814 999 
34 198 238 286 288 
308 370 837 862 910 
84 163 213 378 754 
87 260 335 441 712 
121 400 402 736 813 
122 245 261 575 673 
506 623 696 727 
120 280 423 920 
38 325 454 618 
53 196 434 759 
225 409 711 911 
102 294 375 729 
463 721 848 857 
141 449 544 776 
137 159 277 284 
2 446 997 
117 210 975 
92 351 856 
