7 31 101 109 115 121 270 354 444 455 544 625 647 712 722 729 769 820 872 874 927 970 991 995 
76 95 98 138 252 292 364 399 407 514 548 593 623 640 650 680 692 714 728 734 869 950 953 985 
25 85 129 191 231 294 362 398 497 506 512 522 621 654 699 701 759 824 830 845 909 915 971 
59 67 80 82 137 209 222 227 286 359 416 434 539 601 629 669 678 691 733 804 839 882 
10 158 180 211 232 329 429 603 632 689 747 786 800 825 840 887 896 903 905 935 958 987 
12 79 84 108 240 473 509 563 659 664 798 801 860 871 906 911 914 923 946 959 963 969 
91 120 274 305 321 340 456 503 528 591 595 782 785 791 803 842 856 876 889 898 907 925 
72 182 192 285 313 374 451 525 696 711 752 765 783 814 837 838 857 897 920 
4 54 61 266 279 291 334 375 498 532 602 676 730 746 774 778 941 949 962 
202 218 230 260 324 338 536 541 551 589 631 688 754 762 788 832 929 974 998 
15 139 154 244 296 347 496 571 574 580 608 609 645 662 697 834 926 972 
23 51 71 104 125 134 155 172 175 258 310 373 587 672 710 792 795 831 
94 187 289 301 360 365 382 432 457 485 493 717 779 790 805 822 844 913 
185 216 309 355 400 410 504 538 660 702 720 777 893 895 931 952 982 
11 162 251 303 704 723 726 758 819 823 847 858 886 901 986 
41 140 179 350 394 472 515 576 636 793 833 880 894 947 966 
38 77 83 135 245 327 401 402 419 516 519 736 770 853 983 
5 248 337 467 474 615 643 716 741 799 850 890 922 930 
35 87 293 312 332 413 447 653 693 748 848 877 924 993 
103 112 205 267 358 414 468 500 553 649 713 868 884 992 
50 210 228 229 233 311 421 430 487 648 709 841 885 891 
124 178 235 396 409 465 513 533 624 661 753 780 939 
52 199 236 425 489 526 584 619 766 810 811 954 960 
60 106 122 195 247 302 304 459 588 633 657 715 990 
40 143 152 156 181 268 391 471 478 494 675 784 964 
384 387 492 495 552 598 607 665 744 787 859 948 961 
24 26 93 225 379 529 577 611 635 942 967 988 
32 37 234 241 317 318 356 357 424 599 614 863 
20 74 153 168 403 550 658 684 685 724 938 975 
70 254 320 348 436 442 627 668 796 873 932 937 
126 161 207 306 352 412 428 490 535 612 695 760 
14 48 287 335 389 545 604 652 718 908 957 
81 146 298 435 511 651 708 735 861 979 997 
8 169 343 367 441 461 517 542 706 745 977 
45 127 173 250 520 585 617 739 761 771 904 
18 107 148 345 349 454 501 505 523 694 743 
88 111 257 323 333 433 518 556 646 749 806 
110 206 295 392 507 575 821 852 855 928 940 
89 308 378 417 446 453 776 816 828 867 902 
253 265 284 326 488 698 768 813 826 999 
46 57 64 117 188 307 339 460 483 530 
65 261 385 397 405 481 606 626 630 642 
0 63 271 330 644 674 687 870 994 
102 105 369 383 477 524 592 597 981 
22 114 166 170 499 557 700 751 943 
30 49 68 255 637 667 775 854 865 
53 159 315 408 437 605 610 670 721 
55 282 344 415 476 555 559 594 750 
39 186 376 406 420 423 719 740 843 
92 163 200 377 466 547 565 921 978 
47 224 239 336 363 464 521 546 900 
196 328 531 566 581 620 703 757 802 
99 193 204 393 561 764 773 989 
33 167 366 543 737 875 919 945 
100 197 297 452 558 732 851 892 
130 219 277 381 462 639 866 955 
157 300 431 573 596 815 934 944 
19 132 141 164 203 426 578 973 
97 113 272 570 616 797 917 933 
116 280 281 404 549 564 638 663 
58 62 299 351 449 502 590 707 
96 145 470 613 655 671 789 827 
29 73 171 174 177 422 641 742 
1 42 56 263 479 772 916 
28 66 119 190 283 319 579 
160 368 480 486 568 883 965 
43 176 214 249 440 809 879 
36 165 276 371 682 910 918 
183 184 380 463 475 572 849 
86 223 269 316 484 534 888 
34 194 215 275 278 418 656 
149 443 450 491 508 527 794 
290 390 634 677 679 836 899 
90 189 208 341 439 445 510 
6 256 264 372 395 554 808 
2 221 346 427 666 812 
44 142 314 325 342 727 
16 75 353 537 586 817 
21 150 469 540 912 980 
27 128 198 288 622 763 
69 262 322 482 731 829 
201 213 331 388 683 738 
78 123 212 237 562 673 
118 361 370 448 582 781 
144 243 411 458 600 628 
131 147 686 755 756 878 
9 386 818 976 984 
560 725 767 936 951 
13 681 705 968 
151 242 567 864 
246 569 583 690 
3 133 618 835 
238 259 807 956 
136 220 226 846 
17 217 881 
273 438 862 
996 
