202 218 230 260 324 338 536 541 551 589 631 688 754 762 788 832 929 974 998 
23 51 71 104 125 134 155 172 175 258 310 373 587 672 710 792 795 831 
72 101 181 192 285 374 696 711 752 765 783 814 837 838 857 897 920 
10 158 232 329 603 632 747 786 800 825 840 887 896 905 935 958 987 
94 289 301 360 365 382 432 457 485 493 717 779 790 805 822 844 913 
185 216 309 355 400 410 504 538 660 702 720 777 893 895 952 982 
140 179 350 394 472 515 636 793 833 880 894 947 966 
5 248 467 474 615 643 741 799 850 890 922 930 
77 83 245 327 401 402 419 516 736 770 853 983 
124 178 235 409 513 533 661 753 780 939 
80 286 428 601 604 612 669 691 733 804 
33 46 64 167 188 307 530 585 665 852 
97 117 209 358 359 460 500 616 723 797 
60 195 247 302 304 459 588 633 976 990 
20 153 168 224 403 546 684 724 729 975 
40 143 268 391 471 478 494 675 784 964 
321 503 528 591 657 842 856 876 889 907 
3 84 91 133 293 303 305 618 776 801 
62 110 115 295 317 363 441 461 464 900 
149 173 207 250 270 351 443 502 590 794 
88 111 323 333 433 518 556 646 806 819 
65 187 385 397 405 576 606 626 630 642 
0 63 477 524 592 674 686 870 994 
154 244 347 571 574 609 645 834 972 
45 127 193 204 599 739 761 771 904 
32 57 339 349 408 424 505 670 743 
206 392 507 575 785 821 855 928 940 
76 407 514 623 650 680 714 950 953 
54 61 291 383 396 465 490 597 624 
118 186 370 376 406 423 542 582 843 
85 191 362 512 654 824 830 845 915 
92 123 163 200 547 562 565 921 978 
14 52 145 389 489 619 671 766 811 
210 229 233 421 430 648 709 885 891 
44 48 102 314 325 545 563 718 
4 266 532 607 730 774 778 941 
100 197 297 452 558 732 851 892 
105 211 369 448 644 687 738 981 
90 126 341 412 439 445 695 916 
151 239 242 280 521 564 567 864 
164 712 722 769 872 927 970 995 
19 141 203 566 578 620 658 854 
12 79 108 509 860 959 963 969 
138 227 284 434 488 548 796 886 
161 306 352 450 491 535 760 839 
95 98 364 593 640 728 869 985 
299 367 449 496 520 662 706 745 
96 129 271 332 613 789 827 877 
27 128 198 288 531 757 763 808 
231 318 356 522 605 849 866 878 
59 82 337 416 737 871 882 
74 89 483 685 828 938 954 
53 159 267 414 473 550 820 
15 139 142 169 342 343 451 
130 219 277 381 462 639 955 
16 75 353 537 586 791 817 
58 132 426 470 655 707 973 
67 137 222 254 320 328 668 
183 184 253 265 380 475 826 
281 480 486 549 638 663 960 
29 73 171 422 641 742 924 
107 148 238 259 697 807 956 
36 165 276 371 682 910 918 
223 262 269 330 534 888 919 
25 113 272 294 398 570 909 
182 346 417 427 525 862 902 
384 387 495 598 859 948 961 
8 264 395 411 517 600 628 
275 278 296 315 378 437 610 
99 561 580 773 884 989 
86 279 316 375 484 812 
81 146 393 651 809 997 
9 256 386 554 703 984 
11 162 251 704 758 901 
2 180 221 666 847 858 
69 241 322 614 699 986 
201 213 602 676 740 962 
28 579 664 759 798 946 
1 42 56 263 479 539 
22 114 166 700 751 943 
49 68 482 677 731 933 
70 348 442 873 932 937 
282 415 436 559 594 750 
157 431 455 456 679 719 
106 122 453 656 715 926 
189 208 510 756 764 802 
35 116 404 447 637 667 
21 150 469 540 912 
287 335 652 908 957 
50 205 228 311 977 
366 543 772 875 945 
31 121 647 810 991 
170 361 497 506 980 
300 573 596 934 944 
18 345 501 815 971 
377 466 487 659 818 
511 653 861 936 979 
34 194 215 418 803 
160 368 568 883 965 
131 147 252 627 735 
37 234 331 388 863 
41 292 344 476 692 
6 372 755 846 867 
136 220 226 836 925 
87 693 748 848 993 
103 112 468 553 992 
66 119 190 283 319 
144 243 444 458 629 
312 413 492 683 701 
43 176 214 249 440 
47 336 508 526 527 
529 611 649 713 
174 177 313 923 
7 584 725 768 
38 135 519 874 
13 681 705 968 
30 255 775 868 
24 379 635 942 
622 689 879 988 
463 572 583 690 
93 225 577 967 
399 608 625 716 
334 498 898 949 
257 544 621 749 
240 326 698 721 
109 298 435 708 
236 274 425 726 
152 156 196 581 
78 237 767 951 
199 261 481 552 
246 354 560 569 
39 273 420 438 
617 734 931 
55 555 727 
17 217 881 
26 744 787 
120 595 678 
340 782 917 
357 499 829 
906 911 914 
429 746 903 
212 673 813 
454 523 694 
290 634 899 
390 557 781 
308 446 816 
823 835 
841 865 
999 
996 
