27 32 45 61 70 108 141 160 190 203 229 269 272 285 303 323 355 368 369 390 395 415 431 478 497 505 574 612 633 683 713 780 820 872 873 977 988 
2 6 31 98 118 119 131 138 179 185 187 205 206 217 230 262 288 345 351 377 385 428 436 491 492 568 611 696 707 816 894 902 904 941 978 
21 23 104 106 158 216 258 341 381 410 416 464 480 511 545 548 573 620 632 652 695 745 759 764 775 800 814 843 857 892 903 908 914 975 981 
18 46 69 74 76 100 109 129 149 298 319 326 329 332 452 453 462 481 537 562 565 615 638 688 689 743 749 769 791 861 870 926 927 935 
29 77 78 84 111 142 144 148 171 189 226 237 279 439 444 451 500 503 510 512 551 587 591 618 656 692 776 797 822 851 905 911 923 945 
1 72 192 197 215 247 295 343 364 374 386 411 419 474 495 529 559 600 601 624 676 687 694 714 750 795 823 832 878 887 915 951 990 
30 64 133 193 199 271 286 312 337 366 367 388 396 476 514 540 560 593 602 616 681 708 725 747 752 767 817 826 867 876 924 934 995 
36 53 95 117 127 159 176 177 218 265 294 373 425 443 539 557 596 609 634 672 701 702 720 774 782 806 810 821 840 942 954 962 963 
48 62 89 195 207 234 338 363 378 429 433 469 490 494 536 544 550 640 660 710 715 724 740 753 790 794 833 838 852 966 987 996 
14 39 66 88 105 121 124 128 136 150 167 201 228 245 289 331 333 362 417 427 459 475 523 671 677 709 756 829 831 854 880 958 
3 12 50 59 82 113 255 259 260 283 293 300 324 402 558 571 608 619 668 679 699 739 746 864 890 932 936 944 948 989 993 
35 243 248 267 334 346 384 421 426 441 466 482 499 507 519 534 613 653 678 684 693 798 804 841 855 940 956 965 974 984 998 
16 26 58 85 86 93 96 157 273 313 327 359 414 485 506 516 531 597 599 669 691 728 792 803 859 871 898 952 969 983 
101 110 151 152 165 198 274 281 287 292 339 382 404 424 450 515 555 617 639 664 667 731 733 812 865 912 939 979 980 
34 60 75 154 170 180 242 256 291 305 318 391 399 434 455 487 496 502 546 563 564 603 761 762 910 960 961 986 991 
24 178 220 221 232 296 307 309 317 365 406 422 445 471 535 592 627 637 654 726 751 777 835 856 881 891 955 976 
9 13 44 49 67 79 139 174 240 249 316 320 321 361 405 448 473 554 622 657 661 685 765 770 786 853 888 
40 52 68 164 175 250 277 360 379 407 409 461 527 549 561 572 580 604 651 659 742 766 772 818 858 889 964 
7 19 38 42 132 140 147 276 306 315 403 447 570 614 666 673 737 760 799 801 811 863 868 886 900 959 
22 55 134 183 200 219 233 235 314 344 358 398 401 430 509 590 686 729 736 778 787 819 834 899 925 929 
182 191 253 254 264 371 392 460 513 525 567 569 584 628 644 655 698 717 723 735 754 807 808 844 874 957 
63 65 115 116 122 155 213 227 236 241 299 311 340 408 489 543 579 598 626 680 711 718 875 967 970 972 
20 94 156 181 222 308 330 357 387 470 477 484 508 517 582 631 700 732 755 793 884 897 922 928 953 
184 196 278 336 342 383 472 585 605 636 643 650 674 722 768 784 788 802 825 879 937 968 971 982 994 
41 194 231 348 457 458 486 488 501 538 553 556 578 607 610 641 670 705 789 837 847 877 882 901 949 
0 17 47 97 102 126 163 186 211 224 352 370 423 454 518 520 532 697 721 744 748 779 809 933 
15 57 81 92 99 169 238 246 261 263 389 397 442 552 586 589 648 675 716 738 783 813 913 985 
8 10 244 266 322 328 446 521 541 625 658 663 704 719 796 815 850 862 869 896 931 950 973 
80 107 114 130 143 251 268 290 413 524 530 566 577 629 706 773 846 883 893 916 919 930 946 
4 54 137 145 153 214 310 335 375 394 412 438 456 468 542 547 595 621 771 781 830 849 918 
125 146 304 380 418 420 449 522 526 635 785 805 839 845 866 909 920 921 
25 87 91 120 354 606 662 758 828 938 943 947 999 
172 270 347 353 440 576 623 665 712 734 827 860 
11 37 204 210 275 400 437 504 581 885 
5 112 188 223 376 528 741 848 
123 162 252 372 483 824 917 
135 168 225 349 575 649 842 
56 257 280 533 588 646 682 
166 356 432 435 703 727 757 
71 302 467 493 647 730 
103 325 690 763 895 
28 202 463 645 997 
33 284 350 393 465 
43 282 498 583 642 
73 209 212 836 
90 161 239 906 
51 208 907 
83 173 594 
630 992 
297 301 
479 
