48 66 81 126 151 153 191 198 323 393 431 455 475 487 512 542 559 609 673 685 715 732 758 768 794 795 811 822 841 907 944 949 
12 60 69 121 135 180 285 300 327 372 394 415 453 483 495 499 508 536 606 612 622 646 677 713 714 786 801 803 813 875 941 
3 27 77 157 166 169 182 212 217 338 341 356 432 479 497 573 584 659 670 703 772 793 807 859 885 897 980 996 
57 87 204 222 230 256 298 361 381 391 462 493 496 520 592 598 630 633 700 723 763 796 815 884 921 934 960 
36 90 201 272 286 288 296 330 343 407 410 481 553 560 639 657 680 733 752 766 771 832 861 954 961 962 989 
56 62 73 79 221 240 260 269 340 412 439 444 458 527 653 667 706 710 748 775 819 825 906 926 933 976 
54 83 194 335 401 414 443 541 547 561 591 613 655 662 686 701 724 788 817 852 856 866 868 929 968 981 
9 32 40 52 99 106 136 160 205 234 293 339 350 369 371 392 519 593 603 663 818 865 874 878 883 977 
19 41 91 113 124 128 207 258 314 354 359 442 484 500 509 517 535 538 608 682 797 858 899 913 925 939 
6 28 63 105 252 317 319 337 365 380 399 441 526 596 619 640 661 699 750 806 830 855 877 890 903 993 
31 145 203 213 214 244 266 297 315 396 404 558 642 650 693 702 736 753 756 779 829 831 909 922 963 
50 93 95 164 170 179 189 209 224 318 387 403 417 438 480 579 694 722 726 789 820 826 828 951 
33 44 68 78 85 155 185 187 289 316 426 471 582 636 730 751 783 843 851 876 880 881 943 988 
4 20 67 70 183 190 257 263 301 324 334 461 494 516 524 625 827 847 923 946 950 956 973 986 
15 110 184 275 332 344 366 368 376 433 548 569 597 610 689 735 755 770 886 894 914 955 987 992 
14 45 47 65 72 114 255 276 362 373 397 422 440 459 468 485 620 621 669 888 896 919 936 
11 133 162 270 281 336 377 384 504 511 635 725 746 765 782 790 808 850 893 931 952 953 
17 29 125 235 264 273 278 507 518 626 632 634 676 705 720 757 773 805 840 854 945 947 
176 219 306 428 452 533 537 638 660 695 707 708 716 784 834 860 864 869 915 974 994 
21 116 144 167 249 348 349 385 406 421 436 551 563 577 628 672 747 761 867 935 983 
0 25 39 149 168 259 299 329 418 447 465 488 505 594 674 688 691 740 802 838 957 
108 251 320 333 389 390 473 522 543 554 565 588 589 590 641 759 892 895 898 912 940 
51 59 80 89 150 282 419 427 568 571 599 605 631 690 764 799 824 842 853 972 
16 18 30 74 82 98 171 231 243 265 312 469 491 545 581 586 774 917 930 
24 112 148 216 239 331 416 425 457 482 614 624 637 739 792 810 835 924 938 
111 188 206 363 379 445 523 570 604 607 668 678 741 762 777 849 873 901 965 
55 71 86 107 141 192 382 437 644 648 744 780 809 821 844 889 916 948 
104 172 181 233 267 405 408 430 463 489 556 679 721 731 863 900 932 958 
7 173 246 290 342 486 521 697 785 804 836 879 967 970 984 
100 295 309 347 386 448 513 601 611 629 718 791 812 823 902 
146 175 303 420 429 467 539 546 549 645 666 671 683 727 745 
5 26 75 130 132 193 200 302 587 652 800 846 908 985 
76 242 248 253 291 292 328 360 649 848 891 937 995 
241 434 550 566 654 675 734 816 942 964 971 998 
127 143 156 245 310 665 742 769 781 798 904 959 
120 123 152 195 268 423 472 617 698 845 927 966 
178 305 352 510 615 664 719 737 749 872 991 
161 202 250 322 474 492 576 616 704 928 
197 211 237 346 398 451 555 562 870 905 
53 92 196 413 647 684 717 911 982 
23 118 134 227 311 326 514 540 557 
283 355 374 383 743 778 871 887 
13 223 229 308 470 709 814 999 
22 129 158 174 208 307 503 687 
165 254 271 321 490 506 583 623 
10 35 42 96 177 367 411 
137 159 220 277 284 357 882 
84 163 325 351 618 862 990 
94 101 147 199 501 532 692 
49 395 449 544 712 776 787 
109 115 154 247 643 760 833 
117 210 280 839 920 969 975 
139 274 435 478 595 857 978 
97 119 287 498 530 572 600 
46 353 580 585 651 767 
88 103 140 236 534 658 
131 364 456 464 466 696 
37 228 345 450 525 656 
61 370 837 910 918 979 
122 261 388 528 552 575 
1 279 358 574 578 
38 138 454 460 728 
43 232 378 531 754 
142 215 262 567 681 
218 304 313 515 529 
34 238 400 402 502 
186 424 477 738 
225 409 602 711 
8 58 564 627 
102 294 375 729 
2 446 997 
64 226 476 
