2 10 64 68 95 101 145 204 214 223 240 254 328 358 360 374 398 420 505 523 535 557 563 566 574 599 613 622 630 644 668 760 795 816 826 921 926 954 960 
16 34 41 88 91 164 181 261 303 348 349 352 371 412 433 496 503 559 605 642 654 702 716 745 761 787 796 835 847 873 883 
43 51 102 152 235 333 344 397 426 427 431 435 466 472 487 488 525 527 607 609 658 701 712 751 860 861 978 979 980 997 
53 137 155 169 170 216 232 318 341 355 381 445 451 471 498 499 509 545 597 628 629 633 656 763 773 807 859 889 902 956 
6 44 56 71 183 234 248 250 282 317 321 425 447 455 477 510 520 521 653 685 700 720 790 797 828 842 897 923 934 
61 103 114 148 222 259 272 375 376 402 408 468 513 528 533 546 598 646 673 717 806 809 821 823 830 874 922 982 
0 37 63 65 83 109 121 150 197 202 242 312 362 384 401 443 573 676 710 748 779 801 836 865 872 944 945 972 
40 66 123 132 179 209 244 294 323 324 330 368 452 461 554 558 565 584 591 631 693 724 738 870 914 977 995 
9 112 127 156 188 215 217 225 265 462 464 484 514 516 536 570 594 681 749 882 898 915 920 925 946 981 
14 60 107 141 147 191 193 211 301 346 506 532 547 610 627 636 666 669 740 771 774 802 810 818 885 927 
80 128 175 275 343 351 361 434 449 467 489 550 596 612 641 657 730 732 769 788 794 867 937 941 964 
50 98 118 144 158 182 221 296 456 564 672 698 708 757 762 798 820 829 839 866 904 919 947 952 996 
15 89 129 134 200 203 236 243 269 300 306 331 482 519 538 581 619 639 711 713 875 911 942 989 
92 111 167 228 239 284 285 308 325 354 379 386 392 419 457 486 522 580 649 791 792 868 940 957 
28 177 293 370 441 483 537 577 624 677 734 743 825 831 851 884 893 913 938 966 992 994 998 
13 67 143 186 195 299 372 411 524 542 575 582 680 686 696 703 742 782 838 916 973 986 990 
27 31 33 72 77 86 108 206 310 340 395 530 572 606 617 651 662 704 705 840 849 936 970 
38 45 260 292 297 319 517 549 590 603 615 645 678 699 815 845 850 856 857 900 935 951 971 
35 62 100 166 258 283 314 316 326 329 428 470 485 494 500 614 684 707 741 758 880 886 917 
29 117 136 161 174 207 212 245 406 409 473 481 526 665 735 739 753 766 793 862 869 871 949 
69 201 218 246 383 385 438 439 446 502 508 540 608 667 718 719 805 832 848 894 963 991 
12 25 163 194 276 387 490 531 541 553 562 722 767 768 803 804 814 852 890 961 975 983 
1 73 87 131 157 280 281 315 493 495 567 578 647 709 728 746 765 789 827 878 931 976 
19 24 106 126 178 199 238 270 298 322 356 405 423 543 571 664 682 841 901 930 969 993 
5 8 49 99 224 257 288 353 378 407 459 539 587 595 626 670 747 888 895 939 965 
21 36 97 146 336 366 400 413 491 511 576 602 632 687 689 692 776 843 879 948 974 
96 142 165 205 253 264 309 335 347 497 548 579 621 638 643 723 863 908 928 943 962 
7 58 160 187 190 208 367 429 480 492 512 586 675 691 744 764 772 858 906 933 968 
138 149 173 219 230 249 252 268 295 304 313 388 437 463 588 652 690 759 785 910 918 
76 90 133 192 256 263 410 414 544 585 640 737 781 799 822 834 887 891 907 953 
3 32 55 110 151 227 241 267 389 394 635 671 725 727 756 777 837 853 929 
4 20 198 210 220 424 556 618 660 697 714 752 780 784 876 896 924 984 
287 391 399 442 450 453 583 589 593 623 679 755 812 824 844 864 903 932 
23 274 422 430 436 475 568 620 648 726 808 813 855 892 899 
115 233 237 334 338 342 416 551 661 683 817 833 905 959 
59 81 231 305 364 552 721 729 750 770 775 783 846 950 
113 124 130 159 320 382 415 465 478 604 616 695 912 
46 93 213 266 290 311 359 365 377 469 688 694 988 
78 262 418 501 507 534 560 561 600 655 786 985 
139 154 307 393 592 625 637 650 706 733 800 819 
30 74 104 140 180 403 404 458 659 877 999 
26 39 79 135 184 279 339 390 674 731 754 
70 82 189 196 286 302 454 529 736 854 987 
11 47 48 75 185 332 369 611 967 
52 105 119 373 460 811 881 909 958 
22 116 162 168 273 278 474 955 
172 251 327 350 396 555 569 634 
17 229 247 271 291 337 440 448 
54 94 357 417 444 715 778 
84 176 421 601 663 
85 153 226 380 476 
122 171 363 479 
120 125 277 
289 504 518 
57 255 345 
18 432 
42 515 
