180 232 329 429 603 632 689 747 786 800 825 840 887 896 903 905 935 958 987 
202 218 230 260 324 338 536 541 551 589 631 688 754 762 788 832 929 974 998 
23 51 71 104 125 134 155 172 175 258 310 373 587 672 710 792 795 831 
185 216 309 355 400 410 504 538 660 702 720 777 893 895 952 980 982 
94 289 301 360 365 382 432 457 485 493 717 779 790 805 822 844 913 
72 101 181 285 312 413 711 752 783 814 837 857 897 
40 65 187 261 268 385 397 405 481 576 606 784 964 
41 179 394 472 515 636 793 833 880 894 947 966 
4 266 532 607 630 642 730 746 774 778 941 962 
22 114 166 170 363 441 461 464 557 700 751 943 
257 544 712 722 729 769 820 872 874 927 970 995 
77 83 245 327 401 402 419 516 736 770 853 983 
70 254 320 348 436 442 627 668 796 873 932 937 
59 67 82 137 222 227 416 434 444 629 882 
0 63 330 471 644 674 675 686 755 870 994 
154 244 296 347 496 571 574 609 645 834 972 
11 162 251 704 723 758 819 847 858 901 986 
12 79 108 509 664 801 860 871 959 963 969 
321 503 528 591 657 842 856 876 889 907 925 
50 118 311 370 376 396 406 490 582 836 843 
85 191 362 497 506 512 654 824 830 845 915 
95 98 252 292 593 640 692 734 869 950 985 
15 86 139 279 316 375 451 484 806 812 
124 178 235 409 513 533 661 753 780 939 
6 138 192 372 374 548 696 765 838 920 
248 337 467 474 643 741 850 890 922 930 
3 39 133 201 213 273 420 438 618 740 
105 110 211 295 369 448 626 687 738 981 
53 126 159 267 341 412 414 439 695 916 
24 262 379 482 529 611 635 799 942 988 
17 28 38 135 217 519 579 881 911 946 
80 286 428 601 604 612 669 691 733 804 
76 364 407 514 623 650 680 714 728 953 
106 122 195 247 302 304 459 633 715 990 
30 43 176 214 249 255 440 637 667 775 
35 87 116 404 447 653 693 748 848 993 
37 69 234 322 331 357 388 499 699 829 
210 228 229 233 421 430 648 709 885 891 
62 115 144 243 299 317 449 458 599 739 
100 197 297 452 558 732 851 892 977 
18 345 468 501 520 553 585 815 904 
32 57 339 408 424 670 719 743 864 
54 93 97 225 291 465 577 616 967 
206 392 507 575 785 821 855 928 940 
49 68 88 323 333 518 556 646 749 
34 194 199 215 418 552 656 665 900 
25 113 256 272 294 398 554 570 909 
96 163 411 565 600 613 628 683 789 
5 149 236 274 425 443 615 726 951 
66 119 190 283 319 349 354 505 560 
99 193 204 561 580 764 773 989 
48 287 335 545 652 718 908 957 
19 132 141 164 203 426 578 973 
27 128 183 198 288 380 763 933 
1 42 56 263 479 539 811 867 
20 153 168 403 658 684 724 975 
161 306 352 450 491 535 760 839 
84 293 303 308 446 798 906 914 
8 264 367 395 517 662 706 745 
143 280 334 391 478 494 498 564 
74 89 483 685 828 938 954 
7 284 326 488 698 768 999 
33 167 366 543 875 919 945 
10 90 158 184 445 475 841 
55 142 169 342 343 555 727 
130 219 277 381 462 639 955 
16 75 353 537 586 791 817 
157 300 431 573 596 934 944 
231 492 522 621 701 759 771 
281 480 486 549 638 663 960 
120 224 239 521 546 595 678 
29 73 171 422 641 742 924 
117 377 460 466 744 854 948 
107 148 238 259 697 807 956 
36 165 276 371 682 910 918 
173 207 250 270 351 502 590 
566 583 620 649 690 713 849 
182 346 417 427 525 862 902 
58 470 608 625 655 707 926 
275 278 454 463 523 572 694 
46 64 188 307 530 852 
151 242 567 602 676 949 
111 131 147 433 511 735 
52 189 208 489 510 619 
290 390 634 677 679 899 
209 358 359 500 761 781 
384 387 495 598 859 961 
152 156 196 581 757 808 
186 328 423 531 542 703 
315 437 610 863 866 878 
21 150 469 540 912 
145 671 767 936 997 
31 121 647 810 991 
2 221 659 666 731 
455 456 605 721 868 
160 368 568 883 965 
45 127 487 818 826 
78 123 237 562 886 
140 350 361 861 976 
282 415 559 594 750 
340 772 782 803 917 
92 200 547 921 978 
103 112 205 884 992 
44 240 314 325 563 
129 271 332 827 877 
81 146 393 651 809 
14 389 584 725 766 
61 378 453 624 816 
47 336 508 526 527 
60 91 305 588 776 
174 177 313 923 
102 524 617 931 
13 681 705 968 
253 265 399 716 
223 269 534 888 
473 477 550 592 
109 298 435 708 
383 597 756 802 
136 220 226 846 
241 318 356 614 
9 386 984 
622 737 971 
865 879 979 
26 787 898 
344 476 797 
246 569 794 
212 673 813 
823 835 
996 
