10 158 180 232 329 429 603 632 689 747 786 800 825 840 887 896 903 905 935 958 987 
76 95 98 252 292 364 407 514 593 623 640 650 680 692 714 728 734 869 950 953 985 
202 218 230 260 324 338 536 541 551 589 631 688 754 762 788 832 929 974 998 
23 51 71 104 125 134 155 172 175 258 310 373 587 672 710 792 795 831 
185 216 309 355 400 410 504 538 660 702 720 777 893 895 952 980 982 
94 289 301 360 365 382 432 457 485 493 717 779 790 805 822 844 913 
85 191 241 318 356 362 497 506 512 614 654 824 830 845 915 
12 79 108 246 509 569 659 664 801 860 923 959 963 969 
5 248 337 467 474 615 643 741 799 850 890 922 930 
72 101 181 285 312 413 711 752 783 814 837 857 897 
38 77 135 245 327 402 419 516 519 736 770 853 983 
14 48 253 265 287 335 389 462 545 652 718 957 
41 179 394 472 515 636 793 833 880 894 947 966 
4 266 532 607 630 642 730 746 774 778 941 962 
257 544 712 722 729 769 820 872 874 927 970 995 
70 254 320 348 436 442 627 668 796 873 932 937 
473 503 528 591 657 791 842 856 876 889 907 925 
15 44 139 142 169 314 325 342 343 451 662 745 
59 67 82 137 222 227 416 434 444 629 882 
0 63 330 471 644 674 675 686 755 870 994 
86 130 219 277 279 316 375 381 484 806 812 
154 244 296 347 496 571 574 609 645 834 972 
11 162 251 704 723 758 819 847 858 901 986 
22 114 166 170 363 464 557 700 727 751 943 
80 286 428 601 604 612 669 678 691 733 804 
124 178 235 409 513 533 661 753 780 939 
6 138 192 372 374 548 696 765 838 920 
3 39 133 201 213 273 420 438 618 740 
105 128 211 288 369 448 626 687 738 981 
69 83 322 376 396 401 406 490 719 835 
110 240 295 563 798 871 906 911 914 946 
280 281 480 486 549 564 638 663 766 960 
106 122 195 247 302 304 459 633 715 990 
35 87 116 404 447 653 693 748 848 993 
126 161 306 352 412 450 491 535 760 839 
1 52 56 189 208 479 489 510 619 811 
62 115 144 243 299 317 449 458 599 739 
99 193 204 321 561 580 764 773 989 
18 345 399 501 520 585 716 815 904 
47 58 336 502 526 707 767 951 979 
54 93 97 225 291 465 577 616 967 
206 392 507 575 785 821 855 928 940 
49 68 88 323 333 518 556 646 749 
84 236 274 293 303 425 726 823 886 
117 199 377 460 466 552 744 854 948 
40 65 261 268 397 481 606 784 964 
149 173 207 250 270 351 443 590 794 
74 89 483 550 685 828 938 954 
100 197 297 452 558 732 851 892 
43 176 214 249 440 637 667 955 
19 132 141 164 203 426 578 973 
358 455 456 500 605 721 781 868 
145 160 368 568 671 883 936 965 
34 183 194 215 380 418 763 933 
61 308 378 446 453 624 816 867 
20 153 168 403 658 684 724 975 
113 210 256 272 554 570 648 909 
229 233 421 430 487 709 841 891 
33 167 366 543 875 919 945 
157 300 431 573 596 934 944 
231 492 522 621 701 759 771 
29 73 171 422 641 742 924 
107 148 238 259 697 807 956 
36 165 276 371 682 910 918 
566 583 620 649 690 713 849 
224 239 357 499 521 546 829 
103 112 205 468 553 884 992 
37 234 267 331 388 414 683 
182 346 417 427 525 862 902 
90 118 184 370 445 475 582 
78 102 123 237 524 562 617 
275 278 454 463 523 572 694 
290 390 634 677 679 836 899 
2 187 221 385 405 576 666 
91 96 305 470 613 655 776 
81 146 393 651 809 997 
186 423 441 461 542 977 
9 174 177 313 386 984 
32 57 339 424 699 743 
16 75 353 537 586 817 
45 127 326 698 818 826 
46 64 188 307 530 852 
111 131 147 433 511 735 
60 120 588 595 885 976 
8 264 367 395 517 706 
55 555 639 656 665 900 
209 262 359 482 731 761 
30 163 255 565 775 789 
384 387 495 598 859 961 
152 156 196 581 757 808 
136 220 226 584 725 846 
27 198 328 531 695 703 
315 437 610 863 866 878 
21 150 469 540 912 
7 284 488 768 999 
31 121 647 810 991 
349 354 505 560 988 
25 26 294 398 787 
282 415 559 594 750 
340 772 782 803 917 
92 200 547 921 978 
66 119 190 283 319 
129 271 332 827 877 
411 529 600 611 628 
151 242 567 931 
13 681 705 968 
42 263 539 916 
140 350 361 861 
344 476 797 864 
24 379 635 942 
334 498 898 949 
477 592 602 676 
50 228 311 843 
223 269 534 888 
109 298 435 708 
143 391 478 494 
383 597 756 802 
53 159 408 670 
28 579 608 625 
17 217 881 
622 737 971 
508 527 926 
212 673 813 
341 439 908 
865 879 
996 
