19 26 32 45 97 98 158 184 253 290 302 371 390 400 425 480 494 542 561 608 625 651 691 727 745 746 748 752 770 781 860 926 953 
7 43 72 85 86 115 128 205 257 264 352 384 418 430 454 490 491 537 553 568 618 642 726 761 802 807 829 830 893 934 
24 69 176 255 258 324 330 332 334 368 380 381 383 387 413 452 564 575 576 628 675 724 738 798 880 892 931 943 987 992 
35 222 247 350 361 411 422 514 518 523 524 552 589 597 602 604 617 638 683 693 713 718 797 854 861 895 956 965 982 998 
66 112 140 153 160 167 197 227 279 283 286 326 395 484 522 541 544 550 558 586 650 702 708 711 775 810 850 904 910 
5 9 18 55 58 75 127 150 203 234 266 281 288 292 367 393 421 475 520 547 584 710 725 765 772 936 944 960 961 
6 17 56 73 246 270 282 297 398 410 444 485 495 538 583 591 592 653 665 667 680 689 750 776 779 828 955 
12 15 23 101 124 179 261 291 298 315 391 420 450 502 505 549 556 559 595 678 796 839 941 962 963 985 989 
4 30 34 109 133 163 191 193 213 263 289 463 512 566 692 706 715 734 753 790 871 925 952 957 973 
71 76 78 110 125 148 312 401 427 459 468 598 668 677 690 716 791 809 838 865 868 870 897 969 981 
147 157 164 230 275 375 392 409 416 438 501 596 614 647 652 670 676 755 805 879 902 949 958 980 996 
91 121 151 182 223 272 345 408 439 458 477 487 496 525 551 577 609 669 697 704 846 881 927 948 
113 126 129 138 233 249 308 319 335 342 433 486 534 540 605 610 621 656 660 682 684 728 785 896 
22 50 107 114 170 209 245 318 399 528 529 555 569 571 607 672 674 695 737 764 912 937 954 983 
20 31 37 84 218 260 379 386 424 467 469 507 533 593 626 703 719 731 792 852 883 921 984 
47 82 88 106 149 166 174 186 187 215 251 347 412 565 657 741 763 808 845 882 888 929 940 
145 277 300 356 441 464 472 479 548 615 630 644 707 766 784 793 855 866 889 917 928 974 994 
2 27 87 200 207 242 299 307 346 417 448 473 513 517 663 723 760 801 844 919 920 
29 159 178 225 280 376 389 402 526 627 743 757 862 875 885 899 900 909 959 977 
60 92 134 156 211 219 224 228 304 317 404 419 435 516 532 554 696 754 803 834 
44 202 206 267 271 322 353 437 455 535 543 546 620 623 662 705 780 843 848 911 
70 143 152 229 531 646 686 749 768 777 786 794 812 822 877 886 903 939 988 
65 146 175 241 320 329 344 358 461 634 694 774 799 813 816 924 933 946 
21 46 59 119 204 362 426 428 453 462 471 572 606 688 751 966 978 995 
8 189 357 370 394 442 519 648 654 721 789 818 840 863 898 913 993 
41 103 118 130 141 235 354 407 489 567 735 744 795 827 849 942 945 
142 183 396 414 470 573 581 611 700 788 806 821 872 891 918 935 976 
89 132 254 262 447 497 585 601 632 633 671 673 787 826 932 971 
3 94 111 116 199 273 406 509 698 732 762 819 825 836 916 
38 42 57 62 83 226 405 446 451 603 622 639 685 773 908 
77 195 198 243 274 309 338 339 373 478 521 666 758 857 922 
67 80 214 331 351 527 631 655 714 722 820 874 923 979 
40 79 306 341 403 449 508 515 687 811 814 864 887 938 
49 74 210 259 296 337 349 397 769 835 842 947 951 
14 36 285 377 481 483 511 570 736 804 831 867 915 
63 105 276 378 590 594 664 720 733 817 884 964 
232 336 499 557 635 742 783 800 878 890 950 968 
16 64 137 190 217 348 429 500 503 701 767 782 
28 136 155 172 192 236 321 637 729 824 
135 208 588 636 659 661 709 837 851 930 
108 181 313 530 574 580 643 717 832 975 
0 1 11 48 81 96 139 250 771 
68 188 220 231 305 510 536 649 
13 39 162 177 284 474 579 853 
10 95 327 456 560 612 616 
169 212 493 545 756 873 876 
194 360 372 498 578 967 991 
52 90 144 165 168 563 815 
99 365 388 504 739 778 970 
53 201 256 343 624 679 740 
131 196 355 385 466 488 869 
431 443 457 539 613 699 759 
154 252 562 587 823 907 
33 104 117 415 640 841 
100 171 311 619 747 856 
61 238 239 369 847 999 
123 180 310 423 432 712 
51 268 436 629 681 
333 366 460 901 986 
54 185 600 645 833 
161 265 382 482 906 
287 295 314 506 905 
25 248 294 325 582 
221 293 316 859 
122 340 445 990 
93 303 363 658 
102 173 374 599 
216 323 359 730 
240 476 894 
237 364 972 
301 465 914 
120 434 492 
269 278 641 
244 858 
997 
328 
440 
