6 44 56 71 106 116 183 234 250 282 317 321 425 447 455 477 510 520 521 653 685 700 720 790 797 828 842 897 923 934 
53 137 155 169 170 216 232 318 341 355 381 445 451 471 498 499 509 545 597 628 629 633 656 763 773 807 859 889 902 956 
16 34 88 89 91 129 164 181 303 348 349 352 371 412 433 496 559 605 642 654 702 716 745 761 787 796 835 847 883 
43 102 235 333 344 397 426 427 431 435 466 472 487 488 525 527 607 609 658 701 712 751 860 861 978 979 980 997 
14 60 107 141 147 191 193 211 301 346 506 532 547 610 627 636 666 669 740 771 774 802 810 818 885 927 
9 112 127 156 188 215 217 225 265 462 464 484 514 516 570 594 681 749 882 898 915 920 925 946 981 
80 128 175 275 351 361 434 449 467 489 550 596 612 641 657 730 732 769 788 794 867 937 941 964 
27 31 33 72 77 86 108 161 206 310 340 395 530 572 606 617 651 662 704 705 840 849 936 970 
61 114 222 259 272 376 402 408 513 528 533 546 598 646 673 717 806 809 821 823 830 874 922 982 
37 65 109 111 121 150 197 242 312 362 384 401 443 676 710 748 779 801 836 865 872 944 945 972 
66 94 123 179 209 244 294 323 324 368 452 558 565 584 591 631 693 724 738 870 914 977 995 
38 45 260 292 297 319 517 549 590 603 615 645 678 699 815 845 850 856 857 900 935 951 971 
35 62 100 166 258 283 314 316 326 329 428 470 485 494 500 614 684 707 741 758 880 886 917 
98 118 144 158 182 296 456 564 672 698 708 757 762 798 820 829 839 866 904 919 947 952 996 
69 201 207 218 246 385 438 439 446 502 508 540 608 667 718 719 805 832 848 894 963 991 
13 67 143 186 195 299 343 372 411 542 575 582 680 686 696 703 742 782 838 973 986 990 
15 134 200 203 236 243 269 300 306 331 482 519 538 581 619 639 711 713 875 911 942 989 
17 76 133 256 263 410 414 440 448 544 585 640 737 781 799 822 834 887 891 907 916 953 
21 36 97 146 248 281 336 366 400 413 491 511 576 602 632 687 692 843 879 948 974 
7 58 160 187 190 208 367 429 480 492 512 586 675 691 744 764 772 858 906 933 968 
24 57 93 126 199 238 255 270 322 356 405 423 469 543 571 682 841 901 930 969 993 
138 149 173 219 230 249 252 268 295 304 313 388 437 463 588 652 690 759 785 910 918 
5 8 49 99 224 257 288 353 378 407 459 539 587 595 670 747 888 895 939 965 
12 25 276 387 490 531 541 553 562 722 767 768 803 804 814 852 890 961 975 983 
96 142 165 253 264 309 335 347 497 548 579 621 638 643 723 863 908 928 943 962 
3 32 55 110 151 227 241 267 389 394 635 671 725 727 756 777 837 853 929 
73 87 131 157 205 315 493 495 567 578 647 709 746 765 789 827 878 931 976 
28 90 177 370 624 677 734 743 825 831 851 884 893 913 938 966 994 998 
22 68 168 204 223 254 360 574 599 613 622 644 668 795 826 926 954 
4 20 210 424 556 618 660 697 714 752 780 784 876 896 924 984 
391 399 442 450 453 589 593 623 679 755 812 824 844 864 903 932 
59 81 231 305 364 536 552 721 729 750 770 775 783 846 950 
23 274 345 422 430 436 568 620 648 726 808 813 855 892 899 
92 228 239 308 386 392 419 522 580 649 791 792 868 940 957 
82 172 189 251 286 298 327 350 396 454 634 664 706 854 987 
115 233 237 334 338 342 416 551 661 683 817 833 905 959 
26 39 79 135 266 279 290 359 377 674 688 694 731 754 
30 74 95 104 140 180 403 404 458 659 778 877 999 
78 262 418 501 507 534 560 561 600 655 786 985 
174 212 245 409 473 735 739 753 793 819 862 
64 145 163 178 192 214 328 358 475 523 816 
10 101 240 374 398 535 557 563 566 921 960 
113 124 320 354 379 382 415 616 695 912 
29 136 406 481 526 665 766 869 871 949 
52 105 119 373 460 811 881 909 958 
11 40 41 47 185 261 554 611 
19 420 421 505 555 569 630 760 
198 220 330 363 461 479 728 
84 176 194 383 601 626 663 
120 125 213 277 592 776 988 
103 139 302 468 529 625 637 
1 70 196 280 287 365 583 
0 63 83 132 202 573 
117 184 339 390 444 873 
284 285 457 486 503 736 
154 307 393 650 733 800 
46 54 311 357 417 715 
48 75 332 369 967 
293 441 483 577 992 
2 273 278 524 955 
130 159 465 478 604 
85 153 226 380 476 
122 167 171 325 689 
229 247 271 291 337 
148 162 375 474 537 
289 504 518 
18 432 
42 515 
50 221 
51 152 
