10 158 180 232 329 429 603 632 689 747 786 800 825 840 887 896 903 905 935 958 987 
202 218 230 260 324 338 536 541 551 589 631 688 754 762 788 832 929 974 998 
23 51 71 104 125 134 155 172 175 258 310 373 587 672 710 792 795 831 
94 289 301 360 365 382 432 457 485 493 717 779 790 805 822 844 913 
185 216 309 355 400 410 504 538 660 702 720 777 893 895 952 982 
25 85 191 231 294 362 398 512 522 621 654 759 824 830 845 915 
72 101 181 285 312 413 636 711 752 783 814 837 857 897 
5 248 467 474 615 643 741 799 850 890 922 930 
4 266 532 607 630 642 730 746 774 778 941 962 
257 544 712 722 729 769 820 872 874 927 970 995 
77 83 245 327 401 402 419 516 736 770 853 983 
0 63 330 471 644 674 675 686 755 870 994 
95 98 252 292 593 640 692 734 869 950 985 
124 178 235 409 513 533 661 753 780 939 
6 138 192 372 374 548 696 765 838 920 
154 244 347 496 571 574 609 645 834 972 
3 39 133 201 213 273 420 438 618 740 
105 128 211 288 369 448 626 687 738 981 
80 286 428 601 604 612 669 691 733 804 
76 364 407 514 623 650 680 714 728 953 
106 122 195 247 302 304 459 633 715 990 
321 503 528 591 657 842 856 876 889 907 
1 52 56 189 208 479 489 510 619 811 
151 242 254 299 328 449 567 703 880 
41 140 179 350 394 515 894 947 966 
206 392 507 575 785 821 855 928 940 
12 79 108 509 801 860 959 963 969 
117 196 199 460 552 581 744 854 948 
43 176 214 249 440 605 637 667 721 
54 61 291 383 396 465 490 597 624 
96 163 411 565 600 613 628 683 789 
210 229 233 421 430 648 709 885 891 
35 116 308 404 446 447 602 676 816 
99 193 204 561 580 764 773 989 
48 287 335 545 652 718 908 957 
136 220 226 408 670 679 719 836 
100 197 297 452 558 732 851 892 
18 345 349 390 501 505 557 806 
19 132 141 164 203 426 578 973 
22 114 166 357 499 700 751 943 
20 153 168 403 658 684 724 975 
40 143 268 391 478 494 784 964 
161 306 352 450 491 535 760 839 
8 264 367 395 472 517 706 745 
62 115 144 243 317 458 599 739 
59 82 337 416 737 871 882 
74 89 483 685 828 938 954 
7 326 698 768 813 826 999 
33 167 366 543 875 919 945 
2 221 666 723 819 847 858 
55 142 169 342 343 555 727 
130 219 277 381 462 639 955 
170 361 468 497 506 553 980 
126 341 412 439 662 695 916 
157 300 431 573 596 934 944 
28 110 295 579 664 798 946 
281 480 486 549 638 663 960 
131 147 173 207 250 270 735 
120 224 239 521 546 595 678 
29 73 171 422 641 742 924 
70 348 442 627 873 932 937 
107 148 238 259 697 807 956 
280 334 498 564 756 803 925 
36 165 276 371 682 910 918 
34 194 215 418 656 665 900 
182 346 417 427 525 862 902 
65 75 397 537 606 668 846 
315 437 566 610 620 849 878 
187 529 576 611 649 713 772 
53 159 267 414 625 757 
86 279 316 375 484 812 
27 186 198 423 531 542 
90 152 156 445 802 841 
399 520 585 716 815 904 
11 162 251 704 758 901 
17 217 351 502 590 881 
69 241 322 614 699 986 
183 184 380 475 622 763 
14 389 584 725 766 971 
275 278 463 572 583 690 
45 127 209 359 761 771 
88 323 333 518 556 646 
46 64 188 307 530 852 
49 68 677 731 749 933 
282 415 436 559 594 750 
87 653 693 748 848 993 
84 293 303 906 911 914 
113 256 272 554 570 909 
30 149 255 443 775 794 
67 137 222 227 320 434 
384 387 495 598 859 961 
118 370 376 406 582 808 
21 150 469 540 912 
145 671 767 936 997 
31 121 647 810 991 
32 57 339 424 743 
15 139 318 356 451 
377 466 487 659 818 
16 353 586 817 979 
93 225 577 967 988 
160 368 568 883 965 
37 234 331 388 867 
111 433 511 861 976 
92 200 547 921 978 
103 112 205 884 992 
78 123 237 562 888 
253 265 793 833 996 
38 97 135 519 616 
44 240 314 325 563 
296 378 453 608 926 
66 119 190 283 319 
129 271 332 827 877 
81 146 393 651 809 
223 269 455 456 534 
47 336 508 526 527 
60 91 305 588 776 
174 177 313 923 
102 524 617 931 
13 681 705 968 
344 476 797 864 
24 379 635 942 
363 441 461 464 
284 488 796 886 
58 470 655 707 
50 228 311 843 
42 263 539 829 
473 477 550 592 
109 298 435 708 
236 274 425 726 
212 492 673 701 
246 354 560 569 
261 385 405 481 
9 386 984 
444 629 791 
262 482 868 
26 787 898 
340 782 917 
454 523 694 
290 634 899 
358 500 781 
823 835 
865 879 
949 951 
863 866 
977 
