60 107 147 164 191 193 211 301 346 506 532 547 610 627 636 666 669 740 771 774 802 810 818 885 927 
80 128 175 275 351 361 434 449 467 489 550 596 612 641 657 730 732 788 794 867 937 941 964 
15 134 200 203 236 243 269 300 306 331 482 519 538 581 619 639 711 713 875 911 942 989 
9 112 127 156 188 215 225 265 462 464 484 514 516 570 594 681 882 898 915 925 946 981 
38 45 292 297 319 517 549 590 603 615 645 678 699 815 845 850 856 857 900 935 951 971 
35 62 166 258 283 314 316 326 329 428 470 485 494 500 614 684 707 741 758 880 886 917 
138 149 173 219 230 249 252 295 304 313 388 437 463 566 588 652 690 759 785 910 918 
32 55 207 218 385 438 439 446 502 508 540 608 667 719 805 832 848 894 963 991 
96 142 165 253 264 309 335 347 497 548 579 621 638 643 723 863 908 928 943 962 
118 158 296 456 564 672 698 708 757 762 798 820 829 839 866 904 919 947 952 996 
73 87 157 315 493 495 534 567 578 647 709 746 765 789 827 878 931 976 
33 86 108 206 340 395 530 572 606 617 651 662 704 705 840 849 936 970 
61 259 402 408 533 546 598 646 673 717 806 809 821 823 830 874 922 982 
3 110 151 227 241 267 389 394 635 671 725 727 756 777 837 853 929 
21 36 248 281 400 413 491 511 576 602 687 692 843 879 948 974 
25 531 541 553 722 767 768 803 804 814 852 890 909 961 975 983 
58 160 208 367 429 480 492 512 586 675 691 744 772 858 906 968 
76 133 256 263 410 414 544 585 640 781 799 822 834 887 907 953 
287 391 399 442 453 589 593 623 679 755 812 824 844 864 903 932 
66 94 179 323 330 461 558 565 631 693 724 738 914 977 995 
6 44 71 116 183 250 273 282 317 477 790 797 828 923 934 
4 20 210 424 618 660 714 752 780 784 876 896 924 984 
2 17 146 174 254 278 336 440 448 524 622 737 891 916 
18 27 43 51 72 152 161 235 344 427 432 860 980 997 
50 221 224 246 257 353 368 459 507 587 595 747 965 
67 186 299 343 575 582 680 696 703 742 881 986 990 
11 41 47 185 261 496 559 611 654 716 745 847 883 
98 182 233 334 338 342 551 683 817 833 905 959 
37 109 150 197 242 443 676 779 801 865 872 944 
177 452 677 734 825 851 884 893 938 992 994 
68 145 163 214 223 358 599 644 795 826 954 
23 57 255 345 430 488 568 574 620 648 726 
16 34 89 97 129 303 348 349 366 796 835 
13 155 216 232 355 445 543 628 633 930 
24 91 123 126 324 371 412 433 702 787 
102 397 426 431 466 487 525 658 978 979 
78 262 418 501 560 561 600 786 985 
136 365 406 409 421 473 583 735 888 
113 124 294 320 382 415 616 695 912 
26 39 79 279 364 552 674 731 754 
234 321 447 510 653 685 700 842 897 
29 117 378 526 665 766 862 869 871 
65 85 121 153 312 450 476 748 945 
115 130 159 416 465 478 604 661 668 
104 181 333 472 527 609 712 751 861 
10 101 240 374 398 535 557 921 960 
12 217 260 372 425 455 520 607 720 
137 170 318 341 498 499 629 889 902 
48 120 125 144 277 302 332 401 529 
53 154 307 381 457 509 597 656 859 
95 140 180 404 458 778 913 999 
81 305 721 750 770 775 846 950 
52 105 119 132 373 460 811 958 
167 325 387 435 486 490 868 957 
63 184 202 339 350 390 444 710 
212 239 245 522 556 739 749 793 
103 114 148 375 468 513 528 537 
178 328 505 630 715 760 926 
28 90 244 370 624 831 966 
5 209 288 407 591 670 895 
192 352 357 605 642 761 873 
56 354 379 423 523 542 686 
7 187 213 592 701 776 933 
88 106 199 238 405 521 838 
0 83 362 384 563 573 972 
111 284 285 386 419 503 580 
92 228 272 392 791 792 940 
169 222 270 376 471 545 682 
229 247 271 291 337 955 
1 70 82 196 280 854 
172 422 634 808 855 899 
139 226 625 637 800 956 
189 195 286 454 877 987 
237 298 356 659 664 993 
266 290 359 694 763 988 
135 194 536 539 626 655 
122 171 251 327 396 689 
293 441 483 577 729 
22 168 205 613 783 
69 190 201 728 764 
54 204 360 417 816 
131 274 436 813 892 
84 176 383 601 663 
268 308 649 743 819 
143 411 782 973 
14 141 322 632 
93 469 901 969 
99 555 569 939 
30 74 403 841 
31 77 100 310 
40 554 571 920 
64 475 769 949 
46 311 377 688 
59 231 481 807 
162 474 706 733 
276 380 562 697 
198 220 363 479 
75 369 967 
451 584 870 
19 420 753 
8 49 773 
393 650 836 
289 504 518 
42 515 
718 736 
998 
