0 4 31 39 42 149 168 170 193 226 237 259 272 299 329 404 418 447 456 465 466 488 505 594 623 674 688 691 696 728 740 778 802 838 871 957 
1 104 172 181 220 228 233 267 303 326 405 408 430 463 467 489 515 528 539 546 549 556 578 595 602 645 666 671 679 683 721 727 731 745 857 863 882 900 932 935 958 
206 242 291 328 363 378 379 445 454 460 570 604 607 668 754 762 848 849 873 901 937 965 
116 348 349 421 436 563 577 628 761 867 
15 110 137 200 207 275 279 283 332 344 358 366 368 376 433 476 501 548 569 574 597 610 627 689 735 755 770 886 892 894 914 955 987 992 
48 62 66 81 102 109 115 122 126 131 151 153 154 165 191 198 254 261 294 323 393 431 455 475 487 502 512 542 559 575 609 673 685 715 732 758 768 794 795 811 822 833 841 907 944 949 
7 37 46 64 83 113 127 143 146 173 210 245 246 290 310 342 357 385 429 450 464 486 498 521 544 656 665 697 742 769 781 785 798 804 836 879 904 959 967 970 983 984 997 
5 24 25 101 148 216 331 372 416 425 457 482 614 618 624 637 739 792 810 829 835 924 938 
54 96 118 123 141 152 159 194 195 229 239 280 305 308 335 353 360 370 401 414 423 424 443 449 472 510 514 525 541 547 552 561 580 591 613 615 617 651 655 662 664 686 698 701 712 719 724 737 749 776 787 788 817 837 839 852 856 866 868 872 910 918 920 927 929 966 968 969 979 981 991 999 
2 88 103 119 140 176 236 306 355 374 375 383 413 428 452 477 531 533 537 638 658 660 695 707 708 716 743 784 834 860 864 869 887 915 974 994 
16 18 20 30 67 70 74 82 138 171 183 190 218 225 231 238 243 257 263 265 301 312 324 334 446 461 469 491 494 516 524 545 581 586 625 774 827 847 917 923 930 946 950 956 973 986 
57 87 144 204 222 230 256 298 361 381 391 462 490 493 496 520 592 598 630 633 700 723 763 796 815 884 921 934 960 
17 26 29 75 84 112 117 132 163 264 273 278 302 507 518 534 567 587 626 632 634 652 676 705 720 757 773 800 805 840 846 854 908 945 947 985 990 
3 27 38 58 77 145 157 166 169 182 212 217 338 341 356 432 479 497 573 584 659 670 703 772 793 807 859 885 897 980 996 
12 55 69 97 121 135 180 277 285 300 327 352 394 415 439 453 483 495 499 508 536 606 612 622 646 677 713 714 786 801 803 813 875 941 
295 309 386 420 513 601 611 812 823 902 
56 73 79 197 211 221 240 247 260 269 304 313 340 346 412 444 451 458 527 529 555 562 653 667 706 709 710 748 775 819 825 870 905 906 926 933 976 
21 167 249 406 551 672 747 
6 10 13 23 50 53 86 92 93 95 134 142 161 164 177 179 186 189 202 209 219 224 232 241 250 311 318 321 322 365 387 388 402 403 409 417 434 438 478 480 492 540 550 557 566 576 579 583 585 616 647 654 675 682 684 694 704 711 717 722 726 729 734 738 767 789 816 820 821 826 828 845 911 928 942 951 964 971 982 998 
44 49 61 68 78 85 155 185 187 289 316 395 426 471 582 636 730 751 783 843 851 876 880 881 943 988 
22 28 35 63 94 105 175 199 252 268 287 317 319 337 399 441 526 530 532 572 596 600 619 640 661 692 699 750 806 830 855 877 890 993 
8 98 203 213 214 223 244 266 297 315 325 351 396 398 470 558 564 642 650 693 702 736 753 756 779 814 831 862 909 922 963 
34 51 59 80 89 150 282 367 380 419 427 568 571 599 605 631 690 764 799 824 842 853 972 
19 41 91 124 128 258 314 354 359 442 484 500 509 517 535 538 608 797 858 899 913 925 939 
9 32 52 99 106 136 160 205 234 293 339 350 369 371 392 506 519 593 603 663 818 865 874 878 977 
43 71 100 107 125 129 158 192 271 347 382 411 437 448 503 629 644 648 718 744 760 780 791 809 844 889 916 948 
11 60 120 133 162 227 270 281 336 377 384 474 504 511 635 725 746 765 782 790 808 850 893 931 952 953 
14 45 47 65 72 114 130 255 276 362 373 397 422 440 459 468 485 620 621 669 888 896 919 936 
36 90 139 156 184 201 208 215 262 284 286 288 296 330 343 345 400 407 410 481 553 560 639 643 657 680 681 733 752 766 771 832 861 903 954 961 962 989 
40 108 147 174 178 196 235 251 307 320 333 389 390 473 522 543 554 565 588 589 590 641 687 759 883 895 898 912 940 975 
33 76 111 188 248 253 274 292 364 435 523 649 678 741 777 891 978 995 
