0 1 4 5 7 13 21 23 25 31 37 39 46 48 49 50 53 62 63 64 66 81 83 86 92 93 95 102 109 113 115 116 117 118 120 122 123 126 127 131 134 141 142 143 146 149 151 152 153 154 159 161 164 165 167 168 170 173 177 178 179 181 186 189 191 193 195 198 202 209 210 219 224 226 228 232 237 241 245 246 249 250 254 259 261 272 280 290 294 299 305 308 310 311 318 319 321 322 323 325 326 329 342 348 349 353 357 370 375 383 385 387 388 393 395 402 403 404 405 406 409 417 418 421 423 424 429 431 434 436 438 447 449 450 454 455 456 464 465 466 472 474 475 476 478 486 487 488 490 492 498 502 505 510 512 514 521 525 528 540 542 544 550 551 552 557 559 563 566 567 572 575 576 577 579 583 585 594 596 609 615 616 617 623 628 647 651 654 656 664 665 672 673 674 675 682 684 685 688 691 694 696 697 698 704 711 712 715 717 719 722 726 728 729 732 734 737 738 740 742 743 747 749 754 758 761 767 768 769 776 778 781 785 787 789 794 795 798 802 804 811 816 820 821 822 826 828 833 836 837 838 839 841 845 867 871 872 879 904 907 910 911 917 918 920 927 928 935 942 944 949 951 957 959 964 966 967 969 970 971 979 982 983 984 985 991 997 998 999 
33 76 111 139 188 206 242 248 253 274 291 292 328 360 363 364 378 379 435 445 460 523 570 604 607 649 668 678 741 762 777 848 849 857 873 891 901 937 965 978 995 
104 172 220 233 267 303 408 430 463 467 489 515 539 546 549 556 578 595 602 645 666 671 679 683 721 727 731 745 863 900 932 958 
15 110 137 200 207 275 279 283 332 344 358 366 368 376 433 501 548 569 574 597 610 627 689 735 755 770 886 892 894 914 955 987 992 
24 101 148 216 331 372 416 425 457 482 614 624 637 739 792 810 829 835 924 938 
2 17 26 29 75 80 84 88 103 112 119 132 140 163 176 236 264 273 278 302 306 355 374 413 428 452 477 507 518 531 533 534 537 587 626 632 634 638 652 658 660 676 695 705 707 708 716 720 757 773 784 800 805 813 834 840 846 854 860 864 869 887 908 915 945 947 974 990 994 
14 20 45 47 65 67 70 72 114 130 138 183 190 218 225 255 257 263 276 301 324 334 362 373 397 422 440 446 459 461 468 485 494 516 524 620 621 625 669 827 847 888 896 919 923 936 946 950 956 973 986 
3 27 58 77 145 157 166 169 182 212 217 338 341 356 432 479 497 573 584 659 670 703 772 793 807 859 885 897 980 996 
12 55 69 97 121 135 180 277 285 300 327 352 394 415 439 453 483 495 499 508 536 606 612 622 646 677 713 714 786 801 803 875 941 
10 35 42 43 71 100 107 125 129 158 192 271 295 309 347 367 382 386 411 420 437 448 480 503 513 601 611 629 644 648 718 744 760 780 791 809 812 823 844 882 889 902 916 948 
54 96 194 239 335 401 414 443 541 547 561 580 591 613 655 662 686 701 724 788 817 852 856 866 868 929 968 981 
56 73 79 197 211 221 240 247 260 269 304 313 340 346 412 444 451 458 527 529 555 562 653 667 706 710 748 775 819 825 870 905 906 926 933 976 
6 22 28 94 105 175 199 208 252 268 287 317 337 365 380 399 441 526 530 532 600 619 640 661 692 699 750 806 830 855 877 890 903 993 
44 61 68 78 85 155 185 187 289 316 426 471 582 636 730 751 783 843 851 876 880 881 943 988 
8 98 203 213 214 223 229 244 266 297 315 351 396 398 470 558 564 642 650 693 702 709 736 753 756 779 814 831 862 909 922 963 
34 51 59 89 150 282 419 427 568 571 599 605 631 690 764 799 824 842 853 972 
19 41 91 124 128 258 314 354 359 442 484 500 509 517 535 538 608 797 858 899 913 925 939 
9 32 52 99 106 136 160 205 234 293 339 350 369 371 392 506 519 593 603 663 818 865 874 878 977 
16 18 30 74 82 171 231 238 243 265 312 469 491 545 581 586 774 930 
11 60 133 162 270 281 336 377 384 504 511 635 725 746 765 782 790 808 850 893 931 952 953 
36 90 156 184 201 215 262 284 286 288 296 330 343 345 400 407 410 481 553 560 639 643 657 680 681 733 752 766 771 832 861 954 961 962 989 
38 40 108 147 174 196 235 251 307 320 333 389 390 473 522 543 554 565 588 589 590 618 641 687 759 883 895 898 912 940 975 
57 87 144 204 222 227 230 256 298 361 381 391 462 493 496 520 592 598 630 633 700 723 763 796 815 884 921 934 960 
