0 1 28 76 83 84 90 104 140 177 180 213 233 270 338 339 340 342 345 357 370 383 403 404 417 444 458 469 479 504 518 537 551 577 656 663 677 683 715 734 736 743 778 817 825 831 833 851 873 884 893 913 938 959 966 992 994 998 999 
6 36 40 41 43 44 51 52 58 61 63 66 70 71 79 82 102 103 106 107 114 116 125 136 137 141 162 170 172 176 183 196 222 234 235 248 259 261 268 271 272 273 282 286 298 302 307 311 317 321 327 333 344 350 355 359 368 375 377 397 402 408 425 427 431 432 435 445 447 454 455 466 468 472 474 477 478 487 488 510 513 520 521 525 527 528 529 533 546 560 592 598 599 607 609 624 625 634 637 646 649 653 658 673 685 700 701 706 710 712 717 720 733 751 790 797 800 806 809 821 823 828 830 837 842 854 860 861 874 897 922 923 934 955 956 978 979 980 982 985 987 997 
37 65 85 109 111 121 150 153 197 242 312 332 362 380 381 384 401 443 476 563 573 676 748 779 801 836 865 872 944 945 972 
35 100 166 258 283 314 316 326 329 428 470 485 494 500 614 684 707 741 758 880 886 917 
55 122 184 201 218 246 385 438 439 446 502 508 540 608 667 718 719 805 832 848 894 963 991 
62 69 73 87 131 157 167 205 229 280 315 493 495 534 567 578 647 695 709 728 746 765 789 827 878 931 976 
12 25 77 148 194 232 250 276 341 451 490 498 499 531 541 553 561 562 628 629 633 722 767 768 803 804 814 852 890 902 909 961 975 983 
9 27 29 89 99 112 117 127 129 156 161 174 188 207 212 215 217 225 245 265 348 365 378 406 409 416 421 462 464 473 481 484 514 516 526 536 570 583 594 601 665 681 735 739 749 753 793 807 819 862 869 871 882 888 898 915 920 925 939 946 949 981 
4 8 48 57 101 105 132 155 160 179 185 187 190 208 209 244 251 323 324 330 364 367 369 393 396 429 452 460 461 480 492 512 554 558 565 569 584 586 591 631 675 691 693 724 738 744 764 772 780 858 870 905 906 914 933 967 968 977 995 
2 10 22 64 68 78 95 145 173 204 214 223 240 254 262 328 358 360 398 420 426 505 523 535 557 574 613 622 630 644 668 760 795 816 826 921 926 954 960 
75 133 152 163 238 249 256 278 290 336 376 410 414 440 448 515 524 544 585 597 640 737 781 799 834 887 891 907 916 953 
38 45 231 260 289 292 297 305 319 422 441 517 549 590 603 615 645 678 699 721 729 750 783 815 845 850 856 857 900 935 950 951 971 
3 32 110 151 227 241 267 389 394 635 671 725 727 756 777 853 929 
14 20 26 33 60 147 191 192 193 211 301 346 483 506 532 547 610 627 636 666 669 740 771 774 802 810 818 885 927 
17 56 210 220 247 255 284 424 556 618 660 697 714 752 784 876 896 924 958 984 
5 288 407 
30 142 165 253 264 309 335 347 497 548 579 621 638 643 723 863 908 928 943 962 
49 50 224 257 353 459 507 539 587 595 655 670 747 965 
7 21 97 146 202 281 400 413 491 511 576 602 632 687 689 692 776 843 879 948 974 
13 39 42 67 98 115 135 143 154 186 195 206 237 263 266 277 279 299 334 372 390 465 542 575 582 659 661 674 680 686 688 694 696 703 731 742 754 838 877 881 973 986 988 990 
501 600 626 786 895 
15 134 200 203 236 243 269 300 306 331 482 519 538 581 619 639 711 713 875 911 942 989 
11 16 24 34 47 88 91 126 164 181 303 349 352 366 371 412 418 433 496 503 559 605 611 642 654 702 716 745 761 787 796 835 847 883 
46 80 128 139 175 189 226 275 343 351 361 434 449 467 489 550 596 612 641 650 657 730 732 766 769 788 794 867 937 941 964 
19 81 93 94 120 169 178 199 216 293 322 356 405 423 543 555 571 664 682 822 841 846 901 930 969 993 
18 96 118 144 158 182 221 296 374 456 564 672 698 708 757 762 798 820 829 839 866 904 919 947 952 996 
53 92 113 119 124 130 159 228 239 285 294 308 320 325 354 373 379 382 386 387 392 415 419 430 457 486 522 580 604 616 791 792 811 868 912 940 957 
23 59 168 274 436 475 552 568 620 648 726 770 775 808 813 855 892 899 
123 287 391 399 442 450 453 589 593 623 679 755 782 812 824 844 864 903 932 
31 54 72 86 108 310 395 411 530 572 606 617 651 662 704 705 840 849 936 970 
74 138 149 219 230 252 291 295 304 313 337 388 437 463 566 588 652 690 759 785 910 918 
171 198 318 363 471 509 545 763 773 859 889 
