0 4 25 31 39 42 131 149 168 193 226 237 259 272 299 329 404 418 447 456 465 466 488 490 505 594 623 674 688 691 696 727 728 740 778 802 838 957 
6 8 10 17 19 22 23 28 35 37 38 40 41 50 63 91 93 94 95 98 100 104 105 108 110 124 128 134 147 161 163 164 165 170 172 174 175 178 179 189 196 199 200 202 203 207 209 213 214 219 220 223 224 229 230 232 233 235 244 250 251 252 253 254 258 266 267 268 274 275 278 279 283 287 295 297 303 307 308 309 311 314 315 317 319 320 322 325 326 332 333 337 344 351 354 358 359 366 367 368 376 380 387 388 389 390 395 396 398 399 403 408 411 417 430 433 438 441 442 448 450 454 463 470 473 474 476 478 480 484 489 492 498 500 501 509 514 515 517 522 526 528 530 532 535 538 539 540 543 546 548 554 556 557 558 564 565 569 572 574 576 578 579 588 589 590 595 596 597 600 602 608 610 616 618 619 627 640 641 642 643 648 650 661 682 687 689 692 693 694 699 702 704 721 722 726 731 735 736 750 753 755 756 759 760 770 779 789 797 806 814 820 823 826 828 830 831 843 855 857 858 862 863 877 883 886 890 892 894 895 898 899 900 903 909 912 913 914 922 925 932 939 940 951 955 958 963 975 987 990 992 993 997 999 
33 76 111 188 206 242 248 291 292 328 360 363 364 378 379 435 445 460 523 570 604 607 649 668 678 741 762 777 848 849 873 891 901 937 965 978 995 
5 21 116 167 249 348 349 385 406 421 436 551 563 577 628 672 747 761 867 935 983 
1 26 29 43 49 57 61 71 74 75 84 87 107 117 118 120 123 125 129 132 141 144 152 158 159 192 195 204 208 222 227 256 264 271 273 280 298 302 305 318 347 353 357 361 370 381 382 386 391 405 420 423 424 437 449 462 472 493 496 503 507 510 513 518 520 525 534 552 567 585 587 592 598 601 611 615 617 626 629 630 632 633 634 644 651 652 664 676 698 700 705 712 718 719 720 723 737 744 749 754 757 763 773 776 780 787 791 796 800 805 809 812 815 837 839 840 844 845 846 854 872 882 884 889 902 904 908 910 916 917 918 920 921 927 934 945 947 948 960 966 969 979 985 991 
3 27 48 58 62 66 77 81 102 109 115 122 126 139 143 145 151 153 154 157 166 169 182 191 198 212 217 261 294 323 338 341 356 393 431 432 455 475 479 487 497 502 512 542 559 573 575 584 609 659 670 673 685 703 715 732 758 768 772 793 794 795 807 811 822 833 841 859 885 897 907 944 949 980 996 
7 46 64 83 113 127 146 173 210 245 246 290 310 342 429 464 486 521 544 665 697 742 769 781 785 798 804 836 879 959 967 970 984 
24 101 112 148 216 331 372 416 425 457 482 614 624 637 739 792 810 829 835 924 938 
2 88 103 119 140 176 236 306 355 374 375 383 413 428 452 477 531 533 537 638 658 660 695 707 708 716 743 784 834 860 864 869 871 887 915 974 994 
20 67 70 138 183 190 218 225 257 263 301 324 334 446 461 494 516 524 625 827 847 923 946 950 956 973 986 
12 44 55 68 69 78 85 97 121 135 137 155 180 185 187 277 285 289 300 316 327 352 394 415 426 439 453 471 483 495 499 508 536 582 606 612 622 636 639 646 677 713 714 730 751 783 786 801 803 813 851 875 876 880 881 941 943 988 
14 15 45 47 54 65 72 96 114 130 194 239 255 276 335 362 373 397 401 414 422 440 443 459 468 485 541 547 561 580 591 613 620 621 655 662 669 686 701 724 788 817 852 856 866 868 888 896 919 929 936 968 981 
56 73 79 197 211 221 240 247 260 269 304 313 340 346 412 444 451 458 527 529 555 562 653 667 706 709 710 748 775 819 825 870 905 906 926 933 976 
13 53 86 92 142 177 181 186 228 241 321 365 402 409 434 550 566 583 647 654 675 684 711 717 729 734 738 767 816 821 911 928 942 964 971 982 998 
34 51 59 80 89 150 282 419 427 568 571 599 605 631 690 764 799 824 842 853 972 
9 32 52 99 106 136 160 205 234 293 339 350 369 371 392 506 519 593 603 663 818 865 874 878 977 
16 18 30 82 171 231 238 243 265 312 469 491 545 581 586 774 930 
11 60 133 162 270 281 336 377 384 504 511 635 725 746 765 782 790 808 850 893 931 952 953 
467 549 645 656 666 671 679 683 745 
36 90 156 184 201 215 262 284 286 288 296 330 343 345 400 407 410 481 553 560 657 680 681 733 752 766 771 832 861 954 961 962 989 
