0 240 254 262 336 363 431 447 466 497 499 557 585 601 632 633 635 671 673 742 771 783 787 800 826 869 878 890 932 950 968 971 
11 27 49 51 68 77 81 87 96 146 147 157 161 164 171 175 180 196 200 207 210 230 231 237 241 242 250 259 275 296 299 303 311 318 325 329 337 344 346 349 358 375 382 388 392 409 416 417 432 438 448 461 473 501 506 510 513 517 596 614 619 634 647 649 652 663 670 676 694 723 747 755 760 769 774 799 801 805 813 816 835 842 844 856 879 902 920 924 933 946 947 949 951 958 980 996 
91 121 151 182 192 223 272 345 408 439 458 477 487 496 525 551 577 609 669 697 704 846 881 927 948 
17 56 73 90 188 220 246 270 282 297 313 398 410 444 485 495 538 583 591 592 620 653 665 667 680 689 750 776 779 828 885 894 955 975 
1 14 21 39 46 48 59 105 119 132 135 169 172 177 195 198 204 208 213 216 221 225 232 236 243 274 276 284 293 309 316 321 339 359 362 373 378 426 428 453 456 462 471 493 521 545 572 579 580 582 588 590 594 599 606 610 636 637 658 659 661 664 666 688 709 720 729 730 751 756 758 817 824 837 851 853 857 859 876 884 922 930 964 966 978 995 997 
2 12 15 23 101 124 127 179 261 287 291 298 314 315 379 391 420 436 450 502 505 549 556 559 595 641 645 678 681 796 839 905 941 962 963 985 989 
9 53 65 82 139 159 162 178 199 268 280 376 389 402 526 627 743 757 862 875 899 900 909 959 977 
3 40 52 54 79 94 102 111 154 168 185 239 248 279 306 320 341 343 403 406 449 509 515 562 563 687 698 732 762 811 814 819 825 833 836 864 887 907 916 938 
66 112 140 153 160 167 197 212 227 244 273 283 286 294 323 326 395 434 484 522 541 544 550 558 586 650 702 708 711 775 810 850 904 906 910 
6 19 26 32 45 97 98 158 184 252 253 290 302 338 371 390 400 425 480 482 494 542 561 608 625 651 691 727 745 746 748 752 770 781 860 926 953 
4 30 34 109 116 133 163 191 193 263 289 295 463 512 566 692 706 715 734 753 790 871 925 952 957 973 
8 16 25 64 100 108 137 181 189 217 305 348 357 370 394 429 442 500 508 519 530 574 643 648 654 701 717 721 767 782 789 818 832 840 863 898 913 993 
38 71 76 78 110 125 148 312 401 427 459 468 598 668 677 690 716 733 791 809 838 858 865 868 870 897 969 981 
5 18 29 55 58 75 150 190 203 234 266 281 288 292 367 393 421 475 520 547 584 710 712 725 765 772 936 944 960 961 
22 50 107 170 209 245 307 399 528 529 555 569 571 607 672 674 695 737 764 912 937 954 983 
20 31 37 83 84 218 260 386 424 467 469 476 507 533 593 626 703 719 792 852 883 921 984 
10 41 95 118 130 141 165 256 265 327 333 354 407 460 489 560 567 612 616 624 679 744 795 827 849 901 942 945 990 
122 144 145 155 277 285 300 340 356 385 441 443 445 457 464 472 479 498 539 548 613 615 630 644 699 707 759 766 784 793 815 855 866 889 917 928 974 994 
7 13 43 72 85 86 115 128 205 257 264 269 352 384 418 430 454 490 491 537 553 568 618 642 726 761 802 807 829 830 893 934 
42 57 62 74 114 123 142 183 226 396 405 414 423 446 451 470 573 581 603 611 622 639 640 685 700 773 788 806 821 872 891 908 918 935 976 986 
28 33 61 67 80 92 99 103 104 117 120 134 156 194 214 228 235 238 278 304 310 331 351 355 360 364 365 369 372 397 404 415 474 488 504 516 527 532 536 554 578 631 655 714 722 735 739 740 778 820 834 841 847 874 919 923 967 970 972 979 991 999 
36 63 70 136 143 152 229 301 377 465 481 483 492 511 531 570 600 646 686 736 749 768 777 786 794 804 812 822 831 867 877 886 903 914 915 939 988 
47 88 106 131 149 166 174 186 187 215 251 347 412 565 657 741 763 808 845 882 888 929 940 
113 126 129 138 233 249 308 319 335 342 433 486 534 540 605 621 656 660 682 728 785 896 
44 89 173 202 206 267 271 322 353 374 437 455 535 543 546 623 662 705 780 843 848 911 
24 69 176 255 258 324 330 332 334 368 380 381 383 387 413 452 478 503 564 575 576 628 629 675 724 738 798 880 892 931 943 987 992 
35 93 201 222 247 328 350 361 366 411 422 440 514 518 523 524 552 587 589 597 602 604 617 638 683 684 693 713 718 731 797 823 854 861 873 895 956 965 982 998 
60 211 219 224 317 419 435 696 754 803 
