18436 10766 6159 7705 3615 36 8742 18475 12844 11314 2098 16439 2103 17465 3641 13368 1085 19518 16450 4679 14920 4684 16465 8275 3668 10324 17493 599 10840 4718 14959 8305 16501 12412 3196 11902 12417 13958 17547 8339 149 10395 13988 676 13476 166 12456 6321 6324 5815 10424 187 1728 12481 6852 8905 4810 5327 9428 17111 4830 17120 3297 5857 1251 7912 746 9972 7938 266 14604 13072 2833 17169 10516 15637 11543 17176 3868 4892 7460 1318 3367 14122 2347 17199 9524 13113 14649 4412 19773 835 8516 18246 11593 18767 6479 15184 3926 13150 10079 17763 18790 7015 13673 17257 8555 17259 4461 9582 7538 19828 4473 4476 9598 14206 18818 14211 14215 2962 5011 15764 7066 3994 3484 19867 16798 11679 1443 1447 429 10671 5553 13234 12721 6580 12212 14270 17855 12225 7619 13766 17351 3015 14791 12745 11215 3024 10707 8662 3545 3546 17369 18400 18921 17905 16881 1522 7159 19451 1532 9727
11776 2050 6661 9221 10248 11277 18454 16928 33 34 15392 15911 552 12845 11328 15426 12873 14414 9810 10839 7257 16988 1117 16989 12893 7269 7278 4723 13428 6781 12943 3728 9366 14501 17574 15528 18601 18602 13482 4267 18604 3244 14007 6839 12996 10446 17617 15058 17620 13020 4837 16617 16619 19180 10992 241 10481 15088 10993 1779 4860 5886 1279 16646 6922 6923 7438 14609 14102 19222 5912 18716 12060 6443 13103 18747 5436 6971 8012 16206 7506 7509 14171 6496 1383 19303 16233 13164 2930 8564 8565 3961 13692 3460 17796 19336 10640 12181 13718 3479 9122 13734 14758 19372 13746 12211 12725 11191 7622 7114 9163 4556 7633 8660 4573 7650 6626 15856 14834 5620 13812 6133 5118
2580 12318 8228 551 6702 16943 48 5687 14912 17484 19533 15950 11342 19532 7770 8796 7275 4727 1666 13445 7305 13453 2707 11930 8348 12968 19114 8875 18094 4784 693 4300 7888 18644 15062 11487 15075 3814 5867 14064 9459 756 6902 4868 12549 10505 1293 2327 1838 14128 7479 1849 12095 7492 2382 8014 17237 4440 1882 10089 9066 7536 8568 6521 11644 10621 899 2953 909 399 17807 5521 13714 10650 11686 18363 450 5062 17863 18888 3530 16845 2002 13280 12772 11749 9193 12281 6651
9730 8200 521 17420 1038 12303 4111 16917 3611 11310 11327 12365 6735 12369 6228 6752 18531 7268 2664 12910 19061 5245 17021 3710 15487 11396 16011 3211 16024 13467 7342 5294 182 15042 2754 8901 7885 15568 6359 2792 9962 1773 10488 6939 14110 4401 15160 17728 1868 346 13660 9053 11109 16743 3946 10602 4986 6525 13191 18829 19342 7054 11677 12192 19875 19876 19366 8107 6060 17327 16820 18876 10689 12237 2514 6616 10713 7657 17898 2543 9200 14323 6646 18936 4606
13824 3584 19458 19464 9227 17934 19985 14356 4118 12315 19996 1565 6686 3618 4664 19512 3133 1097 4173 13394 9299 16005 14984 10891 17039 8349 15008 1705 15024 14523 15043 15045 4816 11993 7395 7396 9965 15599 8433 16627 6401 8450 1799 19221 11542 9495 13077 17185 6438 17191 14131 17212 10048 11585 12101 16200 17225 11086 4956 18784 11617 13669 8558 10614 13690 5501 14205 8574 900 5523 7068 1442 12706 1444 16295 14766 18358 18365 1485 463 16858 15835 1507 15870
7681 8193 16908 12302 18963 12312 10267 9243 4636 14373 16425 3628 13876 17972 6713 5179 9794 5711 18004 16987 7776 7266 13926 11879 7799 17028 3206 6793 17551 19602 11928 15513 10906 18096 3251 18100 7861 13505 10435 9929 15055 14052 2790 16106 14070 5882 16131 17166 13089 17192 16680 19762 14648 6463 8512 3402 9549 15695 12114 2899 4441 12633 865 16227 9059 15207 3439 18803 1908 7028 8567 8060 9090 12689 19861 17314 14253 3505 13241 5072 19411 4568 17900
1542 19991 17944 2585 7193 8233 11305 2606 17456 1075 6722 11846 16966 10826 590 15953 7763 18010 6751 19555 14440 13936 15993 8314 1149 14975 18567 13967 6811 3229 6816 6307 1191 12467 3252 19126 4284 5821 7356 12479 701 13508 10949 14028 5837 6350 8399 11984 6878 17125 1766 755 19193 15611 17148 16127 19204 14084 12068 13114 13127 6472 4427 12620 12136 7023 4471 14202 9086 5003 13720 2969 12193 5054 2498 5076 987 18908 2028 18420 10741 2559
13335 10273 17956 4134 2087 16427 12850 7227 8764 5694 10305 10309 12871 13386 19553 610 6758 11378 11382 18555 641 4227 13960 5804 1198 17608 3795 13525 8407 3803 16111 7922 9465 18169 9987 3358 19745 17702 13615 11062 3403 2893 19281 14674 17239 8538 10078 8551 7531 10605 11119 5488 9599 9607 2451 3988 18327 9115 5022 17311 9130 11189 15801 18366 16837 10181 970 15307 6604 5589 478 9699 16869 16360 6632 8175 7664 11766 11768 2554 10236 19453
522 9739 11281 19992 10271 12848 9267 11318 4668 17982 11839 69 14413 8271 11346 11348 13909 15446 1628 3692 2675 16499 5240 5273 6301 7334 3751 8358 19629 8370 18099 1213 8893 11459 10451 5334 10969 4320 6369 1760 6377 7406 17653 14082 5890 19205 19209 7945 10007 16158 9503 10528 290 4920 17726 322 1347 12612 18754 11606 1883 5984 866 12133 11623 15210 2431 19856 16786 10136 2460 4512 10665 4522 17334 8640 3009 6596 1491 983 19421 2021
4097 17424 18450 4630 24 11288 8227 16933 15924 14393 9298 15454 7263 17502 6243 2151 12905 4204 18031 1135 11887 14458 17545 7819 5260 1171 19095 16030 14494 17581 5809 6862 19152 7376 3283 15573 1240 17113 18155 13037 3826 14587 1295 18706 10519 11032 11033 11034 11039 10015 13617 10045 831 1855 4423 10058 3931 1372 8029 380 15745 10628 16265 16272 5522 18853 14245 19883 5047 1981 959 13764 11209 8656 4565 15324 9184 5091 13799 6120 3567 9207
9222 19981 15376 6685 18982 15402 17468 13378 68 18500 2118 3656 4169 7245 2127 6238 3678 15469 4717 8828 17030 13466 157 17069 12461 14528 3266 11462 18121 1740 1233 15581 8418 9442 5347 11494 12521 6391 12029 6411 9488 1817 1818 18205 7465 2870 316 828 11589 6494 3425 12652 19310 7534 378 14220 13708 7056 13203 16788 5526 5014 11161 5019 2974 16801 420 9646 943 11701 6076 13761 15812 17873 14801 17881 16347 996 9189 10224 18429 11774
16896 13322 19989 5152 10278 4649 18481 2618 15420 1616 119 8313 2681 10878 16512 19592 12428 14476 11919 10901 154 6817 10924 2222 175 17584 19122 3250 8885 14522 14018 3783 19145 1738 9420 9424 12500 9438 17131 18674 3827 7420 12033 9476 4367 7960 3355 4381 4382 10017 16173 10040 19267 326 13639 2380 15185 18258 1361 6993 5970 12122 12645 15727 17778 2435 6538 7569 16277 16289 5027 3499 1965 6061 3502 4532 19382 19393 14278 18904 5106 3063
15877 13854 5670 11302 7215 16433 571 7748 11336 13897 9807 9297 609 19044 15979 13427 6778 12923 635 2685 18563 9859 2699 13456 1682 2714 18080 16547 700 8897 4301 14032 18645 16601 3804 2276 14059 7407 11002 19714 2838 16154 4898 3883 5942 19259 3389 8509 4415 7487 19266 13645 1874 15195 3419 19805 19301 6504 16746 17271 17783 16780 16274 415 1956 7076 11179 10672 15793 7602 13240 14789 8133 13768 4054 18407 2025 4078 16370 10742 5626 16892
10252 6669 3090 8725 18453 17437 11303 9257 8235 1068 16942 8757 13365 19523 8274 19544 13922 11884 10352 19586 12938 18589 14496 18089 19116 10931 8883 18105 18622 15057 726 5851 4317 9963 17134 14062 17648 12018 6387 4352 15620 6925 18194 3352 19747 17190 10542 14645 15158 11575 14141 15681 4424 1365 15189 11096 2907 10618 7044 18315 18319 13213 2975 16292 422 16807 14260 10684 8637 1471 16323 9671 7122 12755 17365 19414 2012 16362 6634 7660 14837 4607
3077 2576 7703 7192 1054 7200 2592 18468 1061 11308 11313 17971 13880 19008 3138 19529 19019 10833 1622 15969 11876 2148 19562 12395 15980 5741 12407 13952 18561 2181 1675 7317 6300 9383 1204 15550 11460 4804 7878 14027 13516 19667 10968 8412 14051 13540 770 13062 5387 16141 8976 1301 7458 13625 11073 14665 8529 15706 8040 18807 19332 3465 9612 7059 14744 4516 2470 6568 12201 7082 11693 9647 9650 13749 7099 15813 15301 7630 1000 7662 17913 3582
12807 17416 16401 2579 5159 3124 1601 8773 3153 9308 10334 14434 7267 19558 12391 2666 1138 15987 7284 7289 1155 16521 17546 1165 5269 11419 9380 16042 11438 14514 10964 734 3305 9449 12014 19698 19199 5386 15118 16147 17174 18710 10009 6937 4379 11045 6953 15147 5429 1337 11582 2890 11102 14177 11620 5484 10608 17274 16269 15245 13201 6553 10137 13311 14236 14753 16290 3496 11182 19384 5566 454 9670 18379 976 2003 9176 3558 14833 3069 9215
7689 9738 8204 8724 21 6677 8215 15901 17955 18472 8247 16441 13894 19032 615 4711 9853 18055 18576 11927 16536 12448 1697 6825 12969 5296 4274 14517 11963 1724 5822 8393 3786 723 1758 1764 19176 7402 10474 1770 9964 1265 17657 14585 6910 3328 772 14087 19211 8990 4394 4915 3898 18238 17727 17243 2912 19299 14691 1382 5991 15217 6516 11142 12187 17308 2474 9133 4525 16818 10675 9144 10176 8652 16849 5586 11221 19933 18399 15338 17396
3075 3587 517 18960 13841 9755 11814 18990 13359 8752 9264 15440 597 19543 16984 14940 10845 607 11360 11361 4203 4725 16529 17046 6813 10910 18594 19630 5297 14002 7345 11957 19643 18619 1215 1220 16589 15580 4327 13035 5359 1777 3829 15094 12023 15616 18713 3354 4895 4384 15649 18723 7975 16172 1836 10544 9039 9043 1875 10585 860 2402 10594 3427 13158 11624 13678 19824 9080 13192 14734 15260 10657 11698 9150 9684 9183 15328 8675 2023 11241
4096 11268 3594 12307 11799 11298 41 7725 11315 6236 18016 18538 12911 1654 8311 3705 19069 2689 7811 4242 13973 6805 17564 17052 19618 15523 3238 18098 12987 12476 198 4820 10464 16104 3304 237 17141 3837 15614 260 10504 3849 14615 19736 14107 19758 15689 15691 13134 1359 6482 339 10579 14174 6499 16231 17261 15729 15219 18293 3452 9596 3975 5519 3489 7077 14760 12717 14778 4027 3517 19903 15827 15317 4566 9687 14301 11238 15861 10232 1530
513 18961 12309 1557 11809 4131 6180 9252 1066 15940 9296 12387 103 14952 12403 3194 11391 13444 6788 11401 3212 141 2703 12945 1183 16036 17583 6858 3789 719 12498 1234 10970 17630 8435 15606 15098 13571 274 11539 10517 10522 13083 297 5933 19246 18232 3391 8513 14658 2882 17221 5959 17224 11093 7510 15202 18276 9579 4493 9102 9630 934 6054 3508 14783 1475 11724 18382 5071 9680 8657 4052 13782 8154 16354 19950 5102 17906 4602 8187
4103 6176 11299 8230 15913 10801 16949 9303 10843 8284 10851 9835 109 7789 8814 10356 7286 14976 14468 3215 11408 16016 10385 19608 16539 1706 1715 19134 3774 727 15071 5350 18664 4842 7404 6905 6396 19726 19215 783 14098 8978 11540 18199 281 13600 1314 7970 16174 9027 9037 3406 3934 18291 10108 19328 16770 3458 11144 16264 3976 4491 11670 12190 19360 2476 13231 4527 15798 12216 8120 12731 17857 968 15306 4558 13781 1493 10201 16346 3044
12296 16392 4616 7179 2067 4122 17952 5664 13862 12840 12334 7733 14906 11838 13888 11329 15938 2123 15436 78 19031 4183 13419 12396 9844 17533 12420 7319 8356 4793 4798 15554 3787 1228 5328 2260 7386 221 3300 16101 1765 19190 9978 8962 4357 5392 9490 18195 16663 10010 17181 7455 14112 19235 7986 14669 9050 17756 18780 17758 1897 9577 1392 4472 8061 12686 17812 17301 17814 16802 7078 957 10183 6106 11228 2016 2530 1509 3047 9709
5 1535 1581 12343 12344 7230 12354 6218 7760 12881 16979 7783 2152 8813 14960 8308 18052 2199 2712 17053 3230 3232 13987 15532 10419 18626 12495 4310 17137 3321 4346 2816 18696 265 14099 16665 12571 18204 14621 4901 18729 19756 1324 3372 1840 17202 3386 10558 5440 2883 2374 8523 9042 18259 18773 9558 7001 1374 10080 6498 9065 14194 5491 10623 12692 1949 17825 10152 16300 12722 17844 17849 14279 13260 2540 14320 3059 10234 10239
9228 531 1049 543 1570 8746 46 5690 19517 2113 578 5697 6736 10854 3688 5244 16541 10914 4261 6314 8366 9919 16064 4289 9414 4808 1229 6354 10965 17622 17623 14043 1250 19171 5862 18667 13559 18172 14077 2814 8464 18712 17692 4894 11051 2349 3379 17204 7482 18749 19275 10572 2381 6478 347 9069 4463 11632 373 6014 8575 16255 10113 4494 6551 7576 1946 17823 19363 16296 8111 15815 1479 14280 10192 18899 9694 15852 8685
5634 5128 11284 5149 15393 17473 17480 18513 13906 7764 5204 17505 19045 619 4716 4210 13944 13439 18051 6283 7826 15508 1685 5784 14493 7328 9377 3748 7874 7882 14037 19167 11999 18145 14054 19687 745 14571 243 18695 14602 788 2341 14125 10560 18250 14667 6486 13142 4964 14183 8552 5480 17771 2415 3443 2938 382 11658 11664 19349 7064 2976 17828 12198 5547 1454 945 13235 12221 451 4044 6615 12249 474 11739 19946 12786 17404
8195 16391 6163 19479 19491 17980 5692 1089 9284 16967 19551 10855 14957 5235 640 1153 13446 19593 6794 11402 5770 16532 18071 2201 19098 16546 1195 12979 7863 9920 4303 1751 19160 9949 10468 12519 8937 6896 13049 15123 8470 2336 7972 6445 13631 17218 19781 325 15693 14686 3938 10092 15215 12149 6523 6012 10110 18821 15250 5012 4502 18329 12723 11188 8115 4535 8128 12737 17346 1989 2504 7626 5079 477 11235 4593 13298 11763 8697
15367 10767 8727 12824 13853 14882 9764 6692 19502 17969 14905 14909 13898 2639 1118 6239 2660 7795 1658 8827 12924 11901 6784 17554 11941 11942 10922 10415 1713 7866 12989 12991 9936 16081 10974 2272 2794 19691 13552 2800 8949 11512 3846 11017 782 15631 9487 11545 11556 19240 2366 16703 6980 4934 16204 11602 10066 10074 18273 357 15211 12654 7543 898 3474 8085 16791 2466 14756 5029 15274 4041 18893 14288 6109 995 10726 3571 2558
1537 514 6145 9224 5137 19 4115 3123 2100 15413 10810 16456 12378 19038 112 12913 3193 2682 15998 7302 12954 1692 11938 11429 11950 1202 16564 19637 12469 15032 10425 19142 8903 7370 14546 11479 10458 19675 10478 7418 4862 17664 4355 7431 13576 12553 5391 14608 1808 800 17186 11042 6951 16681 16691 9526 9016 14676 5975 11099 8545 18283 15725 16244 7555 6019 9094 15240 13728 14248 19913 18902 4062 2536 13801 17392 1009 12785
16388 4620 10765 14864 18962 5667 15915 17453 19503 11320 8765 3648 8261 13384 13896 1610 16974 4689 15444 5720 11873 8801 105 1144 6297 17562 13470 4777 14508 19639 5816 3263 10944 8914 9943 5852 12008 13551 8438 18682 13050 5374 766 7425 773 15110 12040 16650 8977 12564 10536 8488 19755 5962 2903 1378 14701 15732 17793 18819 9622 11162 3999 18341 16294 2983 2993 5582 14800 5074 10200 13788 10209 13288 3564 5624 18939 10750
7170 3588 5636 15884 532 11800 10264 3614 10786 18992 15921 11832 12869 6214 19015 4176 605 98 6764 4208 7805 3199 7297 15491 4231 7311 19601 4241 19603 10390 6334 11971 3268 16070 14535 715 5324 16591 3282 11998 10981 16110 16123 19708 7937 12038 9993 12042 18702 19733 14618 5403 17694 15137 2356 12599 4413 850 14680 15714 14187 6007 14199 19833 13693 11649 5535 947 7604 9659 4542 6592 16847 11230 2539 19438 8688 506
3586 14874 11805 5164 4662 16443 3139 16453 1093 12362 17491 5206 13914 9819 1631 6252 4721 6771 14465 9858 9860 9866 7833 14492 7332 2727 12462 5806 17589 694 6332 4818 1235 5845 9437 5344 7911 8935 5878 13564 3845 9990 11020 4385 9510 10026 12079 11580 16209 18778 3930 8546 5481 19306 2922 18797 7540 13696 15236 11659 16286 13744 17333 15287 16827 3010 19910 19401 6606 4562 8150 9686 19417 12257 17381 11755 11759 1533
15882 6154 18959 2593 19496 13361 18485 10809 12359 2119 6220 15455 617 18545 18553 16517 9861 8326 19101 8364 13486 6327 6842 17086 13001 202 10955 14542 19682 13030 12528 245 16630 3320 1812 5923 16682 12591 17200 13105 6455 323 2891 9548 12631 9047 12125 7008 14695 16243 15739 3454 17278 6529 14725 6542 10639 16283 9136 19383 15800 8124 12224 5057 4544 14790 13254 15305 11210 17357 15841 17383 494 4590 13300 1014 15863 3583
14336 9234 2584 15900 7207 2089 1067 6187 8754 18488 11323 19515 17474 15943 2632 4170 14926 1103 5199 11356 7260 3703 11910 4233 7312 5780 8867 18599 3754 2226 9924 6859 9421 2769 12507 6373 10982 19187 14588 7432 15635 17707 19769 19778 17737 12625 3929 19807 1890 14178 14186 11629 14705 11122 2422 1911 15232 3983 8079 8087 2463 8098 5026 14252 17330 17352 19912 12757 14810 13274 6118 4588 7151 12273 12280 10235 3581 18431
8706 19460 13833 12811 12818 10782 7712 9761 14894 2613 7228 17470 2630 7757 10830 9310 10847 14956 4728 12927 17549 142 3217 17556 18581 19606 11424 5814 16569 8378 17088 12992 718 9431 1243 15070 17132 18160 9458 2297 6402 14597 11022 8472 19743 8995 303 12091 8508 16714 3915 18777 8537 9564 4453 16744 14708 18299 8577 4997 14216 15757 10126 10647 9134 9137 10690 18892 12750 1489 18388 7637 16343 7129 11226 11247 1012 16374
6659 16918 19478 14872 5658 10783 15906 556 14380 12345 10306 5200 13402 612 5740 1645 7283 17525 11904 3204 10386 9370 4762 13985 12453 13992 11947 2227 2742 11959 1227 6870 16092 6876 19177 2282 14577 3313 9460 7436 17681 17684 2847 18210 17711 15665 11571 19261 1857 7507 6998 18776 8543 7521 15720 17264 1395 17277 2444 7577 10142 8100 4520 16305 4019 2486 16825 6077 19390 17371 3549 16871 5612 7149 18413 11249 18933 1015
2 11283 6679 3100 6700 5682 14387 16950 6208 15437 13910 18009 14941 10335 8297 6780 14467 10887 2183 13966 16041 4778 2743 14520 7353 2748 19656 7880 19155 4840 17642 6891 13039 14063 7921 15093 1796 7946 2827 3853 18703 6931 2840 7977 8491 16688 822 6976 10570 10067 7525 7527 10600 9583 3440 16240 7546 10619 18300 4995 9620 1436 930 2982 11695 17336 5562 7615 14785 3522 1481 11220 18394 19934 3565 6650 9725
7171 2054 8214 12838 553 8240 19514 16447 17987 15432 8269 4177 3672 3162 2141 14433 13424 630 10368 19585 2185 19598 5265 4763 3740 5794 170 12970 4279 13534 7393 14055 13038 8947 18676 18680 18184 7951 5907 17175 5921 12080 17715 7991 9531 18239 5960 12619 16210 8544 17262 6003 14201 12667 1915 2429 19842 12175 5031 2984 18865 2489 16318 10701 6098 15837 8159 4064 4580 3557 13798 487 3562 15857 9201 5107 12793
7680 3585 2051 6668 9242 27 18972 10269 16926 7204 4647 5163 11823 6196 2615 2120 19017 2138 19041 13928 1659 18050 2691 13959 10378 16026 6820 1190 15526 14513 9909 10427 14014 14022 16072 13013 222 4841 13561 8968 4880 16146 7456 13611 18220 9004 11569 5956 16716 2914 11622 3431 3949 371 2428 14204 14719 7552 19329 6530 391 15755 5039 1972 7092 9658 14269 453 1480 18895 9681 15314 8146 16861 18398 4604 17407
16386 16394 12317 16931 16420 38 10280 18484 2636 19538 17492 13912 16481 7273 625 19589 15494 9864 5262 16017 6803 2708 9367 151 14498 163 9895 11949 10423 18108 19648 4291 17605 6866 10453 18647 4312 3811 5352 6900 17158 12556 785 18201 6947 2342 3892 10556 8005 5446 16717 12110 18270 7007 19814 5482 8044 13686 1407 17284 9095 4999 8592 16792 16291 17324 12716 15790 4014 3506 953 956 15310 8679 488 16372 18940
13825 7685 13829 3596 17942 8223 4641 18980 14389 9787 12355 15942 5703 5705 16983 2139 3675 1122 11363 4200 15474 3188 3195 8834 10888 13962 12434 2715 12962 4782 19640 18125 15565 10960 19156 3806 19185 5363 12022 9473 17666 9474 262 9992 19214 11040 17188 4912 7995 5454 15712 16751 1398 3446 8056 12159 8585 18832 17821 2461 6049 17323 17329 13747 15290 2490 6593 11730 12756 6101 12758 7654 11751 13807 19954 2039 18428
13316 6164 1050 14363 17444 8232 1579 9775 4663 1606 13900 9294 8276 16982 6249 7787 14456 18040 18049 7306 10892 9357 7315 3221 15510 3223 8858 16044 15533 14518 16061 12477 2759 15049 19669 9434 9440 4321 5346 17135 4847 6898 16118 15099 13566 15621 777 9485 12052 13082 5413 11052 1837 18230 15163 18237 2878 17217 17733 8517 18248 9567 10086 7528 19307 4006 10179 14285 5070 12751 8145 5080 473 2017 18408 6121 16891
14464 18307 644 14085 15749 12551 14856 5253 7948 140 7440 7954 6291 10004 12053 3485 19998 13857 18851 2215 17576 19625 3753 4905 17196 15150 8750 177 9779 5174 7095 18616 185 17209 6715 13884 15933 9915 13503 9025 3394 19907 15044 16709 17220 6341 14664 17098 11722 6605 5456 10583 12120 4311 5210 3291 7768 19165 1119 14048 9056 12641 9317 7656 17387 4974 10606 3315 5748 2036 12918 18551 5112 8444 8189 10622
16384 18945 8074 18955 19852 18956 3723 16399 10509 7185 1042 787 11796 661 7699 8721 2072 6035 12440 6168 15381 18845 19614 15910 1832 2350 1839 6802 15538 12595 13107 18998 5558 16700 19576 4926 6207 19011 3269 11079 5575 18377 716 10317 9678 15181 8653 9677 15318 5335 19964 2909 8927 6880 14049 17640 2409 9196 19821 16238 19182 367 623 19312 12530 1521 13939 2031 14327 3702 5875 13432 13176 19196 4990 17147
14850 19588 18440 18571 14863 2575 9744 13969 16659 10260 17683 3859 9240 18586 19482 9373 6047 6946 9124 15653 9767 11048 5287 2730 18987 9132 7599 13487 8623 14130 18355 3634 7349 9522 10552 442 13244 7486 15806 8000 10816 17091 18884 13636 9925 9028 16067 13770 12491 16460 4938 4057 19803 7387 2405 231 15208 2665 19434 13548 15726 18158 12526 14961 5231 883 10610 8690 11891 11633 9849 17915 4732 10494 895
18688 15489 7553 2946 15492 14470 14344 17033 8830 651 15629 13198 15503 1811 13843 9363 6809 9369 8219 9241 7582 3359 2848 9123 19243 7339 14764 4139 19377 16563 310 14263 15929 12860 17345 8130 13892 17223 1865 4426 4683 11851 5706 3794 17363 467 16083 3154 16725 10835 11607 15486 10204 5341 6366 2910 19425 7777 8548 9319 14185 1259 10220 624 18801 4595 12276 14198 3190 12920 15222 5114 2427 14334 15103
13568 5121 4992 8963 1028 12804 14214 1925 3335 3720 13577 4497 14739 9468 17430 16152 12825 8986 18714 12827 10012 19999 2464 18337 14495 18467 16679 9512 18218 43 19627 11566 5423 14385 5298 3635 19511 2488 7865 13627 17724 17341 958 11967 19136 19653 6601 5578 4682 19150 16336 7762 15188 8021 15325 10336 864 11234 17760 1124 7012 1639 10731 11756 5998 17391 16880 15218 4211 379 10361 12539 7804 3965 14078
1283 9731 1674 14860 19725 14221 1677 3213 15760 5904 3730 13204 4629 6935 11031 9623 4376 10024 16040 19882 14251 18092 11181 6703 4656 8625 11954 5938 7987 7727 9399 1591 4026 5946 11834 7229 1603 19908 10950 1352 17226 5322 8526 14799 1742 337 14163 18260 7252 11735 3928 7384 11610 8925 991 16480 17761 993 9186 10465 2787 1638 5221 8440 15594 5098 14573 10349 12015 2034 7157 18166 16759 4984 9461
2433 6657 14339 6787 13828 17286 2055 5384 14218 394 2445 4750 12687 1424 4496 6162 9364 14230 15896 9881 15642 6299 13212 6298 16670 6425 928 3104 6050 2720 11172 804 16809 9898 17963 10155 15278 5040 15027 820 441 12607 9281 1217 4545 1092 15944 8139 17099 14668 13519 19280 15441 10448 13653 471 13656 13400 7514 19036 10332 8670 7004 3676 12386 18405 7914 19823 7794 16885 12406 9463 4342 9081 11006
10369 11780 3973 6027 12812 1547 17294 9237 6934 8984 19355 17947 14109 14627 7587 18086 19238 15400 3625 9254 5801 3370 18093 12203 8493 8626 3507 11828 12726 566 9657 16314 9147 9405 17472 961 3906 8258 6727 3657 11081 2766 8527 8528 7251 16212 8531 4307 17367 11480 15066 18652 4444 16094 15584 7649 5218 7139 15463 15977 2027 16364 13421 13550 14830 6763 6894 13938 10995 1650 5108 6899 10104 19454 8191
3842 5123 7939 13060 18437 1034 396 15117 17678 4876 5905 11666 11027 660 5010 7316 2710 3480 13849 1434 3608 17567 4256 3105 18338 10018 15012 4899 16299 1580 19247 14642 14515 11187 16565 14902 1844 1592 5684 6461 5058 18243 6724 4420 10948 11591 13507 6348 4686 10063 8400 17747 17876 17621 469 1496 14553 10714 14814 10466 13795 228 1895 15721 10218 13547 8303 6128 886 4600 19705 14971 10364 4350
17792 15361 17536 13318 14598 2056 15752 13703 8971 6026 10255 8593 2705 16787 3476 5906 10258 10140 2589 2078 18335 18848 4509 8737 2979 19621 12582 18342 2601 18221 9262 18351 17201 13106 10034 2357 6070 9655 2363 317 573 5567 4416 13893 15558 13382 13000 19273 5193 1867 16201 17866 3145 7758 14671 1106 15443 2259 5590 2262 13530 17375 9572 5860 3175 17514 2795 2157 16497 4339 3575 16250 7548 966
16898 19330 11394 18311 13448 12041 4747 7051 16657 7058 1169 17300 2454 5783 2583 14745 11674 11675 15515 6556 9758 9884 8730 926 9251 13733 16422 18085 17064 7080 3239 5676 12590 2225 1971 15285 10294 8886 5304 13110 13622 2747 17340 12861 576 4805 15559 14154 9803 2378 17232 9168 12370 3542 16088 18524 8289 18786 2019 19685 19047 2919 8169 4456 17133 7152 496 19186 7797 8310 4215 250 12541 8447
4864 13186 13698 7304 10763 2188 2316 14990 15119 11152 6540 2322 19219 11404 8726 13847 17816 1945 6557 11936 11296 3106 4514 11301 7592 17065 13867 17708 6444 6956 5425 2739 11702 951 18490 11835 14907 16445 62 8251 9023 3390 8769 4028 10430 2756 14918 19783 14152 12616 8134 16844 205 206 207 13773 8655 8658 3534 17364 2133 6229 10461 18654 1762 8163 5093 4326 8559 14709 120 10489 13306 12414
7683 14341 3590 1545 11914 4749 16527 16534 6295 15512 4374 1562 15643 5530 8091 541 14366 16287 1058 4644 6181 5910 11690 11691 12076 11309 15534 9263 18608 2229 9656 5693 3265 12994 1605 8006 19657 14538 6090 18508 19279 19664 1618 5715 8534 1623 11609 12634 6235 4059 10077 479 2655 6113 7137 19811 11519 3174 19561 16874 5610 10217 238 15855 9711 633 8434 10743 17145 10746 7292 6526 19967
5637 6918 7177 14474 9593 270 7313 18578 914 11411 12691 5529 5146 5913 4121 10909 9724 4767 8610 14755 7843 17573 14629 6822 3498 8109 7343 10287 18995 2355 9523 16442 9402 5564 9533 11257 7998 6906 7361 9793 11201 1860 456 17353 10568 9547 17228 5707 16848 2643 15316 2261 15191 87 6363 2913 11489 8803 12002 12259 16998 18152 17513 10091 16621 14832 2803 761 13430 15479 1145 1402 764
9600 3331 13188 134 392 15241 5131 2446 9231 9489 2964 19093 8599 11166 2465 2210 16162 6520 6182 13863 9128 3369 6958 47 2607 9396 15412 11192 14650 2746 3135 19392 18623 11714 10947 17860 4803 10437 9413 8007 7364 8647 74 19406 462 2126 18515 4949 15957 17879 16597 12765 18912 10978 15459 17764 19941 7014 15589 12776 18025 12137 16994 10604 366 1139 12661 6774 18935 18808 19194 11131 9981
5504 4865 14723 12932 10885 1926 4356 18825 1546 11145 16140 13325 9740 2063 2321 9106 5267 2452 8341 2069 19994 1179 5020 2717 18334 13983 17695 2337 3745 10654 1964 6579 14005 12086 19255 18872 17463 19321 13887 10175 3264 13762 13123 1732 1859 1861 9542 10312 5961 14922 4043 9676 12353 6094 16720 6096 1620 1498 13146 8158 19295 1249 5602 13665 17892 6882 13671 7145 108 12151 18681 2555 12797
13569 15495 9609 3595 10123 7565 14478 6672 11025 15890 14227 13075 3092 406 10387 5393 5401 5914 5785 17432 18336 10659 3236 18088 5803 5420 8110 6449 7860 53 7477 4918 18103 3128 8375 10426 5685 6460 5940 15422 6975 12735 7742 12738 3907 1350 7368 3662 10575 15700 15061 5972 4825 14556 17501 11870 16485 17254 9704 19945 744 14060 13040 15601 19573 1141 16629 17016 2678 9078 7547 10365 5119
9093 6406 2441 12170 5258 1676 14605 6541 13457 530 9875 7958 3353 13722 18846 15262 5918 8353 19362 6436 12841 19242 12204 813 14254 6578 4531 4148 19125 821 18610 1593 7738 12219 7868 9913 17215 19010 14914 12357 7366 4039 19911 73 11976 16069 6982 4812 7503 17743 209 11007 15060 1621 14679 3159 11225 16089 19040 737 1632 3168 5604 13664 19432 13800 19054 16371 16245 18809 11004 19326 17535
1280 11521 6016 5377 18177 6664 9720 19851 13181 13582 6160 12822 17047 16664 18198 5142 667 10268 11933 4253 8609 6563 5796 19494 13865 8106 12075 3242 7086 14383 6192 15284 19765 4790 3895 13750 15677 6590 8127 1729 11074 3140 5957 2501 17865 4171 11211 19789 14033 18261 2399 224 2529 15586 13026 17252 8928 4966 7135 11746 5353 13162 8302 14319 19056 15985 13935 15350 14710 248 10998 18173 3327
9601 11395 4101 10117 19333 16776 5254 7947 8716 10637 3854 528 2961 19477 16406 9749 12062 18211 4387 6440 12972 2733 4142 8751 4015 561 16945 1201 3763 3893 9908 5426 18360 18746 1594 14524 9790 9536 6850 579 14917 8902 5445 4936 6089 9291 18512 13649 18130 212 18266 9565 17633 6242 4323 17636 9700 5349 15336 1385 10347 6507 8557 1003 12143 2804 9716 2934 6903 15096 2294 12413 5502
10240 5509 4229 15238 19462 11398 10890 13581 17 12308 10646 16668 11165 5920 1315 9514 10027 7214 9903 17712 2096 9008 19891 12084 7476 15670 311 11576 3642 8763 16188 14653 577 8770 18755 12868 1863 3144 8264 842 587 4941 2687 9809 10963 19540 19158 10070 19672 18526 18015 1120 13152 13282 17123 14307 485 14309 1255 2786 6631 15466 13163 5354 11501 8417 19953 16883 5239 10360 11771 17663
17281 16003 261 12425 19595 3084 1164 16396 11282 12050 4244 18325 6427 12572 7069 3357 5021 12958 12833 15138 10403 2981 8744 13353 13226 13738 12457 12971 5034 4271 10543 6835 17973 1461 9784 60 1212 2365 7484 8767 10748 16834 12999 10185 331 8907 14798 17102 16976 8143 5457 5718 13014 14168 13145 17370 7262 17249 14818 14050 13413 4197 4202 16236 10991 8432 6385 6639 1783 6136 3068 5757
6656 12288 1539 18179 3843 16004 15242 10634 19596 3598 4498 5143 19224 16409 7578 14491 4769 1954 13601 18596 10148 15403 2091 2095 8369 14641 4787 19252 5303 3000 3513 19386 6202 14652 9022 1983 12865 11458 8386 15428 17985 7749 14786 12361 19274 12490 7881 9673 13391 5458 8664 5849 2778 12123 7132 15453 5342 11231 11104 2401 1634 13410 11368 17645 1006 17395 14068 16116 5622 1271 12409 8959
17024 16257 16642 13315 2564 2950 10631 18952 524 3088 7824 15252 5141 5140 280 8985 4251 8093 10399 6560 5540 18471 2855 18476 15277 10925 7031 8498 2101 568 2745 2047 14396 15038 4414 19776 6462 1478 455 1607 12870 5066 1995 15567 11856 10199 17112 17241 14424 3801 3548 6618 15326 14296 14432 3554 8445 2279 14696 7144 17130 491 18412 9707 11627 10348 114 14967 3577 16636 12285 14847
19457 16647 10760 3209 6029 19471 18705 14483 3347 10645 10262 13596 4511 3875 19748 12196 9726 2986 939 2736 12336 9649 10674 5556 11056 1207 14392 8889 2361 11578 1341 9151 4543 12097 15481 1348 837 15174 5573 1225 8779 15435 9164 18510 13261 12494 13647 18000 3147 594 9041 3540 13654 5462 7893 17753 16602 8533 13149 3422 7519 6114 14819 18023 10601 8173 9454 3660 11889 4597 17273 18046
10112 19969 10753 2560 1284 4996 10886 6660 18312 3082 6799 4112 16273 17810 12819 6804 16533 8595 4887 18328 8471 5271 16411 1438 14370 419 15652 6313 16554 12459 18862 3118 2935 3381 10807 1919 14265 16697 1211 15421 15294 12742 13129 14155 13517 14416 12754 15954 14804 15315 9942 17751 9555 600 9178 724 8790 19548 12252 4965 8680 236 4076 6126 10097 3444 5493 18167 8186 7123 9854 8703
17665 13953 7427 4870 8 5130 13834 398 13327 12304 10769 5394 17682 16790 12314 795 19995 13597 2590 2845 1321 5675 4652 11692 15157 16695 3769 3899 9019 16574 18370 19140 12741 10823 12103 16585 19786 2379 19918 17871 17103 19537 7631 10447 2132 6484 5078 18903 2009 91 6108 8669 1630 16478 16096 14304 7778 7773 14182 15719 6633 8556 10223 7537 19058 19314 13682 8050 19063 13048 2811
6785 18690 6531 14466 17413 15493 5893 15365 11656 5769 11 3332 9479 6666 14222 15375 3216 9615 8596 7445 16922 3483 12188 2077 13856 4645 17701 8487 4007 14891 7979 18991 7984 14768 1586 7478 14136 2874 14397 12733 18495 7616 6847 5699 15302 967 329 1355 3150 11599 11343 7634 17619 1877 5463 9691 11996 10373 17632 12258 1892 18157 9326 5229 15216 8689 1396 19192 12282 17916 11646
6786 12035 2438 19078 15239 14983 11530 12426 8330 17293 8454 18579 17172 2709 17686 9238 12696 18456 11157 12567 1948 15645 4249 7452 12831 13218 15522 4386 8229 4772 8616 2731 13869 9773 9138 2484 9781 7735 7098 13755 17725 16192 3521 9538 11717 9160 5708 15053 17744 8788 15830 11483 15197 17377 8033 2659 2020 6755 8678 19048 2026 1900 17389 17005 9071 4209 5234 14836 1272 9979 4735
18944 16513 11012 1668 1414 6663 4487 14348 6157 11918 5778 3858 17429 7063 4991 15902 8736 15777 9506 18978 17697 5536 16166 7596 10417 817 14259 14008 19129 19130 15802 15676 15679 14271 9537 19522 4167 6217 6221 12238 18254 11725 10196 1492 18390 18007 17624 5591 6746 10330 7930 12770 6370 4708 6372 10213 7779 10850 2658 13804 12397 1903 11760 19057 5618 9713 18036 15866 893 15230 13183
17280 18689 15747 259 12295 8715 13196 17423 5264 657 11669 1785 5015 5754 9625 1433 6683 5277 12574 15647 16039 17832 7976 7338 15148 15021 16302 4911 8622 6833 8758 439 8888 16957 832 6082 4676 11206 1353 18639 18386 3667 9812 19670 2137 2649 17627 8921 14046 12895 11488 4574 13794 5089 2270 10469 4714 5356 17773 1389 17007 19442 10483 19955 2932 7798 1017 1529 16634 13565
6400 3457 12546 12419 1538 15109 14213 17542 9991 519 6024 7556 1292 12813 11149 3466 2960 13842 6419 10775 13593 4484 12963 7589 10795 9260 14640 7344 9141 10421 18361 7611 16572 16701 12990 12608 19009 16448 16452 19526 17478 8904 12106 19148 16588 8141 4174 12496 9426 10068 12373 7512 3673 3674 5471 12768 3936 15970 4067 4704 6115 12266 18670 6789 9586 15603 11127 18937 4347 7807
512 17409 3202 19844 8199 18056 3722 11917 13454 1935 3856 658 17048 6936 793 18715 16028 542 19102 2718 17443 10915 16550 17193 1707 5932 13356 13870 3247 2989 1841 2610 4910 19767 17592 15928 13242 6972 9917 8510 6591 6977 11972 582 5449 5451 18128 16596 12152 11478 15064 5850 18141 17885 7390 3296 2784 17374 18789 358 13414 5735 10986 7786 1133 5230 8304 4344 17022 767
17287 8840 10250 5243 2319 11154 16276 11412 2205 4766 8222 19488 6175 15778 5412 5285 15142 14503 3624 18345 7335 1963 3115 5548 16822 12986 16187 5820 14525 3258 4924 15937 8262 9031 6527 11340 19277 3792 2385 4432 16980 6102 15704 10457 14172 7261 12638 16735 5982 97 14561 13604 16484 229 3172 10727 12774 2281 17386 19051 11372 18925 7401 7408 16754 10228 8053 18294 123 11263
11136 14848 17794 13697 16901 17926 14086 12678 17799 19217 6418 3990 7318 1048 1305 11673 18076 5148 6818 1060 550 15401 9129 3626 15276 11821 9901 18863 18864 12720 4009 7859 15283 3765 6829 8880 569 14782 9662 8511 10190 12497 466 13651 5843 17109 4437 9436 3164 3932 3041 99 4707 5220 486 15079 14442 6250 12780 7405 14575 17520 1394 15346 9587 17017 8698 13691 1404 10367
16387 9862 5383 17160 18185 775 16139 4872 5257 13710 14736 18449 12561 3219 5782 8729 4377 16552 40 11562 1578 11180 8365 3758 17840 10928 12082 16947 3889 10549 3512 13246 13120 8896 14150 1608 5321 457 11338 6602 5194 7117 8270 3151 80 3665 3666 8915 18772 10325 14421 15231 11229 1373 18144 16225 3169 1640 16618 5227 3184 1266 9718 17015 12536 6649 4474 13182 18687
10496 13441 10754 5891 774 7559 267 395 15883 6670 15502 18064 17292 12045 14737 5899 7701 894 4863 8216 7065 1432 18075 3101 31 16671 14372 12197 19374 16815 7089 18613 18614 6709 18362 1467 14780 6205 449 580 16071 7624 11855 18896 728 2392 218 4187 4831 481 226 17507 10859 17516 19948 14829 2283 9581 12017 13297 7409 18292 3183 8687 11641 5499 11516 254 1663
12161 8705 5510 16007 19207 11272 7564 2061 8206 8848 14225 19474 19859 1684 10135 19612 13084 18081 4771 11044 6775 2344 7466 2603 304 4272 2228 8761 13757 16320 18240 19650 18242 13253 18502 16711 1094 9805 9550 11471 16337 596 12245 15574 986 9566 19808 10849 2532 3812 6885 4455 4586 18028 18284 11502 9070 18671 14703 5105 4592 3187 15859 17909 3959 14712 17013 16115 13308
12675 8323 8584 17042 16021 19610 14625 5793 10660 9638 3112 1833 11304 5931 17961 9007 52 5557 3125 9653 16440 11833 5944 11579 17595 4541 16702 19391 11325 4801 6337 2371 7355 7357 11080 16329 13643 2252 17741 4942 10959 18263 16728 4439 14042 14811 17883 16477 8286 6748 9824 18913 17890 11390 15974 1127 11882 2923 4330 3822 8048 6000 5746 8049 11252 15734 6390 6265 17790
7554 5623 10759 1037 16655 19600 11537 6290 15633 1556 19605 18582 8855 1302 11926 10006 6548 13971 9117 16415 15143 9259 2094 4145 16693 9397 4408 18620 5180 15424 15425 2369 16580 2757 5828 10441 12489 10187 13389 5583 12241 14419 2005 9430 4822 6744 9560 13658 14427 4058 5853 15582 16378 18275 12262 104 18024 3560 19819 2411 12267 2544 5237 10487 1913 19834 12796 4221 6783
4481 642 4228 17029 7045 19463 3848 19466 17163 4748 19597 14610 13331 17558 2839 11158 17824 1952 8482 18979 9507 12834 4906 8362 2988 6067 18742 17206 11446 1978 8122 8641 12610 6595 11718 3271 19914 3019 7242 7759 5969 10578 9939 13396 18775 11994 19547 5722 18142 18655 14175 16226 15843 18661 4325 16742 15976 11497 8569 1004 4332 17518 12268 10098 10482 10612 9335 15865 11262
17408 12291 9348 6149 4 6920 11913 2314 5640 5752 7567 14482 1683 1942 5398 18073 6943 18720 9247 18855 16168 15273 14378 11816 16561 12600 8125 18879 15552 10434 14275 8518 1735 11207 5448 9289 11852 12109 17105 13266 13907 13526 6360 19289 18781 8541 5728 13409 16737 11493 6886 8425 14955 2155 18798 2799 3697 626 19443 18802 16757 15345 14450 4856 11635 8700 3966 6911
19840 4739 10372 18180 8583 15626 18701 8205 7704 11802 8604 16674 19236 9765 1572 679 13993 5162 10411 12588 4913 17587 14132 2996 695 11065 7867 16699 16956 14139 11196 2238 18496 7745 10178 7747 14916 2116 3267 4550 15561 848 6097 5330 12499 12116 11733 3798 6490 19035 16609 8929 11492 14057 12649 13931 9836 15468 13932 17263 16496 1647 1641 2929 4084 15989 7929 19583
13440 257 8064 7940 6405 17156 15623 5515 12557 5007 18831 7057 2193 9871 2581 9750 19607 12952 18457 6042 12059 8603 669 19869 6684 12066 13732 2214 13223 9896 1577 9387 12332 17198 12338 51 15411 4149 7350 5173 4281 11710 17602 18882 4036 8900 72 14410 16458 3404 19662 13904 7250 7674 15958 3543 10842 13666 10596 4199 18799 5871 3569 13813 19830 15738 17019 1789
13057 2566 1671 390 903 1549 9230 8594 3093 15382 10263 5402 10907 3231 11427 11683 8357 6694 15656 9001 2861 15022 1327 19890 6452 10933 9398 7732 8632 10111 15293 1473 2370 707 12484 5701 18886 13255 7750 1737 14026 10700 15308 19409 2772 12886 18391 11872 17634 8292 10470 1511 2280 3176 13675 10475 6892 17903 9456 2927 12658 19827 19571 3061 13046 7415 4216 13823
9472 10755 3974 6790 5385 17426 4883 16019 9493 1944 666 17534 1693 5278 18847 14240 12065 11295 799 8740 5544 15017 11436 431 559 15279 10929 6065 13878 8630 18873 5433 10811 17852 3004 1342 14656 5824 15427 17349 4809 19658 12875 844 461 9675 9045 9046 14551 2776 3030 9562 15962 5339 19298 15203 16868 14692 2277 7143 13294 7918 760 4467 12275 16120 2044 3326
1026 5379 4733 18566 1670 18057 14985 18446 7823 3987 2196 4117 19094 3734 13464 3097 17691 1052 4380 14624 4260 17958 13736 8872 10999 44 13614 16434 3762 15797 10805 8760 1595 10812 10688 7618 5570 15555 197 15609 19146 19276 10958 9172 13143 217 7644 15741 8926 4578 13156 3429 8294 18404 3689 3819 4844 4845 16494 750 10737 628 11380 17399 377 13821 14079
12162 8453 16135 5255 17289 15113 7178 1548 10375 10894 11150 8850 10771 5396 10900 15383 7831 3736 15386 10651 924 11164 18463 1695 16805 14246 4005 7206 7594 3501 11055 10416 8881 3761 17459 13363 7989 16824 15545 15932 2620 10814 16959 8385 6083 1222 14663 15175 6598 19659 4685 18518 19291 5854 9825 9826 16867 9443 8059 13670 17770 1131 5226 2797 7279 8183 4731
7040 11009 18306 13573 5127 14986 9995 17040 18323 3605 9111 8088 9112 18711 11422 8480 17313 10785 6691 16293 1702 4646 12585 2346 1073 15796 9654 17208 1080 5434 2494 9534 15170 7544 10821 16968 11465 9290 10571 1996 5710 11087 1231 13777 14677 342 8663 10328 17503 10977 7652 16741 1253 1510 3430 4839 7141 12651 5739 7147 9457 8825 1652 15733 11640 1401 9083
3329 15618 8578 18950 12429 1040 3091 11156 5653 17151 791 19097 8092 15264 15776 3361 4519 19371 14893 1709 560 4404 13877 18359 7736 6200 7996 12605 13117 14013 13376 14017 445 4287 6979 9285 7997 12105 14925 17235 16214 18774 1238 8409 8408 7039 19455 14429 13021 13791 5598 16740 19430 19816 17896 17768 9960 9708 17901 17646 751 19569 1649 2674 19829 7542 16895
5763 18308 3461 6279 4232 8201 16393 14475 1035 8144 18320 14865 12690 9494 10391 5654 4886 8474 14237 17318 16297 6828 174 11700 8628 15547 11452 3392 16833 19521 8771 14402 13510 18504 3400 1099 12236 14029 4814 16076 19535 12624 13646 12621 336 4306 11861 4951 14550 18519 1753 1242 18523 10972 9181 6619 4828 1123 14564 12518 871 13290 10353 5874 3788 14711 16376
6146 10626 17924 14852 3719 2952 2313 4617 139 13451 9351 653 7950 7183 12177 282 15899 7195 19486 2591 6177 15269 19624 18600 7722 9771 18606 2865 17588 19508 10493 16954 1980 15292 2621 9663 18112 5313 1474 3908 2246 9287 12230 16969 12232 12749 19149 18638 4304 3279 3924 18389 5599 13153 8806 9192 17897 3563 12140 1901 8943 9968 498 17652 12792 15867 18685
6532 3079 6280 16778 1931 2826 7053 13073 15767 5017 4890 18719 3360 18209 2079 803 12966 12712 3368 11822 11951 12464 9265 2224 2994 18612 9525 12214 11703 7737 827 9277 321 3011 10824 9544 5580 3405 18126 17359 2384 3023 979 12372 213 17495 10071 9559 1113 6871 7385 3630 3679 7264 5990 12264 10090 7274 19694 381 6773 8054 4726 3066 13563 14460 18301
11139 10501 9477 17670 12424 12298 2955 7310 12815 5902 1553 8082 8733 9629 6303 1568 6048 5795 7333 4773 11047 2090 13999 18480 19505 4399 3632 438 17590 12342 18231 4922 13626 3897 12603 19262 19646 3262 1994 9930 13004 1357 1230 11475 1112 10841 5465 3165 16229 3686 999 12904 6887 3818 16363 2156 4462 18159 5615 2801 15221 18422 3064 6138 7035 4348
11137 386 14595 6020 14982 7 6407 7430 4360 2186 1803 16524 10249 13319 2448 9361 2320 12179 7188 4245 11287 16280 4633 18587 1053 13982 9470 805 13991 7723 1323 5035 13102 3887 15792 15789 10546 5555 5042 17332 18302 10169 17851 9403 14140 10304 3529 4557 11214 14670 846 4431 2513 11995 19293 482 19431 6119 7529 7658 10736 14066 6901 13434 18684 1662
3330 13059 4354 5381 4615 12 1167 11409 15380 18197 17302 14614 1912 19739 19615 10400 8735 6178 7971 9002 14635 10029 18350 1070 5166 15537 4013 2611 4909 446 2879 9792 15808 16576 8126 19268 2629 3397 3909 6856 7752 17222 1739 8776 3021 17486 5839 5588 6103 12248 17754 19290 7905 11106 17635 16356 16747 363 4719 2547 5876 10101 16502 19064 12284 14589
11777 12545 388 13957 3208 9352 12171 2572 5390 6161 15378 2450 8467 1686 4759 8854 12441 18588 3103 9504 6434 11939 1958 8361 7597 2354 19379 18227 1460 18870 1590 6707 16573 10046 4419 7365 12104 6730 12364 16846 18640 18641 16084 18135 8791 12505 5467 5596 12894 12126 18532 1252 17637 14823 19049 12909 18030 11374 6253 19701 17269 6392 1914 3835 18557 14462
11010 1157 11654 1031 9099 7182 17167 5647 11921 14354 9594 19228 19103 2469 12325 1576 5928 7340 9389 1966 15662 9772 14639 1332 4277 1335 697 2233 14395 15039 17344 7873 15684 2373 10438 8645 9161 18509 591 7380 14934 11734 2650 3802 4446 10462 12515 8573 18277 18918 13287 16232 8038 18154 8940 3182 5104 16625 18290 15091 12532 15862 17786 15355 6397 1278
10884 10500 17672 10121 5129 5513 5898 11021 1552 16275 7444 12438 1815 19352 1046 14106 18584 16796 19742 14878 1567 9121 11300 13093 3364 19111 6062 7474 1714 14003 18101 824 6331 17087 4031 18497 6851 15557 19018 12746 9034 19661 9038 13390 4302 16592 9554 9171 982 10329 14554 4060 17887 8034 1763 15464 235 15339 17517 12016 13170 15220 10103 4730 4219 10495
18048 8321 17410 8835 3200 10629 5122 17543 4353 2057 6403 12299 10251 13712 1425 4501 10134 4250 15259 12191 14118 16423 7591 18857 19115 6577 12594 9780 9268 12598 10806 1208 11322 699 3645 6720 18113 5314 4164 13765 3782 15177 14283 8780 16461 6733 9167 8018 6611 12759 12632 2265 6872 3034 4447 16097 4705 11878 13032 872 2538 7403 6388 6645 14966
17537 3969 16385 2305 16129 6536 2312 8332 2192 4114 10773 2841 8224 19106 8099 19109 10150 4517 7336 15786 16043 19628 8619 13612 6442 10800 5810 19251 11826 436 950 1843 11830 12601 5309 318 13629 4029 15805 16835 10307 10053 16454 841 19402 13515 17868 16202 6357 12887 15448 2140 4188 3294 4063 11742 4960 14562 17379 18663 7148 11121 14706 5619 19963
5505 12034 2817 2436 7560 14473 16010 13323 892 2702 4752 4756 3351 17563 18332 4893 9375 13087 16417 12703 4383 4390 2473 17710 6831 8373 312 15289 7481 2876 188 4157 4799 14845 5702 1098 5195 12363 3409 18132 1876 8919 15063 4823 14170 4313 3167 736 9953 16866 4450 14047 9062 1767 7655 18153 3050 16761 4337 1906 4854 6777 891 14716 7933
7041 14472 11533 19353 16285 18078 16800 11553 7586 2211 4003 10658 13350 8998 19881 18858 16939 19370 18349 17964 12589 2352 5677 4526 8621 12468 17205 16566 564 2362 14526 8638 18369 15811 4295 3018 14411 10576 10449 5201 5968 2774 9302 16217 15449 862 1375 6111 8873 15846 12263 11752 12265 4458 14699 10985 1263 14067 8052 18421 18806 14455 6011 14844 14333
12800 15107 7299 13704 17290 10 16528 18065 12566 9239 664 12697 19225 17179 10266 13081 12067 5926 12967 684 3756 17326 14000 18866 19636 2612 5177 7226 19003 13628 8381 6075 12730 5568 67 11204 708 1604 11847 3531 19660 19025 19539 6485 8149 16985 14425 9188 484 2407 13545 16876 8684 10864 11505 13680 2035 17268 19318 18550 14329 12283 7932 13694
14080 8451 18820 4358 19719 7816 17801 12297 9721 16144 8720 13586 17427 8213 23 7447 4760 11546 12316 17950 14371 2851 1194 1834 6186 10290 12083 9910 3511 12472 4152 11195 6143 9669 845 9295 7248 2515 2647 2906 12763 10588 12639 5855 12897 6753 19428 13284 13927 14056 5609 2921 4075 10988 15085 18927 14579 19188 2292 5494 631 10227 16377 7167
1665 7042 2693 14859 8591 1807 9104 8338 6166 11671 4632 11929 1303 6812 927 3871 15521 19746 14115 17957 9639 12329 11563 7469 6576 2487 10042 4672 16326 4807 14023 8137 13514 13135 2257 5459 4181 18262 19927 5977 2266 7131 1248 3552 15842 12642 3428 14822 8167 17000 6375 9450 3307 17772 11886 16367 19696 18162 4594 18547 2805 9467 638 9343
5760 17539 14596 19972 9734 15368 18570 3724 19340 10124 18321 4372 10903 17434 14747 6052 9511 2426 1973 17467 10301 5438 2239 3136 5312 10818 16451 8388 3914 7887 3791 721 3026 6355 14035 12628 7127 3288 5593 13786 18907 472 16605 6749 4191 12512 1500 8290 11747 2657 15461 18665 4329 19435 17258 15470 10607 3311 8431 19700 634 7800 4857 3962
2432 9986 13574 11143 14600 11399 2442 6156 12684 4239 11153 10897 19987 18709 12821 13337 4507 10144 1185 5153 4392 10796 6190 6830 3120 17841 4273 8243 7992 18489 15673 10429 5950 16446 2367 6209 4033 13380 5964 1107 17366 854 7255 5719 2781 5087 19554 17250 18916 10856 13929 19564 748 7788 1005 14448 15341 12146 5868 16628 2421 4978 12025 18941
13699 5508 2823 17928 779 8846 5013 13336 2204 4637 1437 12320 18849 4642 14243 19497 8618 18347 16169 19373 687 14384 8497 3888 16948 12341 2102 17974 5432 7223 58 1722 16829 8768 17986 5443 11588 3910 4166 18632 6344 9801 4811 15102 18265 15964 19936 13921 3426 5474 3940 9315 4713 4331 15083 11503 7280 16626 19316 12916 17527 2298 7422 2943
3201 17153 4359 7943 10761 9610 11133 2062 17550 15247 14359 17305 5274 3226 4635 2844 11946 45 2221 2992 12729 14010 9532 14144 11385 2249 7241 17227 19197 11597 5966 10702 1615 5329 19536 11601 4815 211 7508 2900 5073 4697 14807 5336 15321 16855 3286 5340 18269 11358 7901 13792 1508 15590 5607 17384 14953 18156 11500 4591 9946 17146 1148 12925
14337 19970 9604 17929 13706 7052 14349 19343 8722 19091 12563 1045 15126 8600 13726 8479 7073 8097 11043 18212 7973 6055 1065 12842 4907 8105 14510 12081 7731 17462 10167 2360 16185 3772 19775 13633 10049 16196 14405 7109 1354 588 3276 9934 12239 6224 17361 7756 10581 11865 19935 10208 16482 2917 359 12779 14445 12782 18163 9974 16119 9338 2171 8190
8320 16258 771 8707 19971 10119 1800 7303 3468 1804 18707 12949 8598 2967 14873 10393 414 5375 3876 13860 12584 1325 3377 14643 180 5812 9651 7354 18618 830 11969 15682 15304 586 843 4048 3408 15698 16467 11989 15192 348 18396 12254 15068 12255 13277 11874 738 15333 12647 7790 19439 3695 369 5362 12148 9077 10102 4601 15354 16380 5117 1151
7426 19590 1159 19976 7561 9360 12433 12693 3477 11159 9114 9372 6432 5922 5539 164 13348 3110 10022 13224 3497 10408 5036 6959 9907 13491 11956 4150 3127 7221 4154 12478 14527 7621 7367 4552 12360 714 13387 6986 7627 15182 19153 14673 12882 3544 1115 16348 9695 13920 7011 5476 2534 7271 18414 18416 12656 12147 19572 13941 2548 15731 12794 11899
2176 10757 17541 3336 19337 12681 10507 1816 10904 2073 7834 2842 10788 11428 9766 19239 5415 16167 2343 14379 17838 19249 12982 4023 19896 825 11194 19258 6330 3773 3134 13119 8376 17090 5188 1609 4428 17231 12244 14808 3033 2777 10587 12890 5848 8923 10848 4706 355 16612 18150 14441 14058 19183 12921 8818 16886 18679 9976 15225 5498 5367 15228
16644 2567 11912 6151 18187 19085 10510 14479 8210 2194 6676 1814 3864 2713 5018 11547 13852 7965 14361 287 671 2724 4264 17195 15660 10363 7729 19123 11448 14137 17977 186 8894 1088 12228 19782 10567 8646 2760 17742 12879 592 18001 6226 13399 6488 12375 6364 16222 16864 353 14563 7013 14311 6248 10471 12523 3566 3189 3833 11259 10749 17023
19073 15235 12036 19973 13449 19979 18443 18958 18575 1168 15249 10896 10511 12823 10777 8602 6429 2468 6566 10023 10407 938 17706 13994 3500 8113 6581 13623 16057 5947 10876 3398 11335 4299 17616 12753 10193 3414 4314 12535 16476 4703 10463 8415 10082 18019 5861 14310 5095 10344 7551 5099 749 11245 13043 2549 17398 15223 3322 18683 6268 15357 14463
16256 18304 10498 4738 7688 10633 6282 7818 1036 16781 12301 17295 3599 18193 3345 18968 19993 16537 17951 6945 12194 12323 1187 11557 7844 4903 17577 9897 19250 15543 3639 4280 5052 11837 8255 16962 11842 7106 9411 10573 2637 1872 19795 17755 17244 16221 13659 2014 4702 14946 11619 13672 1128 18027 6256 7025 6002 19699 7158 9848 10745 19327
18560 18948 1029 510 15111 6153 13193 3469 5901 14351 10256 16022 12311 13848 17689 13340 17566 9632 1313 9888 18725 9637 3878 12455 2092 10799 19633 11953 435 18617 4925 11453 1988 13767 6095 17874 15186 215 11992 16345 1495 13531 6365 13918 19043 13027 10085 614 9318 3815 4710 15467 9324 3823 7024 7026 1399 10744 18426 11003 13822 3839
8576 14212 13831 9480 4490 16268 11405 12046 16911 19345 2328 12701 9249 802 13735 13608 6188 6395 2353 14715 18356 10035 5302 7993 14266 17211 15162 18877 5051 8129 13763 17479 15816 6985 14794 10443 17356 6476 16718 3323 8135 9928 7243 1363 10703 19288 13403 16604 12253 15076 3559 5096 11240 16490 5225 15723 368 16763 6518 889 14075 1276
14338 13572 12421 17415 5002 16397 1933 911 3470 15761 8211 11029 7448 17560 4378 12444 17054 11810 8486 935 9385 15916 17197 17709 15280 14903 18104 3519 14401 4417 15171 19780 12740 3142 330 5836 7249 13523 9174 19799 8152 7895 10456 12888 4700 16863 18527 14437 3685 8550 12006 4072 7785 3178 9198 9199 14324 3573 11126 5109 17400 15997
19713 130 18947 12802 14210 10630 9602 14088 4873 1162 2954 9988 3731 16661 10261 9626 3867 12956 3998 5150 2722 15395 11813 9382 3749 296 5289 17331 9014 15352 15607 19260 15353 14398 15936 17354 1611 13138 10836 14039 4088 6745 2394 19550 15966 11233 10211 4967 12135 19181 11758 19826 16114 3445 7414 12919 6264 249 12538 15485 16382 10751
15874 16130 16260 9096 2058 5514 17548 5774 6800 13585 17170 5139 1176 285 9886 9248 9505 5666 8355 2213 12583 17325 10286 12978 12339 16310 8119 3384 6583 16570 14138 16831 14274 13251 195 7491 19784 9033 3146 18124 2768 8017 465 8787 5077 3157 8665 9435 7516 17373 14685 4443 11621 2918 4093 13811 1780 15478 10486 16248 4091 4477
8833 11138 11779 13447 11916 7566 2191 17296 2959 4626 8719 18324 11413 11160 7449 19866 12828 10013 16669 11555 5028 13094 12839 18854 5414 10793 16428 16049 11827 6329 17722 17083 1214 1856 1985 9664 11258 4548 7493 6981 13895 3141 3913 18763 5323 17358 15696 12246 14938 14939 4954 10718 13408 992 8315 9966 17136 17521 13175 17528 15482 1403
2049 8065 8322 4485 1669 11400 8969 17805 6416 10257 8465 13587 13844 14613 14868 7061 6165 14362 16027 9500 8477 18466 15011 8739 19879 15659 18861 15407 15409 3122 14388 4792 17210 15035 4539 13758 10564 19654 9799 19144 12747 3284 9300 344 17884 9951 8416 18401 9187 19172 3299 14826 6251 364 7917 1898 9327 11251 14452 18805 3317 12922
9856 8960 11527 12680 8586 5900 9101 16526 10389 8086 3863 14489 18170 7196 7197 18343 13355 17068 4397 11185 4017 4405 4024 11066 2108 12096 11200 5825 8256 16836 18757 11844 6855 18760 4681 8259 12235 4806 5068 15826 9811 14164 7638 18906 19804 16862 8160 19426 8037 15591 13289 1258 3308 15983 4207 18164 10997 4596 9719 15737 17914 19836
15875 2563 11013 2821 11909 15751 4871 9097 10638 17298 11924 16279 18072 2457 2456 15769 28 9118 3872 2082 17187 17060 13986 15399 3629 8879 19888 9015 10298 59 2875 8507 19395 18244 19269 6723 16590 1488 19159 17240 9433 18522 8792 13404 1377 3681 5475 9956 1256 18281 11628 13293 16749 3568 14704 18546 17907 17524 17908 5364 11255
9091 16263 3851 8081 14869 15894 14485 12439 13210 17178 8860 14234 9502 12960 14752 1571 37 3495 10153 17582 6193 2998 14135 15672 13369 8249 13243 6843 4546 19138 13124 6339 7239 14537 13262 15825 7381 15447 5724 3677 13533 3933 606 3421 9052 13283 15077 5478 361 10858 4585 11242 9833 8686 8815 9969 5365 17911 7161 1147 765
19200 5376 9975 14732 8335 7830 15895 7321 8605 9119 7968 10401 4257 675 19877 15141 1574 13609 8617 6697 9770 18479 18224 19378 15154 12853 17846 8633 6714 12734 448 704 19652 4293 5572 1096 11339 2892 19917 16722 9301 13275 1245 12663 15587 5219 6501 3813 5995 17260 2413 3824 7793 17010 17779 497 11381 12662 9847 17401 18686
5888 16641 2562 17668 15237 7814 9733 2824 14857 8842 5005 15505 4248 925 17182 801 6562 14374 19368 4648 4393 18607 8368 15922 4659 8756 1077 7094 1975 7994 7104 13250 19147 14923 5453 10060 2255 17872 11088 14292 17494 14428 7517 16100 18020 13796 8804 8423 15082 1262 11120 13296 13426 8691 7796 19445 7924 19320 1018 2299 4223
128 258 5124 18569 9354 5643 4235 2957 12558 273 7698 1307 9116 9245 10106 9851 1056 11684 19108 14244 1830 10919 1193 10789 15019 17836 4774 5545 18225 563 4147 9271 19642 13116 17601 9666 3781 15817 1483 7889 15699 1111 4056 6362 17115 15971 1380 3691 9967 17904 3441 3956 1397 16246 5495 14073 4090 8699 2812 17405 11135
1920 4482 11652 14981 8331 19854 12047 8849 10008 2203 11804 7074 13474 9125 7462 1064 16812 6957 18605 11567 19760 10547 3891 11443 14775 10366 14651 829 1726 14145 10817 13381 3143 15048 11592 16459 18636 8268 6480 17875 6227 11991 2779 3547 10206 5343 15200 17639 6888 19433 1769 9453 13166 18415 19952 7666 10866 9076 7155 10616 6654
19584 3073 9729 19459 15876 17925 13065 12810 4369 15122 12562 1172 11155 6033 1688 7450 13948 8993 12579 13990 13606 11943 4136 8360 13480 3755 9517 6063 9391 8241 16180 17335 16312 954 18625 4929 7363 17092 4038 17993 5067 18764 7118 19408 11472 1490 16085 1366 7676 12127 18662 8939 16365 2029 10609 19067 18812 7293 16638 17919
15872 12544 4230 5511 5382 12683 269 10898 4119 17304 4123 12700 18974 18718 14497 18465 1699 8103 4779 13101 18478 19759 6189 18737 4529 11311 12980 8239 2300 2617 16190 17984 4161 16068 13509 13644 19790 19027 14547 595 17238 19161 13913 11355 9821 8162 7651 6884 12901 9829 19815 3434 16748 8046 16879 12278 5753 19962 1916 13437
1408 1792 2949 6022 8839 16008 13832 17035 12174 3982 4753 6930 2071 15385 11036 10524 8352 15015 16936 13481 14634 2088 11176 6573 6952 816 2608 9906 567 3001 17339 3643 6588 7617 6340 19531 14795 14284 8013 4813 12752 6353 2642 4050 8917 8023 12504 1371 5979 3808 17762 8932 14949 13031 1512 9194 14444 2030 887 11005
13184 6912 15490 9732 646 8455 11278 14991 3218 17043 7574 18843 1180 7835 15774 3491 15396 15908 6824 10154 3243 16685 10030 5551 18993 3890 15155 12858 14779 15165 17600 18118 9159 14406 14921 9166 7246 10704 11344 8401 5460 7765 3799 11736 17626 11482 10593 9185 11618 8296 11369 874 19308 18926 15986 15730 11250 1526 4985 3836
8841 10380 14092 17038 14094 6671 9619 18837 13589 537 11676 13214 14623 7967 19110 14507 16556 11312 2358 17464 17721 15804 1852 14142 10942 9665 9409 4673 14533 8778 13007 3793 3921 10197 16475 4061 13790 2525 9952 13025 9955 2022 1768 1257 4584 16491 7019 13165 19822 10989 4976 2033 13554 14195 11124 14453 16887 16121 15358 9591
19202 13187 8324 7941 18951 16137 5771 15499 14224 6545 276 15391 18975 17059 547 18344 5416 17578 5038 6706 12851 18228 5559 1338 6459 8636 8766 1343 16065 10050 4163 8132 3013 6469 11850 9036 1102 6737 4051 15955 19797 11738 12764 11741 12766 13532 18529 14693 16102 8042 18796 1132 8812 5613 13041 3828 15477 19961 3707 6782
9211 17417 18826 3985 1555 4628 10774 8476 4510 11552 4640 5024 13220 19878 19241 2475 15788 3627 5805 1328 4402 18233 4153 2619 13883 10043 8890 192 18624 7360 1987 10436 4035 19960 15946 3277 14157 4560 9553 14289 7504 8404 6100 15194 13022 95 8291 18149 7910 13543 19944 8553 17002 11504 882 19446 3958 19832 507 4220
5635 1673 8458 6412 15506 7187 18452 9722 7190 919 6552 409 2970 12443 8989 2846 19358 1312 11169 2338 12322 806 13610 9515 11437 6574 7855 14127 558 16568 15034 16315 4671 14529 5186 4294 3528 6345 15692 8786 9689 9179 7388 3071 19166 2142 8031 8161 14308 14438 6636 6254 1776 244 7413 1400 13562 10109 19582 13055
19201 9857 7558 13830 19080 7049 10635 17676 11410 9107 8852 13972 3865 284 4764 4126 7202 10530 13866 19500 812 10028 5807 12976 12337 10285 307 5172 8759 17080 3003 2750 11715 17861 17610 15563 16075 333 1870 18002 16978 3539 10073 17242 4572 10592 16099 10467 10341 4069 5732 5859 6378 1771 13423 16368 11892 19189 18678 5373
15234 4099 16133 12165 1543 3080 3333 10122 13835 3977 11023 7827 9108 789 2202 8861 11680 2849 16930 1057 4513 19750 13478 11431 9644 1712 11570 7858 9272 1850 11706 4292 14153 5834 1997 2383 16087 17496 13528 2391 15067 14300 17245 17247 17765 1894 233 1513 14447 240 17649 11761 2928 8950 12153 19578 5115 14972 7678
2690 2819 16772 1798 12169 15114 1419 9867 14 15630 17679 15504 2323 7702 4634 13339 16540 12702 9760 7969 1696 3492 7716 14630 16165 8869 12324 3882 15020 19885 19120 4658 8501 5307 14781 7870 4158 8263 11594 9165 847 18385 4946 3922 16724 11990 10327 3032 10590 13919 13412 11236 4589 12142 13808 3186 12789 14200 18425
16132 16389 19335 1290 15886 656 8208 20 4884 8982 10139 5405 13342 19231 15648 16673 5283 9131 13996 7852 14638 3759 2808 16435 5811 6068 3255 14146 7494 12488 13769 18123 16587 2635 14286 17615 19920 15828 7639 16730 11100 13793 18403 4599 4454 17511 11113 3435 12527 17522 3698 884 3957 16503 1656 14457 11130 15995 2557
5252 18054 9084 9103 9340 2459 13598 15007 13090 9250 2472 16170 18730 428 12718 18735 18483 8372 4406 4796 17858 17350 4678 3654 5833 7927 2125 7121 1746 10069 12119 9688 5721 18782 2015 608 9822 18147 6628 7781 17638 741 8424 12007 13930 14951 4715 8941 13422 9063 13172 6517 13174 15351 9846 4858 17788 8317 12926
12929 13826 17411 4740 6404 12677 18310 9478 16522 18318 18067 13975 8473 13344 7714 14761 10410 19248 16176 2869 11449 18234 17084 4030 6848 2499 10052 14020 5829 17738 10314 15183 10322 851 6613 5205 9048 4570 18779 94 13151 19552 17759 15583 1887 12664 9958 19565 18285 1775 12657 10994 1011 1268 9717 16373 6263 18424 4085
2561 2177 15363 15369 19722 13450 3593 16909 3341 6544 3729 5651 10772 1173 534 7067 3356 1181 13469 8863 10016 16418 10405 8615 11560 2985 15914 12331 13873 14644 10934 18871 12855 10935 12471 3002 16704 18758 16839 12234 9292 18381 6093 1752 3160 10202 9948 7391 5477 17126 4074 6770 2420 17781 4086 8695 19448 13177 16381
5632 4612 2437 16775 13320 18190 4879 16658 11028 1941 2197 13462 4375 17817 17055 5280 14881 3362 1827 11554 12709 3109 13855 14120 17448 17322 6058 14633 10404 9521 6322 13237 5686 16444 17859 196 11843 15939 18633 14544 17745 12242 6481 11987 18650 8540 8802 6757 3709 4969 15340 5614 12400 116 19323 3964 3453 13438 8446
1536 9218 1922 1413 2825 7435 13324 15501 18063 4368 8466 17428 18069 917 6932 8090 17310 158 16675 9636 12452 14888 4653 15406 1842 19254 5689 19772 702 5439 1345 13634 15303 11982 3025 17489 13778 6612 19925 11858 6483 601 6875 17628 1885 15198 5600 3298 7394 6756 2667 11373 12020 13302 759 3704 14459 3708 11645
4226 6915 9605 14471 14728 8329 19086 1294 9232 14228 16919 10392 3737 2329 16284 4124 5532 8606 7840 14754 18083 4770 2978 15658 8490 16306 15923 17716 7090 819 2231 16571 12348 9788 13118 12351 6085 8521 585 9804 8398 1999 11859 19028 12884 13784 2393 8539 12385 14948 12261 15078 3556 11881 4459 6509 6130 2169 1786
19075 9223 6409 14346 15627 15371 5773 11793 19986 5779 12178 3349 3350 25 15002 19226 1055 18591 17953 295 3879 10932 10238 10554 18875 12350 19322 9153 17603 5827 4935 5065 11082 18897 11090 1747 4692 18521 14173 19423 5603 12516 10083 13286 11496 3817 19820 14958 4206 11118 19313 13169 10739 14071 14840 16889 16122 1022
8192 19843 8067 3086 13711 1300 10132 14232 6555 14879 19489 545 14883 15009 10151 5032 4904 7856 4660 10037 14262 1205 10165 6969 3902 7359 193 13122 6086 19785 10445 16462 11857 17362 7253 7002 6747 9309 14558 16607 14431 9055 13406 11105 19557 102 9961 7146 13934 7920 13937 17394 17140 14965 14838 14839 888 10490
9984 13575 12682 11915 7956 14871 16538 13980 7837 19100 3612 14885 10533 9900 10413 10930 7475 10677 17078 17979 10941 10943 19906 1858 14534 5831 14666 9293 11729 6868 7126 16215 9817 14298 7515 5725 19679 15968 4577 15330 4194 13154 1125 19046 5733 8799 3306 12010 877 5485 6767 12783 19570 6647 2809 16508 6398 7935
11392 17921 1027 1672 12939 2829 4881 18070 8347 1308 1564 18717 7581 9892 6949 18726 19884 1452 16813 5550 12719 13366 14776 13630 18751 9280 7746 8390 17607 18375 2887 6346 9419 6731 10577 4434 9938 12371 5973 3289 16090 15834 5472 9696 10979 7780 5863 6889 362 8428 19693 3054 880 13042 9971 13304 7165 19071
6277 15366 1927 9737 13194 9611 12554 4621 10001 9617 12565 6039 5272 11163 17565 16159 160 14241 16288 5791 7210 9395 6584 11321 10557 18494 16961 15810 17732 709 2884 328 14536 18634 6475 6732 6091 10444 6865 13137 11350 19287 19416 3415 5466 16731 9823 96 16235 13291 3055 6001 18930 3574 3960 9082 14203 17150
11264 16769 15746 5251 13317 9996 19341 9870 15885 17680 15120 19092 15253 19862 14999 9110 13338 12577 12195 1062 15530 16684 2477 4140 6318 8494 14897 2482 13618 15669 8887 1083 14908 13499 9916 8514 8003 2633 7886 16216 17114 8156 2398 6750 14560 4834 1379 14697 18540 15344 15089 9331 14581 13558 8824 17658 5630
9089 18946 2568 6028 2447 9492 14870 7575 12569 19609 16281 7963 17571 17063 17791 7849 14123 7213 14511 10673 3636 15540 14006 16438 9912 1209 8505 19389 16317 6080 12609 1346 3778 10945 13638 17992 15356 9170 16338 16594 16086 15702 16726 89 7640 19546 2267 3834 11625 107 15214 19317 11642 6139 1020 126 255
7808 18305 6274 1030 17288 7562 4109 526 4625 16153 14105 6682 8351 8865 18722 11689 4398 3760 15666 14771 15414 13494 15288 11831 15164 9404 3904 11457 4421 13131 14541 8782 18642 13650 852 14295 2519 6233 1114 11608 10072 7256 18018 611 3555 5606 7913 15978 13420 5999 1778 10354 4598 10871 3451 15100 18430
19715 18181 10374 19974 16903 17933 14861 11663 19344 6415 7184 17171 5908 10133 5397 794 2716 2206 14114 14330 15014 10663 6955 3374 1455 14512 2735 12465 18487 4025 1596 1982 9408 17089 11970 10819 840 19278 14161 16082 9815 2008 19806 9061 15206 14053 15462 3177 13674 19563 12139 13805 12141 3952 3450 6141 12799
3840 7172 8702 5768 12937 3081 15 10512 16402 13465 18969 14875 10398 17572 1573 11430 807 15912 2345 6948 4011 8745 6967 19645 17853 9026 12611 3780 1992 713 2376 19787 6219 7375 6610 18646 7769 5209 17499 6622 8287 4322 9702 6505 5358 6511 4977 15090 1651 9845 1270 6005 10105 10492 16637 12670
10499 389 2440 2700 19469 6285 12049 12694 1047 6678 4891 1439 7584 8992 931 10276 18469 17575 12072 13225 1449 9642 18732 16558 688 8882 15667 19253 10678 17847 8631 10431 3649 2242 5191 10825 14156 10956 6608 1745 10321 6996 1241 15450 19162 4316 16990 11614 5987 10853 9584 17267 19707 19324 5758 15743
896 5506 2308 15622 18442 17164 8845 3725 12173 16913 401 19476 539 13211 17693 7201 1569 2081 11426 16037 6051 17959 4654 15410 11186 11572 8245 4018 18743 4020 15033 13753 13375 10559 1731 8906 12367 6867 6740 15190 1880 2521 9051 2523 11613 6620 7006 10338 12771 15592 7916 10476 12012 11631 11260 8701
9345 1025 14469 18694 14599 3205 19723 9484 8588 11279 6680 8601 10779 5275 6435 1188 9000 15018 5424 7734 18744 17978 16828 12093 16958 7358 3650 9923 11077 9541 10953 4554 13003 11595 2507 5325 19151 9040 2134 1239 9432 19037 2269 4829 17248 4962 1899 5361 4466 16755 8820 13429 14072 9210 8956 4734
1024 12160 4483 4613 11147 11151 9616 4240 6801 1939 3607 9624 13977 1306 5533 18595 19620 10107 11050 4908 19887 14129 2738 7218 5300 2230 10295 5178 10692 5830 7623 589 10320 1625 17372 13276 12510 18911 12027 8673 2274 14690 16870 15849 15850 7530 11243 19949 16877 19695 15600 2293 15991 7417 17787 19838
16640 17795 263 4105 650 12560 6034 14355 17045 2070 923 7457 5924 18084 11559 13095 12330 15146 173 14256 15541 11061 2111 4159 15560 7240 7625 6860 4045 6861 4047 19792 16080 2771 4308 19798 19034 8411 5212 18397 1501 5211 3293 15578 10852 16620 1260 10738 12019 17397 8822 15095 11765 13946 1660 3198
1154 8966 14731 1421 13584 1170 3861 15384 15773 18079 12063 19617 9635 677 16806 6053 2600 14377 6185 14506 5925 1196 15151 15791 19761 5552 9392 5937 4032 12993 6210 18372 17096 9032 16842 11596 15569 14290 7379 8406 11223 16986 10586 988 9692 12256 7136 7524 19302 2288 1905 19444 13685 3449 17530 9982
15104 7809 16777 9994 14217 13707 4877 18830 5134 18574 9359 7325 14749 3487 3744 13727 13605 19749 19626 8749 4528 19763 691 7606 313 4537 9918 2751 12482 17093 14407 19528 3401 2248 4555 460 5581 6351 12112 5202 9427 13148 6621 14942 351 17376 7265 12646 3303 7400 19178 8043 13933 11254 11511 16760
3072 6914 19846 3078 18568 5001 17674 9482 2060 4243 4758 10648 15132 9757 16542 17662 18983 16935 16937 4391 14119 1453 17968 11829 2492 10302 17343 1986 4802 3524 7112 16715 10319 15823 9935 7635 13524 19671 4186 2908 3805 19422 8671 16351 11745 13155 13667 2285 16237 10477 14321 5745 11638 14584 509 17918
5496 19850 19984 10130 8083 5527 6040 10652 12576 16034 2083 2086 6950 13484 3886 19375 5167 6191 15029 9143 19897 19770 17337 4283 11581 12094 19777 14660 17348 15814 18374 10695 11334 9157 8520 3533 8525 14543 18255 10459 8035 11366 9320 14314 9323 18029 12653 6510 16241 8948 4724 17144 5370 9723 11518
17152 14978 131 5895 12936 7691 4492 13 9614 12431 9105 10003 15127 9762 1831 10539 2734 9135 1072 1718 12089 16060 63 2241 13506 18499 4674 581 11719 1224 10055 8524 6734 4690 17107 10966 8025 1755 19676 4955 2654 6371 17380 7907 1126 12393 13802 16361 6255 19825 11634 3825 12277 247 16383
18697 9226 12043 7692 7434 2066 10642 12698 7323 14364 6940 16413 10529 14242 17830 39 16171 4655 17328 2364 16189 2877 10940 12736 2752 3520 18885 18120 10316 5838 13263 4944 1236 19029 7771 5983 5216 16865 4576 1893 1254 8295 13034 16108 4460 17265 4850 17011 2291 2933 11510 19319 13560 10996 10874
129 17025 10625 17414 19082 1163 5388 12942 16271 1679 5648 19730 277 12183 19737 11801 3099 5276 16797 670 7713 17446 19751 18097 15282 1331 7607 1336 11319 1468 7103 705 12995 19396 18117 11337 10057 5579 11598 6738 2386 14806 11866 4445 11485 17508 6630 6761 11885 13425 7665 9204 19447 19704 636
3713 7428 12422 14342 11655 10502 16525 1687 7832 16025 17687 3743 1700 10277 16678 18214 10669 12206 19376 7346 19507 6963 309 13495 14391 9020 13885 6974 3260 4669 6338 5318 19527 327 2503 8394 2506 11212 13648 5712 16850 12115 338 17749 4182 17757 12514 9444 11110 5222 18034 11890 6134 12157 12671
17026 11011 6021 1158 13689 3855 19218 7570 3733 150 12058 19485 4125 16414 12704 5629 19234 13858 17570 11173 14713 18090 7212 13741 942 8112 9778 16308 2741 8244 19898 16059 15419 3518 11198 4930 3652 12356 18759 16330 8397 722 11347 10452 9429 5592 19709 602 3046 18026 16113 8693 18041 9597 8319
11393 8838 7815 17032 14854 11783 4107 19980 4751 400 6546 15509 6550 19480 5144 18203 11035 17315 15140 7083 2479 10159 12849 18226 10288 12466 18491 13501 190 11332 710 18247 200 18506 19916 16719 12240 16208 15445 18012 6110 2271 10207 5729 8542 3043 6500 4709 19943 14824 8562 6643 372 11898 19579
1793 10242 12037 5767 19720 19465 3591 16523 17675 5516 14862 7441 18964 15893 16789 10902 5268 14742 6292 8987 16667 15516 15135 8608 12835 1063 18216 9769 11307 433 689 2740 10555 4667 7485 19263 14016 11072 1602 16841 9679 11219 17625 10846 15327 11103 5985 483 9064 19179 2161 11508 4214 7291 19711
1540 16518 3462 15498 12435 18455 15255 3481 16160 9889 7845 4265 11817 13483 15149 15920 17586 179 2099 14773 11190 13751 9270 5561 2105 3385 10297 18493 8118 15935 6079 11203 583 10951 18505 3537 7761 8403 16469 13017 4699 9054 15967 4963 14821 8166 1515 4843 14574 15984 9841 13810 4083 2168 13305
12290 17540 647 15497 4746 17931 5133 17555 13592 12313 15131 9628 5665 293 3621 8231 10025 17450 10540 14124 7471 3248 10032 5680 11317 18750 8387 6342 18631 18761 17611 14539 12876 10957 14928 14034 16851 13780 14932 10326 14169 13917 16098 2403 6245 15851 6893 6642 2546 15604 1140 2166 11897 10362 19837
1667 8325 2569 2059 7307 19087 7442 13976 15772 9246 4255 6010 18981 10535 5160 14762 7850 8495 5935 6064 2232 1339 8892 19774 12863 2684 14531 15172 15941 8260 5190 12748 1869 17104 15056 4433 11352 1497 8795 14812 15323 10717 11743 5986 9195 12525 15854 8560 4852 9589 19065 2810 1787 8572 5759
13056 17402 4744 17803 7695 8463 1936 7186 6289 15766 16794 7962 14620 14876 18464 3107 165 18984 12713 5291 2604 11565 17714 10163 4278 17599 2626 3779 14403 1349 15438 8272 8916 6869 11481 7258 13019 7899 9568 7140 3301 19942 14825 11114 3309 3693 6769 12659 15349 15990 5110 1274 4859 6653
16519 905 10636 11788 652 14735 2830 4110 2835 4500 18839 12056 13207 5656 3228 10014 3363 7974 13357 9776 944 437 6201 13372 6973 16062 12223 6846 18881 18119 9545 10313 16970 7753 19919 5840 6992 17748 18648 11486 13023 7397 9574 13417 12269 8942 19311 242 4980 12405 10357 2040 3578 16507
7168 8194 17027 8709 4998 7048 11531 8843 14992 19090 17557 14998 19350 13590 8089 13717 2330 15904 5792 6689 14369 13607 2857 17455 1583 1330 6198 10939 12988 13245 2491 12480 6081 2500 18890 16331 10315 13903 17360 13520 11091 19800 11098 15451 1503 12640 19810 9060 1001 18411 10219 8171 1653 18168
16001 2310 12168 5645 13709 1558 12185 2074 4508 5660 13341 16544 11937 17447 7848 10670 11441 3121 13109 8762 4538 5053 61 17983 11456 3905 6212 4037 15178 13901 5455 3152 3535 4694 15705 19802 603 7646 13535 15457 12132 9959 3944 13679 10351 16624 19059 14326 13815 17656 5881 16762 15483 16254
3716 19206 14481 4882 16403 10515 6547 8981 11544 10265 1177 3993 3873 7459 7590 5800 9513 19245 4914 10166 2871 4411 3399 10698 3020 17229 10574 16335 7500 8142 3029 12502 4821 14044 18013 1502 18910 16479 5469 5470 4222 10216 8426 1134 17009 13681 15092 4853 16758 246 10873 7034 15484 16766
3074 4867 7301 13964 11276 18191 272 12182 5657 5145 156 19741 16029 5281 17058 546 14116 16551 2471 6183 13950 8236 10412 1710 1587 949 54 2999 13247 15300 9286 8392 2510 849 15833 2010 8283 13405 15713 14306 16483 12898 10087 12009 18282 11375 4848 18161 17523 2163 13687 9592 17529 19710
7936 4480 18949 15878 17544 11784 5646 5263 784 17297 17936 7952 8979 18074 12826 2076 10532 19754 12715 2863 16432 15668 18997 55 12088 6589 19135 5056 9407 6908 10182 12743 2000 11345 3156 16213 5082 17629 6877 5217 9313 9830 16358 13544 3302 3310 18033 4475 18037 12669 17275 8188 11773 18942
9217 13570 10627 7684 1544 8462 3343 18448 16530 6293 6821 18470 10279 15272 8489 11178 13099 11439 16817 18354 6195 13748 16182 1463 15927 7101 15680 7233 962 14659 3008 16581 5189 17606 4425 13258 8777 343 17497 14297 4827 16220 5214 18788 19686 14950 11498 1390 7919 10863 7791 4340 2683 17532
4102 6665 8076 10384 14480 19731 8468 10274 15394 937 13739 7084 16941 7726 5678 3757 11184 5549 16179 18486 5943 14519 1081 12474 10170 12087 11584 4290 16708 70 8774 4168 18891 5842 11988 4185 18011 10460 6491 5088 225 14176 7523 11748 4070 15465 16366 14831 8571 16884 11253 6004 16635 18174
11008 3456 6662 16649 14219 3857 2068 11797 13079 3482 18721 16419 18339 10790 17705 299 2987 16046 7728 7601 13621 19641 12862 11587 10310 16198 2375 8265 15434 17097 1612 1614 81 19922 3670 11351 14555 861 15711 352 1121 12644 11365 12517 11367 11112 10599 876 2414 14325 502 5621 7030 508
19587 16648 13961 654 8980 12948 12951 9880 4505 3996 11549 6814 11294 12705 11681 7715 13567 17321 171 15917 16303 2481 7347 10039 6199 12346 5949 18110 17342 9282 3395 10308 13635 7234 6088 10189 17101 14159 11853 12379 11867 2782 4833 8036 4073 2410 11757 4077 12914 13301 8184 890 6267 11775
10882 11269 2184 7944 19210 2189 4366 10254 5520 14104 8345 3486 14751 18208 1698 4133 1703 1448 18473 426 427 2728 4524 1917 5295 18867 10803 5301 7605 9783 10808 7608 6970 12220 14015 836 16582 15687 11848 201 18889 13259 11726 4563 10580 3031 16732 17506 16875 4334 19575 12026 19965 8958
0 18435 1928 1801 9225 11148 19734 19351 7198 6433 1826 5668 19365 5157 8871 14632 5671 13100 2860 6446 7088 18996 6964 17719 11064 2234 6074 12604 16577 12872 3785 4042 19915 13388 15311 8015 10194 210 14036 13139 10455 19033 90 19931 7900 1627 5213 13281 3048 1129 7792 13943 18810
6913 3970 6147 14979 10379 19083 14477 4878 19472 13588 5531 2972 17056 5409 10147 15655 4138 15531 941 9902 16430 17072 1458 7100 5182 9791 17856 8002 14662 13385 18251 1101 11854 1109 11864 13273 17882 18395 3418 5083 4958 5337 6497 15204 10733 17902 17776 2545 8561 115 3324 2941 12542
7296 8068 10116 11526 12806 10632 137 8844 18573 9998 15765 14103 18331 6428 19105 17826 19112 9006 12463 14382 4016 18229 16309 18615 8642 2631 5064 10184 1482 7372 13772 11728 15187 5333 8405 3292 6493 18146 14180 8677 360 10857 9578 4457 10728 5357 9837 5103 9068 17651 14835 7675 511
9603 17283 8070 17671 7817 10889 9229 16398 144 17552 16914 13332 11415 11803 19487 1311 19873 5411 16677 4518 19495 10797 10289 2866 5170 6836 10548 16823 184 57 5818 444 6717 6719 7238 4298 11723 10062 2895 19665 4817 9940 2517 6358 18136 16472 7134 4968 2537 3052 16117 6266 19452
13312 11265 643 16902 19975 3464 9481 10127 11290 12829 18590 9885 9374 15265 17698 18082 17700 19619 7331 8994 11819 18734 305 6965 10550 12470 4921 9661 7236 12358 13383 10440 75 8396 16463 2896 1360 82 730 1499 7772 17886 10210 19175 15209 17641 12778 1387 2931 627 4603 13309 1791
769 8582 4874 16651 16142 19727 1166 6673 18066 4371 7697 5525 14358 147 1299 412 10396 15005 10270 4775 10668 18477 12592 8496 10291 18357 5045 5688 13624 19899 13756 7743 16960 5569 16965 3270 16583 8783 11217 16600 17880 7513 18139 990 18914 3941 8170 3053 14192 6897 8566 3832 2303
7810 12931 18693 10762 15243 8075 11665 18835 12820 16282 10908 16932 12073 811 6572 12077 3117 13229 948 2616 1340 9789 5315 18116 18630 3658 15819 11213 5714 3923 11732 17236 18134 3158 8793 476 8288 18785 1637 8934 18278 870 3432 4970 14827 14189 10093 2287 10868 11893 8570 5883 7294
9216 12673 15488 16771 5120 15744 5765 12164 5896 14601 9745 12054 18842 15261 5151 13091 17071 9009 1459 16436 4666 15675 17085 15037 13121 12226 6084 11716 10694 16205 17870 14030 2898 5203 8532 19541 11349 5846 12374 11770 17631 10719 9827 9957 19174 13157 19309 4205 7535 9075 14454 18938 14717
14977 2818 18691 8581 4614 4488 3210 8970 397 3597 8975 10770 3475 12950 16412 11932 10141 15010 1059 9634 9641 6317 4400 15536 19638 17591 8506 3387 3644 2493 2368 7362 3396 11975 17997 5587 6230 7128 9057 16995 8549 18406 12389 14954 18287 1904 12271 3314 4212 375 18427 2046 14335
16128 17538 9219 2948 12933 2064 5266 920 5400 18585 9499 19740 9633 1828 1189 2084 14759 2216 16811 686 11445 4021 823 952 19127 2623 19520 16579 18628 6467 3448 6984 3411 2389 15832 8536 12377 16219 4068 6502 6503 5742 4079 11376 16369 12144 13171 11637 18552 11129 6909 12798 16639
18816 3717 14345 17161 780 1806 17939 15639 3992 15387 3995 5661 8862 11807 13472 17699 8484 1319 7079 15657 9386 6441 5288 5546 7983 14769 5308 16705 8899 2627 6468 12102 8138 18635 19923 14420 12117 1494 2775 16344 7383 8672 8420 12520 3948 5996 14451 4982 16506 5371 12156 17789
15105 18182 11014 6795 18572 7820 2190 9997 9741 2195 15636 2968 11421 30 14238 6304 5663 4643 15398 424 5033 300 18095 12724 16058 6206 16319 2753 834 1219 4422 7629 15439 13395 13652 2388 19926 10838 15199 15456 19168 2533 11626 18923 8683 16107 11115 13295 753 9332 16631 17912
256 14726 9606 8328 18313 8333 4495 17168 6031 1810 13719 17688 2587 15517 2335 9376 15136 8997 17194 19117 16051 2483 15156 19510 11197 2880 4928 16455 12744 9927 15690 13128 4559 3536 14548 11094 8282 10715 5086 8032 4198 18534 2920 3049 9575 2924 4333 3821 16623 12531 18804 9466
16515 902 10247 9608 16138 14733 14993 10641 10643 12437 9621 1820 14365 16161 18219 3116 9643 16814 13104 15795 11316 13879 13496 12857 18107 5819 10173 960 65 2497 5059 14532 4549 3525 17739 2511 9556 14165 1749 13657 4442 1116 6237 12513 2018 13411 12130 13159 7276 7277 6508 19703
14593 13700 18564 5892 1033 8713 17422 4238 11790 13202 16660 1428 11798 2455 7191 16408 13974 8607 10656 4768 418 7711 11049 14890 11183 6704 13232 1206 2359 12984 3257 2107 19006 11583 10561 7875 11974 8136 6474 11083 9551 980 14038 3810 7272 3433 9706 8811 3820 19437 17654 14968
19456 6017 11778 17667 19845 15758 14997 278 6807 18966 5789 7585 8354 15397 167 12199 3623 9648 19000 5176 18874 3006 10686 5184 7489 11330 14661 4046 18511 13264 4053 7125 729 15577 14045 15073 12648 9705 106 14313 11370 6125 19566 8047 2670 8944 11248 9328 15608 18811 8316 15101
4737 18309 17798 7686 5641 13578 4365 1298 15762 3991 7461 6315 17837 5165 5679 4146 14004 14261 14516 13493 6840 18235 12227 203 19405 19024 8273 12024 15320 14040 19420 5468 8157 8800 17889 5345 3937 4835 10980 8165 1896 16745 18922 19436 4846 4720 19697 3954 2679 2936 8826 8443
10508 6929 16916 6933 13078 8342 19611 2588 3870 19359 19871 18850 8614 5503 17449 940 1326 15663 6575 18102 13882 1082 19644 572 17854 703 5951 5442 17731 5700 18762 10954 10699 3663 10831 7247 15571 15572 470 18392 15359 16352 16736 18022 6379 1007 11903 18929 3058 7668 16251 18815
16259 904 8334 8974 13461 3862 3222 11925 12184 2075 15519 161 4129 1186 8996 10916 15271 680 14509 3633 10033 2104 1465 19002 15803 17596 13115 17850 5435 11193 8504 7877 3017 19534 10065 3538 6231 3290 15963 219 9180 19296 18917 17893 6629 6637 15728 12274 1531 8957 2942 6655
13058 1418 2704 9362 13206 17303 18840 12953 540 6942 16032 1955 3620 2725 3747 10157 15918 19119 12208 19509 3767 1976 9146 4795 7102 16706 4933 11720 7498 973 15949 18127 11985 10450 16211 7382 15831 14936 3161 9175 15588 8164 5094 5617 10229 757 7925 1525 2937 7926 9336 4478
14851 2182 15880 11280 16785 6417 13205 14486 1943 13725 8481 18988 11054 8753 5427 12852 19381 1717 9528 8380 2749 2110 5823 7876 2886 11721 15948 14797 2254 975 13902 5584 17877 1110 3541 15960 19418 230 10214 15080 8696 1130 7020 18924 8306 9330 19956 9333 118 5747 6776
15873 4609 11653 1291 536 15128 15001 1304 10905 17050 17051 32 15267 10917 10021 16808 14121 12458 8620 6832 12593 13874 10036 3509 5305 12602 12218 10428 18621 4797 16321 14788 9798 2121 1613 5709 4175 1104 15824 5198 9044 3671 7645 18530 18148 15717 19060 11514 12411 18814 383
8961 10371 8964 19208 649 9483 1041 17938 4116 8853 5781 6422 7964 17696 8611 933 15783 10792 13485 7085 2172 3640 10044 18114 9540 12229 9932 19921 12626 9683 11604 13269 8661 12247 5084 2783 17378 356 740 5989 17127 12777 8810 9834 7017 16622 1902 13168 14074 13051 16252
5378 6667 15500 17037 17553 9233 19860 2325 2326 6041 14235 4252 7203 19364 15524 3245 8877 7857 14898 19892 4533 7351 19388 19004 4540 5185 15429 6597 18376 11208 14409 17612 7164 15576 8027 3424 19681 4065 101 14439 16488 19689 12138 5738 492 6895 13555 13819 124 19966 16511
11267 19717 7175 1528 6537 138 18314 6284 14350 16270 19473 7060 8597 14487 14746 18330 3108 4262 7463 2858 4144 18482 3378 14258 8116 19894 11001 11707 17469 14654 15551 6853 13130 335 6739 340 9314 868 7398 10984 11499 14061 1518 12402 12404 13557 12408 9337 13947 18813 127
18565 8460 13197 3981 8207 9365 665 17307 5406 1951 1316 19752 13354 18989 16050 15031 10681 5945 8250 19901 4162 2502 12486 13256 11849 17995 16334 4943 464 8016 6352 18770 13010 19285 5974 15961 10203 18271 10723 3939 18793 13292 1261 14702 495 2286 8437 2550 2552 14586 14591
12289 17282 4098 17412 2053 2695 16395 12555 10128 145 1809 3089 19348 14488 11420 11423 10794 7853 16304 11568 16689 12854 19066 8123 17597 4286 319 5055 15735 17730 7620 4430 18768 16468 2516 7124 2263 11354 5981 4195 12773 19692 881 7281 9585 18677 4087 7928 9850 10877
18432 8196 12808 17418 7563 5517 7437 5625 786 10131 17044 8723 6296 8095 13473 2726 11687 8104 5418 11952 7217 11444 11962 15548 4285 10174 10815 2625 9156 3532 3918 14927 1619 4696 12761 9439 13538 5994 17899 16750 15342 16112 5616 18035 7541 15864 10617 18171 11132 6271
7169 13954 17673 10768 16018 4499 8220 2333 7966 1441 4132 4776 7081 17962 11820 15661 3504 14900 19893 15925 1974 4151 4919 6203 9406 5061 11205 7237 14282 18507 19788 17106 5971 6997 12118 2013 17118 11616 354 3942 16487 18666 13676 8945 7411 8307 758 7033 15226 10237
11522 1411 2947 6023 3207 13705 2698 19339 13326 655 10514 9109 12568 5528 2458 19354 7453 15518 2852 12069 6569 5674 13868 14381 6960 17457 1333 1078 17082 18878 15167 3007 16193 3777 712 6603 8140 16207 1364 10331 8668 10721 18660 875 1391 11888 1008 8057 9213 2175
10883 17157 17034 6539 15116 17421 268 15759 3472 18965 19864 12832 14368 19361 16929 6309 17319 12711 8234 17451 298 10667 12207 7488 1218 6594 9155 19271 10697 15051 3149 17488 13776 2128 7636 14549 19542 2136 6107 16349 12896 9058 15205 1384 1519 9334 6137 11772 1661 9214
13701 12679 3980 12814 3214 15124 11541 6036 13721 798 18593 673 16163 4259 14626 2598 11824 17073 7730 5813 9145 3130 4794 17598 16575 10177 16324 1990 204 16593 4950 12376 12889 4953 15452 15069 3038 2143 480 19427 15597 19053 14318 752 15086 8429 4851 6261 7032 15227
14594 12548 7173 5125 13063 1416 6408 16907 8077 13837 19855 2065 915 16020 8340 17815 15897 11548 18844 10402 9763 16548 301 685 19506 565 17081 10299 3900 9667 15173 5320 17485 10829 19666 7890 16342 8280 9307 12381 17255 2791 15722 14828 10860 14191 2159 5879 13817 3967
4608 17159 10503 11275 3340 19470 16015 16910 15889 15248 8983 17819 15907 6308 549 8371 7093 570 13370 12222 13760 9922 18883 4675 2634 10191 15312 4309 18006 18393 14299 8028 16733 7775 2785 8547 9828 998 5864 14312 10862 3438 12401 6129 12915 18548 16756 8442 13180
12805 2439 9098 17291 19084 18447 2577 3473 9491 3860 13333 6173 6558 10911 3493 12581 17579 17454 815 9774 9519 818 11059 9905 10545 10938 15683 17347 1351 1991 2761 13133 334 4687 8785 19796 10712 1881 15193 475 2652 6623 4328 18409 4201 12787 12790 1016 5631
12672 5250 776 19853 5389 12944 15121 3346 403 12048 2331 3227 15781 15525 1957 7209 16429 7982 2609 2867 15028 2995 15674 15546 10813 18756 19655 1223 1736 7120 17234 19283 14294 6234 3420 11357 19164 18909 17246 19809 4957 3935 7782 13161 879 15087 3185 8180 15612
11648 4610 5380 4104 13321 4361 11273 11660 12172 11019 4106 5136 7571 19732 7572 19990 9879 11551 2721 12578 10406 5030 18222 13616 17458 5171 9140 2614 5310 9535 833 9926 14281 9422 15059 12501 6742 13911 6104 15836 13789 10333 6879 9831 2162 7412 19062 15992 7934
14724 8708 13189 14855 8711 15754 2570 8587 13069 1422 4113 7700 17941 12695 6681 8094 10526 3488 12449 13740 3373 15023 7091 18740 308 3380 4165 16838 9672 12880 13270 10454 18137 1370 9049 16996 6374 5479 232 14315 5611 12908 8045 10096 13303 1527 16379 15996 17406
4994 12418 8836 11906 14091 19212 1550 6928 1426 10005 18460 8734 13215 12580 16934 3881 15787 5419 12333 3638 16567 6712 10679 15544 15934 8383 14148 11333 7495 10311 8648 1108 3927 4575 12000 15458 13539 14694 19688 616 7533 13167 16498 10867 10231 7673 251 15742 15871
1152 19594 19978 17677 1429 17431 407 7070 929 8226 17827 15144 1704 6057 17967 946 10936 13498 13889 5698 18371 19524 1733 2117 8519 12108 10879 19026 5461 598 7766 8277 12382 9569 18402 13029 11750 10725 7532 16752 2032 3696 6768 12533 9590 8312 5242 18043 12031
8832 10756 19334 7174 18186 906 910 13838 15892 12057 16666 3741 7709 15775 13216 1953 17442 3102 6815 7842 19886 1071 2097 4657 16819 13620 19900 11965 10687 7744 8643 19399 17735 4296 10188 16973 8654 2641 2395 4571 15329 19300 16359 5223 10987 15213 7022 13178 4988
12293 9 11786 9868 9100 6924 5261 15377 3601 14867 1175 11417 19357 13471 1440 2340 12708 8870 11046 1320 19753 172 1708 2990 12210 18994 3510 9530 16449 1476 6725 9800 15945 15052 12883 5717 14426 10720 16997 18919 9832 9451 4971 17519 19184 4855 8953 2301
14721 17669 15881 7568 14353 2832 18580 1051 5915 18206 9120 162 5154 2723 13603 4130 10284 15919 6142 6456 18745 3770 2235 826 13754 7610 5311 12739 4547 6211 839 969 17994 11467 8024 11097 19930 3163 4089 14815 18017 8682 13803 2676 5111 9977 8058 2302
2688 11782 4362 11662 8718 19857 1430 14233 19738 10778 16410 15389 4001 13097 14249 2729 14647 5560 7741 1090 17477 17095 8010 15947 1743 11227 12380 10971 12154 4192 9697 8674 18915 6244 16234 17003 10603 3955 14580 6515 1910 2551 2038 1657 7290 10870 8819 16253
11141 15112 11146 14603 17804 16653 3348 3096 19481 17822 19230 7072 13729 10020 5541 6312 15784 683 8878 11699 17077 15678 9279 18753 9154 8898 16713 2762 10569 15820 3917 2512 13012 11092 6105 19294 13663 3423 19169 4319 17004 18928 2160 14576 10099 6131 4861 18303
19712 5249 7298 12674 3076 17800 1929 10383 14226 12436 17177 10272 8483 16549 3494 11818 7851 14896 15671 16952 191 7235 17476 3273 15821 13005 2638 5069 3410 14293 5338 17117 10973 1759 15840 16739 19812 8936 12524 5100 17775 13683 18165 13173 9462 5497 252 6013
19968 6275 18699 5650 5909 662 16149 15254 921 19616 17057 16545 5284 13479 1960 3240 1967 15153 9010 4661 16951 16184 14521 9400 1723 11968 11461 1100 8909 5967 11731 18133 6489 4449 8805 2663 19305 12906 12907 110 9072 16882 13942 3191 9209 3963 6652 14973
16261 12166 1420 18957 7949 271 9618 14611 15379 7828 2324 9878 15258 11038 8478 7839 3234 13347 18346 16555 1450 14767 10161 15415 17720 18880 15553 5958 17991 2247 7879 10186 19020 2130 2387 11095 4567 8026 5085 13279 10975 18533 16486 18920 17393 11507 18934 4479
17920 13827 12552 17162 11787 6413 5006 13839 6798 2963 13715 16535 2200 18458 16923 19356 2332 5662 4638 5916 6810 2594 8218 9244 16038 6705 5044 17848 18236 18364 6335 2881 1221 17490 4179 18520 12892 15973 2793 18288 18418 16242 2164 9074 17014 8181 13053 1534
2307 5764 17155 11524 10243 10506 19346 1938 7443 3606 4888 4896 417 6819 9255 5927 10538 11306 4780 14892 18860 10927 15794 13362 9142 1847 8377 10172 3447 14913 5441 17734 6343 4553 16471 989 4448 2273 17891 19560 18410 15724 15472 4336 2290 15347 12791 11256
3715 7813 11397 264 4363 17165 19599 5649 9235 1813 663 8217 3610 5147 8859 11289 14886 14504 2859 6059 9005 13997 18353 11825 17843 4917 3005 11709 1730 5319 18005 9557 7003 11612 15072 16228 5605 10598 7653 5224 5228 2669 2416 17777 1267 7667 7287 14718
4611 10118 14729 2828 9873 12442 7324 12189 1694 17440 5408 8866 6305 4388 2602 555 7468 1582 12977 19634 1074 4665 9786 574 18367 8257 18115 19779 19012 5060 12483 8644 12614 3274 9931 2124 971 12877 981 9561 14041 15460 12394 3051 13806 4975 7288 19577
7942 16782 12559 12688 402 916 3220 19096 11416 410 9852 17189 16938 2605 14126 7216 1969 6328 8121 16826 15291 7740 15166 15807 15169 16578 963 4172 12493 13775 18384 9169 17746 7119 19924 13908 9814 13522 1629 18783 17121 8931 18537 3561 6512 4338 13688 15740
15233 11266 15617 1043 6423 6009 1309 5790 12961 8999 18986 5930 7981 18223 17713 5299 9273 19131 19387 9660 12475 18111 14272 16322 6466 2245 5832 9423 10705 14545 14291 5594 13536 6625 19684 15332 15598 3700 19958 8439 14582 505 6006 4092 15613 14590 13695
2052 10376 9865 6032 2965 15256 4761 8731 19872 18340 17061 13222 11815 19632 1329 1585 16698 19519 1216 16063 3776 13379 7232 11463 12618 15818 6989 9806 8912 4049 18003 16853 6874 2651 8924 1888 19937 19042 994 3170 10729 2154 8179 13814 3065 4987 17276
4741 133 16905 2315 19982 527 3726 15891 405 533 792 808 18859 4143 432 5168 14386 6453 3766 7483 11326 1854 17990 10952 9802 16332 19022 5585 19282 13015 1367 4055 12250 5597 16993 5858 8807 5992 5737 8808 15596 7663 5744 11506 117 5238 7160
7682 1541 14988 18188 16013 7055 8847 19729 7439 16920 8346 12699 9882 10011 10780 11297 13859 15782 6394 18047 6961 10420 3254 15799 15417 6586 14268 14655 17867 2640 2897 2258 16723 8151 5976 9563 7389 6624 14817 7016 9067 12781 18672 13818 14332 5885 13951
7694 8336 11024 19858 17685 6421 15640 6170 10525 6688 13346 10537 9899 14895 1584 2223 6066 6325 183 19394 15176 15688 17613 19021 1744 11603 7894 13401 5978 13147 11868 6881 8930 9570 16613 1772 13549 3057 6641 17012 18549 629 1269 7672 18297 8309 13310
9347 6150 135 1415 18060 912 790 17818 17306 413 16031 17184 17829 678 11433 1322 16683 12973 9261 10160 9011 3516 11324 5954 4931 9030 9288 1226 2763 1998 5331 10323 856 14552 3036 5726 14179 2531 2662 13416 3947 16109 5233 5236 1273 3579 8829
8069 4742 11270 14352 12305 7314 4373 17173 15768 11292 8221 15520 2595 16424 16553 7341 12974 10162 18999 1848 16055 1210 6458 3771 12856 3647 15297 3784 13899 16972 9808 18769 18898 14930 7505 14678 10591 4959 18528 6116 18151 12392 5736 6386 6907 9342 12287
5633 4743 8967 12935 14738 12306 6167 6302 18091 17580 8237 9904 9777 10418 16692 1845 17723 1853 1470 11199 13248 4034 10563 8004 10693 3526 5447 2244 5704 2251 14415 5847 13144 13272 220 13662 11491 2278 9576 9452 10861 2417 1523 8694 6008 19706 12158
2434 11650 19461 5638 14727 13435 6414 6927 5008 18577 2449 6287 5652 16405 14229 15898 11682 5155 9894 5929 810 19631 12335 2991 7990 4156 6844 15549 2236 9539 3272 8008 11466 12492 16093 7520 10084 613 13541 2153 3436 13677 6638 500 1782 1275 12286
16514 10244 12550 5256 6543 6037 3738 19227 16925 5917 19104 16416 13096 16940 17842 13236 8246 6454 19005 12606 19007 12866 2115 3651 7501 9552 15829 2901 4695 6873 7643 15838 11877 5734 3943 490 14570 2925 2926 5743 1264 4464 17266 15348 17782 374 11896
17154 3203 3459 13061 11525 13070 7446 9371 1566 4254 11168 10145 3233 4128 12964 3365 10662 5543 7464 3371 18352 11836 19133 3646 5181 3016 1232 13521 10834 9425 4180 8022 7897 18268 16095 1761 9954 5731 10724 19304 19818 11116 15860 11639 16633 18554 7423
13443 15108 4100 5897 14730 16266 15372 11534 17935 3600 18451 4631 17945 3225 18973 11293 286 1184 11935 12573 7710 15134 16421 1829 15527 7724 18733 2737 14257 17461 11712 14787 15685 13511 15180 11101 11359 7903 489 873 11754 17008 10611 17780 14583 7419 4349
4224 11271 3721 14090 2571 5132 4618 1934 3984 5911 7836 14880 2080 2208 13731 9256 18985 11434 17965 2997 11451 2505 17355 19407 13392 10961 5713 8784 19929 4315 11869 17655 7009 4451 10480 18673 8177 4729 15476 12917 8821 1143 8182 16249 2939 2940
1664 1410 8066 3972 18439 1287 14987 12430 529 11922 1044 11285 15638 4247 16407 10644 19868 29 12447 14113 19874 2597 6570 5681 7222 16183 13112 4534 14784 7111 4040 9162 16586 3680 2535 16105 3179 1516 2284 3056 3953 8178 16500 9205 10230 17531
11651 8579 8198 11528 9613 2574 10382 9747 4885 18838 6038 7194 6044 7454 17960 4650 2219 4010 15405 13743 1588 3637 16694 12985 17466 3515 17604 12366 79 18771 6741 19030 8278 5207 7000 14430 7647 17251 5988 1381 17129 15982 14963 16632 11389 8062
16520 3727 15125 7829 7706 13723 5025 4389 12710 4902 10791 19369 10666 12460 1197 12847 9393 14264 11705 7612 8001 18498 7107 10433 5197 15570 11134 9173 2264 9818 2011 14557 16357 9447 18794 6890 9838 370 19315 3316 9842 17785 6522 12668 1790 2815
16000 19076 8965 11016 12809 3592 907 6797 18967 19865 16033 13989 15909 4008 3246 16047 17074 16946 12340 11063 19001 16186 2109 5063 14924 16595 216 19674 9690 19932 15965 6240 5856 7392 14947 3684 17253 9197 8430 16495 12145 7410 17139 12788 6259 13307
16893 1285 7687 1289 15628 3471 19728 11536 22 12055 13591 6426 10523 15780 5286 10283 8492 2862 7087 14255 8884 7220 15030 1334 15159 3129 12727 7096 9276 11128 8254 11202 13771 14540 7116 18516 5208 6232 14436 9701 16230 13044 2167 6904 18045
8710 19721 7050 14606 13968 13330 11414 9754 12061 2850 17316 3750 2218 10156 5037 19118 15152 15025 5683 19124 4916 9275 6333 17214 16191 575 18368 1599 11078 6599 9416 19398 9933 1486 6994 12243 8410 12508 3171 2150 10485 7029 6393 14076 9341
14722 10120 15753 3337 17940 5787 6172 17949 7708 19233 11940 8359 15145 14889 10414 13745 16178 10802 1589 6837 4022 13881 11076 16197 11468 16721 13268 2006 15575 2905 12506 7642 3166 8419 11237 19690 2796 1648 113 4082 4465 1909 13052 16894 15999
17285 648 11529 2836 9876 18970 14877 12319 4127 9759 16035 13092 8485 7718 12074 18348 8876 16686 7854 2220 49 8624 5936 181 3383 4536 7864 66 13126 17996 7373 4688 1105 4819 5075 7767 18267 16603 10215 8681 8938 12272 4722 13940 2677
9985 10881 11907 15748 518 5642 17932 7181 13836 8343 15644 3616 18592 13730 9003 11564 17585 5041 5939 17460 16696 15161 4923 64 11840 7105 11713 19013 11590 18503 2122 15694 6991 14929 14933 18649 16224 4838 10345 2671 11377 2418 14969 6140 16125
5762 2692 6152 7696 18834 19347 9874 11418 922 15388 8350 13343 18976 3617 17568 15779 2980 2853 11175 17718 1079 5431 2106 13374 5444 5574 13512 8651 15822 15952 13783 8667 349 16608 18657 19429 18791 18279 10473 621 2158 2672 8816 3060 12279
16897 525 3342 14866 15507 13978 411 19997 2973 11167 7199 2207 674 19113 7470 8755 698 443 8635 7999 4800 12099 964 2628 13640 18249 15433 6347 3285 2648 11737 12383 12129 9698 19556 743 16493 18542 9455 12021 9206 8952 10233 2045 11647
14592 16136 5512 17806 16656 16912 4624 16148 7573 12570 5407 4515 11944 13098 11696 15026 1716 6072 4282 3393 13377 5571 14019 7496 7497 5450 16203 14412 6987 15951 977 19794 4189 9950 16606 14816 19170 9446 18535 3437 4983 2296 19581 3838 7295
15360 1 18053 3334 7821 9746 1689 17180 11934 10527 3874 15139 19623 11442 9652 18741 6582 10804 7352 8500 12728 1984 19649 2372 9158 2888 19403 1356 5965 3664 16977 13011 1237 15701 10709 3035 19680 19568 2673 8692 4468 4981 5369 19070
12032 13185 13314 3 12416 1797 15625 9356 3604 1435 14619 1691 3235 2339 11685 9126 18474 6954 15539 6708 13111 11704 18106 9274 9148 13373 3261 10820 12615 2250 19404 8781 3790 10828 16474 8794 12004 6380 7661 13809 5490 9079 15994 4095
12928 897 18434 387 16645 6278 3338 5775 4503 4889 9627 3997 3869 15646 159 3111 11432 4012 16048 8502 10551 15036 11331 5316 19525 12231 11464 7754 8395 7628 3659 15054 4691 12121 7130 4698 18525 350 12390 3572 1781 14841 18044 3455
9220 18827 18828 4627 14740 8469 5270 10520 15003 1701 8101 17067 13233 16562 17845 696 12092 199 3527 8391 17483 10061 11216 2001 8147 4693 6614 5464 15322 6241 3809 13924 14181 2149 15847 3690 1514 6381 3312 5232 10226 12660 10359 13179
9728 6272 11911 8327 4489 12176 10129 4754 11030 3224 15514 1825 12451 2596 9893 18213 936 5673 5672 7595 9266 16053 11450 18748 19137 2114 13513 15050 7884 16975 15442 15707 12637 16350 19173 9190 7270 9448 9322 15595 14700 17515 17143 637
15624 13328 7953 15634 14994 19604 13724 6430 2334 10784 10655 3490 4258 18856 16426 16045 4781 6319 4786 8252 17471 19904 706 15046 16457 7883 11469 11470 17233 14417 11476 18008 19545 15579 5215 2400 7142 4071 13160 15593 7399 18032 14578 14843
19841 6658 12547 19331 7429 5639 13963 18444 9743 14995 8988 16298 18731 3885 9394 19635 10168 17338 1469 13504 6721 10054 16078 1362 2773 11222 13527 3417 12635 19292 16223 2528 18274 5730 5092 18021 17382 17766 7010 1642 12529 19068 16126 15615
4736 14980 9350 17036 15373 10000 10513 2706 1174 7959 13080 8856 2582 19735 10019 4266 2732 2093 14765 4783 3894 14009 1977 19016 7755 17100 11980 11979 19791 7244 19668 2396 227 8293 6247 3945 15853 8301 6766 5489 8051 3831 5880 2425
17922 13955 9092 19716 13702 13579 3467 2453 535 15129 16927 16164 19622 12586 18603 5421 16690 10676 2485 19257 6587 1727 13249 11386 11600 19154 18517 985 5081 17500 15074 2404 4324 14566 3181 14446 3951 2289 14962 2419 14193 9208 15610 9212
17923 3844 19077 5126 4745 8972 9999 19216 9748 9236 14612 2586 19493 5158 6696 10409 682 3631 1970 6962 6069 6073 955 3319 9024 14147 11075 14792 17482 6863 4945 4184 16859 2146 3682 11108 11495 620 8174 9202 2037 13047 14331 5887
18823 6921 13458 16404 14231 4120 15771 9631 1823 16543 9890 6701 12975 3376 18609 178 17970 13360 6323 11573 9782 15926 15168 16195 18373 10566 16327 8019 341 14687 19424 6367 2275 2024 15337 2412 19441 10225 11762 17526 632 19835 1406 17279
7424 4869 1802 3339 18700 15888 6808 9368 7580 1822 1824 3746 10920 15535 18736 562 14390 17976 1721 7225 15296 14273 2496 9415 13006 7502 2894 19410 9813 18651 14684 10976 11744 19938 13923 17509 12134 16615 878 14196 885 3830 7671 11515
12676 2697 18061 11535 17808 18068 11668 3735 14616 5659 9501 7326 19232 6306 6823 6571 5048 11961 8253 3523 13125 16199 18887 6600 8775 5196 6864 14802 17878 13655 14937 19163 8414 5727 8798 14435 3683 2798 11123 7027 5877 6519 17018 15229
16012 11791 18833 3602 19475 15511 1561 11291 3739 2843 9883 18977 19490 6565 7598 14842 16307 15286 6711 19385 314 5691 2237 18627 17989 458 13002 1741 9941 11224 16473 857 1884 19039 15839 12902 11239 14443 8951 10872 18042 17659 9087
9088 9349 10758 13064 5644 11789 8973 8078 14096 4237 18708 18196 291 7847 14250 9388 14636 5293 8238 13230 5934 19128 16313 15930 3132 6078 13891 9417 1866 6477 77 8148 6743 17368 4569 13661 6627 14820 17769 14188 5870 6779 5628
11908 8714 11406 4622 16145 12957 16799 7841 5410 9508 168 16810 17066 6698 13998 16687 19889 9269 13502 8515 4937 19663 14672 4178 8530 4564 5716 11860 88 13787 604 18653 19549 8030 15585 19939 5097 19951 6383 2802 3576 9339 4989
8448 18433 3712 4605 12423 1930 13067 4236 16157 10146 18597 17834 557 13490 17203 4788 17717 15542 10680 12217 8634 440 4155 4160 13890 711 2377 720 11605 17110 8279 5595 10589 6883 1636 18795 5101 5869 6765 19191 16504 5113 15869
18178 7812 16774 3083 781 16783 3094 8344 16795 14108 5023 17312 7330 9379 5043 13108 10292 6966 19895 16054 5817 315 8382 14400 9283 13252 6213 17481 3916 18643 1244 18014 1504 11875 8933 5608 7659 4972 14572 14317 11244 15605 11261
1032 18953 8202 7690 16143 10259 4755 2966 14328 9753 9113 2462 4002 12707 1317 5542 7208 1961 7219 3253 11577 17981 6336 19272 12107 9035 15309 5332 3797 16857 11232 19297 15331 10595 11880 8041 18541 15981 12270 19702 18423 17784 5366
6534 19718 12415 6281 11532 3085 19988 18461 11550 8096 18852 18598 1446 5798 11945 11435 2680 10158 9518 7473 12981 3126 2872 5948 452 5577 6092 3148 12368 4561 16598 13398 18140 8413 863 4196 5355 2542 17647 6262 2424 10747 639
12801 2306 3971 15364 6018 12930 4486 9872 18836 2837 9497 19099 15006 292 12836 5799 3880 17833 12202 15664 4275 13367 10682 10300 11384 15295 19905 1864 18637 12627 19413 2518 1757 19677 3295 14944 16738 1644 7021 9973 18296 16510
18438 19338 6158 13071 17813 17943 17948 4765 12830 13086 672 10912 15651 12327 4263 7337 7600 13489 19121 1462 1464 3903 12864 18241 19139 11845 11387 17230 7632 18257 13905 468 18901 4826 14813 7902 11490 10222 19567 14065 8817 2043
9989 12294 19977 15370 13583 11026 7062 9752 1690 6431 11808 13599 6690 13475 4900 15263 8102 14631 8108 6710 1719 17079 3256 7480 12347 3388 7871 13632 1862 4939 17869 12623 1617 84 7896 9304 9712 6513 9588 17272 14970 3070
16643 12163 9735 9353 15246 11794 13334 16023 153 10138 1563 13595 15004 12064 11558 169 8363 5941 5050 189 10303 320 4932 10059 1358 19284 2644 16727 2653 14688 6112 10597 4583 9191 14698 8299 14316 1388 9325 2806 17917 14207
15619 520 12940 6926 4757 14743 279 4506 11037 11678 2212 14117 15654 7588 5422 1200 2873 14267 18492 7614 10562 13641 7499 17740 18765 5326 14158 3155 10195 345 1754 7133 12131 2788 15848 8176 13299 18932 11509 2042 2813
2309 13200 11923 14490 2971 17438 289 14628 12965 11812 19367 42 5290 19244 8367 3375 6320 3503 13752 19256 7609 6845 14915 18501 2256 18264 1624 8666 12762 2904 4832 13537 10339 15844 8809 13546 15212 14190 3442 14197 5756
