6 21 41 133 140 150 179 212 237 254 283 342 343 350 361 372 395 449 468 472 486 497 506 515 529 567 600 636 793 833 880 894 912 947 966 996 
22 23 51 104 125 128 134 155 172 175 204 241 258 310 373 540 587 614 672 710 792 795 831 
19 71 81 141 146 160 164 190 298 315 327 336 393 490 505 511 526 560 574 578 617 651 655 671 678 707 725 767 817 841 861 883 936 951 965 973 979 997 
30 46 80 117 176 200 207 255 278 295 357 368 371 377 387 404 434 442 460 466 476 492 495 499 552 570 598 607 637 665 736 744 775 787 794 808 854 859 948 961 
4 54 61 111 148 151 171 201 223 279 325 334 470 532 534 630 642 676 690 713 730 746 774 778 941 949 962 
14 36 39 64 124 235 311 318 352 390 396 415 420 513 533 594 602 661 670 679 719 740 753 780 835 836 843 
44 47 202 203 213 218 230 260 324 338 422 536 541 551 589 631 641 688 742 754 762 788 832 929 974 998 
16 18 28 33 55 66 96 107 173 193 238 243 259 300 307 384 392 469 501 520 530 553 556 559 573 585 628 646 739 750 761 771 815 852 904 934 944 956 
43 76 95 98 102 174 252 292 364 399 407 431 514 548 593 623 640 650 680 692 714 728 734 869 950 953 985 
17 27 57 58 79 84 92 108 136 152 177 217 240 411 473 474 509 519 563 569 579 659 664 798 801 848 860 871 881 906 911 914 923 946 959 963 969 
38 52 73 130 135 196 219 280 281 333 388 401 402 419 425 433 440 461 462 480 489 516 518 549 564 568 584 619 638 663 673 766 770 807 810 811 853 867 955 960 983 
37 53 70 88 103 112 131 147 234 242 267 339 344 345 348 424 436 543 555 596 627 735 743 796 797 863 864 873 932 937 992 
3 20 74 78 89 110 153 168 199 224 250 282 308 351 376 378 403 406 417 427 446 453 465 483 546 550 571 618 624 658 684 685 724 776 816 828 862 900 902 938 954 975 
100 222 277 297 326 358 408 437 454 463 500 523 562 565 605 610 616 620 649 652 667 694 708 721 727 732 749 781 849 865 866 868 878 908 921 978 
94 289 301 360 365 382 432 457 485 493 717 779 790 805 822 844 913 
42 99 184 189 208 321 328 341 412 414 439 445 561 580 681 695 705 764 773 884 916 999 
9 60 97 118 120 195 210 228 229 233 247 284 302 363 370 386 421 430 438 459 475 488 554 566 582 588 590 633 648 698 703 709 768 813 826 885 891 976 984 990 
12 34 68 122 138 145 161 163 183 206 220 265 335 507 575 583 613 657 677 715 731 763 789 809 821 827 855 917 928 933 940 
13 35 65 87 116 129 159 205 293 305 332 413 447 653 693 737 748 877 924 968 993 
11 49 77 86 162 165 167 221 251 257 273 303 322 359 366 405 458 581 666 682 704 723 726 758 819 823 847 858 875 886 888 901 910 918 919 986 
72 119 144 157 181 192 285 312 313 319 374 451 525 696 711 752 765 783 814 837 838 857 897 920 
0 40 63 90 105 143 156 178 187 211 249 261 268 290 330 369 383 385 397 448 471 477 478 481 494 524 537 592 597 606 626 644 668 674 675 686 687 738 755 756 784 846 870 964 981 994 
32 149 185 186 216 236 309 355 367 391 400 410 423 504 510 531 538 660 702 720 757 777 802 893 895 899 931 939 952 980 982 
5 24 26 45 50 93 126 127 188 225 248 253 262 291 337 349 379 394 426 467 482 577 611 615 635 639 643 716 741 799 850 890 922 930 942 967 988 
10 75 132 158 180 214 232 264 266 288 329 429 502 603 632 689 747 786 800 825 840 879 887 896 903 905 935 958 987 
67 82 137 209 227 286 306 389 416 428 491 535 539 601 604 612 629 669 691 733 760 804 839 882 
29 59 91 139 182 226 245 256 269 274 340 456 498 503 521 528 576 591 595 645 772 782 785 791 803 842 856 876 889 898 907 925 989 
25 85 191 198 231 239 294 320 331 362 398 479 512 522 621 622 654 683 699 701 759 824 830 845 909 915 971 
2 8 62 154 169 197 244 246 271 296 299 317 347 353 356 409 441 452 464 496 508 517 542 547 558 586 599 608 609 662 697 706 745 834 851 892 926 972 977 
7 31 101 109 113 115 121 263 270 272 304 354 380 435 444 455 544 625 647 712 722 729 769 820 872 874 927 970 991 995 
1 15 48 56 69 83 106 114 123 142 166 170 194 215 275 276 287 314 316 323 346 375 381 418 443 450 484 487 527 545 557 572 634 656 700 718 751 806 812 818 829 943 945 957 
