12 25 77 148 194 250 276 490 531 541 553 722 767 768 803 804 814 852 890 909 961 975 983 
4 17 56 210 220 247 255 284 345 422 424 430 556 618 660 697 714 752 780 784 876 896 924 958 984 
9 112 127 156 188 215 217 225 265 462 464 484 514 516 536 570 594 601 681 749 882 898 915 920 925 946 981 
0 37 63 65 66 83 85 109 111 121 150 153 197 242 312 332 362 380 384 401 443 444 476 483 563 573 676 710 748 779 801 836 865 872 944 945 972 
30 34 142 165 253 264 309 335 347 497 548 579 621 638 643 723 863 908 928 943 962 
23 59 62 69 73 87 131 157 159 162 167 168 172 205 229 231 274 280 289 305 315 436 441 475 478 493 495 534 552 567 568 578 620 624 647 648 695 709 721 726 728 729 746 750 765 770 775 783 789 808 813 827 855 878 892 899 931 950 976 
1 28 104 140 177 180 213 270 340 370 403 404 458 479 504 518 537 577 677 734 736 743 778 825 831 851 873 884 893 913 938 966 992 994 998 999 
5 8 27 29 49 50 99 117 152 161 207 212 224 245 257 288 348 353 365 378 406 407 409 421 459 473 501 507 526 539 583 587 595 600 604 626 655 665 670 694 735 739 747 753 764 786 793 819 862 869 871 888 895 939 949 965 
53 92 113 119 124 130 228 239 285 294 308 320 325 354 379 382 386 387 392 415 419 457 486 522 580 616 791 792 811 868 912 940 957 
84 137 170 171 176 198 232 318 341 355 363 381 383 445 451 471 481 498 499 509 545 561 597 628 629 633 656 763 773 807 859 889 902 956 
14 20 33 60 147 191 192 193 211 301 346 506 532 547 610 627 636 666 669 740 771 774 802 810 818 885 927 
7 21 97 146 202 281 400 413 491 511 576 602 632 687 689 692 776 843 879 948 974 
31 43 51 54 58 72 86 102 108 141 235 286 310 333 344 359 395 397 411 426 427 431 432 435 466 472 487 488 525 527 530 572 606 607 609 617 651 658 662 701 704 705 712 751 840 849 860 861 936 970 978 979 980 997 
18 96 118 144 158 182 221 296 369 374 456 564 672 698 708 757 762 798 820 829 839 866 904 919 947 952 996 
6 36 44 71 79 106 107 116 183 234 248 273 317 321 425 447 455 477 510 520 521 653 663 685 700 720 790 797 828 842 897 923 934 955 
70 82 105 125 136 154 196 251 263 266 298 302 307 327 350 373 377 396 454 460 468 474 529 560 592 625 634 637 649 688 706 733 800 854 985 987 988 
3 32 110 151 227 241 267 389 394 465 635 671 725 727 756 777 837 853 929 
2 10 22 52 64 68 78 95 101 145 173 204 214 223 240 254 328 358 360 398 420 505 523 535 557 574 599 613 622 630 644 668 760 795 816 826 921 926 954 960 
48 57 132 179 185 209 244 323 324 330 364 452 461 554 558 565 584 591 631 693 724 738 870 905 914 967 977 995 
11 16 24 41 47 88 89 91 126 164 181 261 303 349 352 366 371 412 418 433 496 503 559 605 611 642 654 702 716 745 761 787 796 835 847 883 
13 26 39 42 67 98 115 135 143 186 195 206 233 237 262 277 279 299 311 334 338 339 342 357 372 416 417 469 542 551 575 582 659 661 674 680 683 686 696 703 715 731 742 754 817 833 838 877 881 959 973 986 990 
38 45 260 292 297 319 517 549 590 603 615 645 678 699 815 845 850 856 857 900 935 951 971 
15 129 134 200 203 236 243 269 300 306 331 482 519 538 581 619 639 711 713 875 911 942 989 
40 61 103 114 222 259 271 272 282 368 375 402 408 513 528 533 546 598 646 673 717 806 809 821 823 830 874 922 982 
155 160 187 190 208 367 390 393 429 480 492 512 569 586 675 691 744 772 858 906 933 968 
74 138 149 219 230 252 268 291 295 304 313 337 388 437 463 566 588 652 690 759 785 910 918 
75 76 90 133 163 174 249 256 278 336 376 410 414 440 448 515 524 544 585 640 737 781 799 834 887 891 907 916 953 
46 80 128 139 175 189 226 275 343 351 361 434 449 467 489 550 596 612 641 650 657 730 732 766 769 788 794 867 937 941 964 
35 100 166 258 283 314 316 326 329 428 470 485 494 500 614 684 707 741 758 880 886 917 
19 81 93 94 120 169 178 199 216 293 322 356 405 423 543 555 571 664 682 822 841 846 901 930 969 993 
123 287 290 391 399 442 450 453 562 589 593 623 679 755 782 812 824 844 864 903 932 
55 122 184 201 218 238 246 385 438 439 446 502 508 540 608 667 718 719 805 832 848 894 963 991 
