38 127 135 205 219 280 281 327 333 401 402 419 433 461 462 480 516 518 549 564 584 638 661 663 673 766 770 807 810 811 853 955 960 983 
9 15 69 106 275 287 322 381 438 484 490 557 572 634 656 718 725 806 829 945 
35 47 87 116 129 293 332 422 447 641 653 742 748 848 877 924 
37 103 112 242 344 366 470 500 555 596 616 620 649 690 713 772 797 863 864 868 992 
14 39 61 124 235 398 420 533 624 740 753 780 873 
27 57 58 79 84 92 108 110 136 177 411 473 474 509 519 563 569 579 659 664 798 801 860 871 881 906 911 914 923 946 959 963 969 
5 12 22 23 51 62 71 104 125 134 142 155 172 175 204 241 258 299 310 336 373 375 495 502 540 587 590 613 614 672 710 792 795 831 
284 294 326 475 488 698 768 813 818 826 976 
81 146 201 213 331 388 393 809 
220 226 379 390 396 602 635 679 836 
36 52 189 208 239 489 510 521 619 
96 214 249 307 440 
1 2 48 56 263 316 346 479 545 812 
8 197 271 317 353 356 409 441 452 464 517 542 558 586 599 851 892 977 
4 54 111 148 151 169 171 223 279 325 334 439 532 534 630 642 676 730 746 774 778 941 949 962 
25 65 85 113 191 198 231 272 318 362 497 506 512 522 621 654 699 701 759 824 830 845 909 915 
64 66 118 130 178 186 237 370 376 406 415 423 459 530 582 594 843 939 984 
11 49 70 77 86 162 165 167 221 251 303 358 359 405 458 666 682 704 723 726 758 819 823 847 858 875 886 888 901 910 918 919 986 
59 91 139 182 245 256 269 340 456 498 503 507 528 591 595 727 782 785 791 803 842 856 876 889 898 907 925 989 
30 176 207 234 255 357 367 371 404 476 492 499 570 598 607 637 736 744 775 787 794 808 859 961 
43 76 95 98 102 174 252 292 364 399 407 431 514 548 593 623 640 650 680 692 714 728 869 950 953 985 
222 240 277 437 454 463 523 605 610 667 694 708 721 732 781 849 865 866 878 908 978 
152 156 196 391 531 581 757 802 
46 80 200 295 377 434 442 466 552 665 854 948 
53 159 278 368 384 387 568 
128 211 288 305 369 413 448 683 687 738 
291 320 337 741 922 993 
20 88 100 131 147 257 297 436 543 627 668 735 749 796 932 
21 33 41 117 120 150 179 212 342 343 425 460 468 469 472 486 515 529 571 600 628 636 793 833 880 894 912 947 
28 339 352 408 424 670 719 743 835 937 
75 132 158 180 232 264 266 329 429 603 632 689 747 786 800 825 840 879 887 896 903 905 935 958 987 
0 63 90 105 143 330 471 477 478 494 524 537 592 606 644 674 675 686 755 846 870 964 981 994 
74 78 89 199 273 282 351 417 427 483 546 618 658 685 776 828 862 902 938 954 
73 184 378 380 453 566 867 
40 83 187 261 268 385 397 445 465 481 513 576 626 784 
60 195 210 247 302 304 554 633 648 990 
154 244 246 274 296 347 496 508 547 574 608 609 645 662 697 706 745 834 926 972 
19 29 141 160 164 190 298 315 505 511 526 560 578 617 651 655 671 678 707 767 861 883 936 951 965 973 979 997 
10 228 229 233 311 363 421 430 487 588 709 841 885 891 
153 168 308 403 446 684 724 975 
123 562 565 622 737 921 971 
94 289 301 314 360 365 382 432 457 485 493 717 734 779 790 805 822 844 913 
34 68 97 122 138 145 161 163 183 206 265 335 575 583 657 677 715 731 763 789 821 827 855 917 928 933 940 
32 149 185 216 236 309 355 400 410 504 538 660 702 720 777 893 895 899 931 952 980 982 
24 26 45 50 93 126 188 225 248 253 262 394 426 467 482 577 611 643 716 799 850 890 930 942 967 988 
254 449 567 693 996 
114 166 194 215 276 323 418 443 450 527 652 700 751 943 957 
7 31 101 109 115 121 270 354 435 444 455 544 625 647 712 722 729 769 820 872 874 927 970 991 995 
3 133 290 383 597 756 817 
16 18 55 107 173 193 238 243 250 259 300 392 501 520 553 556 559 573 585 646 739 750 761 771 815 852 904 934 944 956 
67 82 137 209 227 286 306 389 416 428 491 535 539 601 604 612 629 669 691 733 760 804 839 882 
72 119 144 157 181 192 285 312 313 319 374 451 525 550 696 711 752 765 783 814 837 838 857 897 920 
224 615 639 816 900 
6 17 42 140 217 267 283 350 361 372 395 966 999 
44 202 203 218 230 260 324 338 536 541 551 589 631 688 754 762 788 832 929 974 998 
99 170 321 341 412 414 561 580 695 764 773 884 916 
13 328 345 348 349 386 681 703 705 968 
