19 21 81 137 141 146 160 164 190 298 315 327 393 469 505 511 526 557 560 578 617 651 655 671 678 707 767 861 883 936 951 965 973 979 997 
44 202 203 218 230 260 324 338 536 541 551 589 631 688 754 762 788 832 929 974 998 
41 42 140 150 179 212 237 283 343 350 361 372 395 472 506 515 529 600 628 636 793 833 880 894 912 947 966 
114 142 166 342 700 751 
38 52 73 130 135 196 219 280 281 388 391 401 402 419 425 440 460 461 462 480 489 516 549 564 584 619 638 663 766 770 807 810 811 853 867 955 960 983 
6 60 90 118 120 184 189 195 205 208 210 228 229 233 247 284 294 302 314 326 363 370 381 421 430 433 438 445 459 475 487 488 510 518 554 566 574 588 590 620 633 648 673 698 703 709 757 768 802 813 818 826 841 885 891 900 913 976 984 990 999 
1 35 47 53 56 65 87 116 129 152 159 214 234 239 249 267 293 305 320 332 336 345 349 413 422 447 449 495 568 622 641 653 693 737 742 748 812 848 877 879 924 968 971 993 
17 27 57 58 79 84 92 108 110 177 217 240 311 411 473 474 509 519 563 569 579 594 659 664 798 801 860 871 881 906 911 914 923 946 959 963 969 
69 85 100 191 198 231 479 522 654 699 701 830 845 909 915 
13 20 37 70 88 99 103 107 112 131 136 147 215 242 254 297 318 328 339 344 348 352 366 385 398 412 414 418 424 436 442 481 543 555 567 576 580 596 627 649 668 670 681 705 713 719 735 743 772 796 797 835 863 864 868 873 884 916 932 937 943 957 992 996 
43 76 95 98 102 174 252 292 364 399 407 431 514 548 593 623 640 650 680 692 714 728 869 950 953 985 
222 277 358 408 437 454 463 500 523 545 562 565 604 605 610 652 667 694 708 721 727 732 749 780 781 849 865 866 878 908 921 978 
2 8 33 62 154 169 197 244 246 271 276 296 299 317 347 353 356 409 441 450 452 464 491 496 508 517 527 542 547 558 586 599 608 609 662 697 706 745 829 834 851 892 926 972 977 
14 36 39 64 124 178 186 213 235 282 390 396 415 420 513 533 602 661 679 740 753 836 843 939 
4 9 34 54 61 83 111 128 148 151 171 201 223 279 325 334 341 375 386 439 470 484 532 534 630 642 676 690 725 730 746 763 774 778 941 949 962 
7 25 31 101 106 109 113 115 121 270 272 287 304 323 333 354 376 380 435 444 455 486 512 544 621 625 647 712 722 729 759 769 820 872 874 927 945 970 991 995 
72 119 144 157 181 192 285 312 313 319 371 374 451 525 552 607 696 711 752 765 783 808 814 837 838 857 897 920 
32 67 82 149 170 185 194 216 227 236 286 306 309 316 355 367 400 406 410 416 423 428 443 468 497 504 535 538 539 601 612 629 660 669 691 702 720 733 760 777 794 804 882 893 895 899 931 952 980 982 
3 48 94 133 289 301 360 365 382 432 457 485 493 717 718 734 779 790 805 822 844 
11 49 77 86 162 165 167 183 221 251 257 303 322 359 405 458 490 581 582 666 682 704 723 726 758 819 823 847 858 875 886 888 901 910 918 919 986 
15 29 59 91 139 182 226 245 256 263 269 274 331 340 346 362 456 498 503 521 528 591 595 634 645 683 782 785 791 803 806 824 842 856 876 889 898 907 925 989 
5 24 26 45 50 74 78 89 93 97 126 127 153 168 188 199 209 224 225 248 250 253 262 273 291 308 337 351 379 394 403 417 426 427 446 453 465 467 482 483 546 550 571 577 611 615 616 618 624 635 639 643 658 684 685 716 724 741 776 799 816 828 850 862 890 902 922 930 938 942 954 967 975 988 
0 40 63 105 143 156 187 211 220 261 268 290 330 369 383 397 448 471 477 478 494 524 537 592 597 606 626 644 674 675 686 687 695 738 755 756 784 817 846 870 964 981 994 
30 80 117 123 176 200 207 255 275 278 295 357 368 377 384 387 404 434 466 476 492 499 531 570 572 598 637 656 665 736 744 775 787 854 859 948 961 
22 23 51 71 104 125 134 155 172 175 204 241 258 310 373 540 587 614 672 710 792 795 831 
12 68 122 138 145 161 163 206 265 321 335 389 507 561 575 583 613 657 677 715 731 764 773 789 809 821 827 839 855 917 928 933 940 
10 75 132 158 180 232 264 266 288 329 429 502 603 632 689 747 786 800 825 840 887 896 903 905 935 958 987 
16 18 28 46 55 66 96 173 193 238 243 259 300 307 378 392 501 520 530 553 556 559 573 585 646 739 750 761 771 815 852 904 934 944 956 
