42 73 213 331 388 867 
8 154 169 197 244 246 296 317 356 441 452 464 496 508 517 542 547 558 586 599 608 609 662 697 745 834 851 892 926 972 977 
13 14 39 124 376 406 420 423 502 533 624 740 753 780 
9 60 97 120 195 284 302 326 386 459 475 488 566 588 633 698 703 768 813 818 826 885 976 984 990 
1 69 106 114 142 166 194 215 275 276 323 333 363 375 418 443 450 484 518 527 557 572 656 700 727 751 806 812 829 943 945 957 
4 54 61 111 148 151 171 201 223 279 325 334 341 439 532 534 630 642 676 730 746 774 778 941 949 962 
0 63 90 105 143 271 330 353 369 383 471 477 478 494 524 537 592 597 606 644 674 675 686 687 755 756 817 846 870 964 981 994 
96 100 211 297 307 448 626 683 738 
43 76 95 98 102 174 252 292 364 399 407 431 514 548 593 623 640 650 680 692 714 728 869 950 953 985 
35 47 129 152 159 214 249 293 305 320 332 336 345 349 413 422 447 495 622 641 653 693 737 742 748 848 877 879 924 968 993 
99 208 247 304 321 412 561 580 695 764 773 
16 18 28 55 107 173 193 238 243 259 300 392 501 520 553 556 559 573 585 646 739 750 761 771 815 852 904 934 944 956 
40 261 268 287 385 397 481 784 
48 116 346 381 438 545 590 718 
85 191 555 614 639 845 
15 118 130 219 370 490 574 582 
10 75 132 158 180 232 264 266 329 429 603 632 689 747 786 800 825 840 887 896 903 905 935 958 987 
3 74 78 89 199 273 282 322 351 378 379 417 427 446 453 483 571 618 658 685 776 816 828 862 902 938 954 
94 187 289 301 314 360 365 382 432 457 485 493 717 734 779 790 805 822 844 913 
12 34 68 87 122 128 138 145 161 163 206 220 265 335 507 575 583 613 657 677 715 731 763 789 809 821 827 855 917 928 933 940 
27 57 58 79 84 92 108 110 136 150 177 240 411 473 474 509 519 563 569 579 659 664 798 801 860 871 881 906 911 914 923 946 959 963 969 
103 112 242 344 358 414 470 500 596 620 649 690 713 864 868 884 992 
6 21 41 133 140 179 212 237 254 283 342 343 350 361 372 395 425 449 468 469 472 486 497 506 515 529 567 600 628 636 793 833 880 894 912 947 966 996 
37 70 131 147 339 348 352 424 436 442 543 627 668 670 735 743 772 796 797 863 873 932 937 
38 52 135 196 280 281 288 401 402 419 433 440 461 480 489 516 521 549 564 584 619 638 663 673 766 770 807 810 811 853 955 960 983 
32 149 185 216 236 309 316 355 400 410 504 538 660 702 720 777 893 895 899 931 952 980 982 
22 23 71 104 125 134 155 172 175 204 241 258 310 373 540 587 672 710 792 795 831 
156 183 184 189 380 391 445 510 531 581 757 802 
19 81 141 146 160 164 190 298 315 327 393 505 511 526 560 578 617 651 655 671 678 707 725 767 861 883 936 951 965 973 979 997 
72 119 144 157 181 192 285 312 313 319 374 451 525 550 696 711 752 765 783 814 837 838 857 897 920 
25 65 113 186 198 231 256 272 274 294 362 398 479 512 522 554 621 645 654 699 701 759 824 830 909 915 971 
30 46 62 80 117 200 255 295 299 377 460 466 552 598 607 665 744 787 854 859 948 
17 83 123 217 290 328 634 681 705 719 835 916 999 
170 210 229 233 421 430 487 648 709 841 891 
44 202 203 218 230 260 324 338 536 541 551 589 631 688 754 762 788 832 929 974 998 
7 31 101 109 115 121 263 270 354 435 444 455 544 625 647 712 722 729 769 820 872 874 927 970 991 995 
11 49 77 86 162 165 167 221 251 257 303 359 366 405 458 666 682 704 723 726 758 819 823 847 858 875 886 888 901 910 918 919 986 
29 59 91 139 182 226 245 269 340 456 498 503 528 591 595 782 785 791 803 842 856 876 889 898 907 925 989 
20 153 168 224 250 403 409 465 546 576 684 724 900 975 
53 56 205 234 267 278 368 384 387 434 462 568 961 
51 176 207 235 357 367 371 404 428 476 499 570 637 706 736 775 794 808 
67 82 137 209 227 286 306 389 416 491 535 539 601 604 612 629 669 691 733 760 804 839 882 
2 33 36 64 66 178 228 239 308 311 318 347 390 396 415 492 513 530 594 602 661 679 836 843 939 
88 222 277 408 437 454 463 523 562 565 605 610 616 652 667 694 708 721 732 749 781 849 865 866 878 908 921 978 
5 24 26 45 50 93 126 127 188 225 248 253 262 291 337 394 426 467 482 577 611 615 635 643 716 741 799 850 890 922 930 942 967 988 
