1 2 48 56 62 116 152 196 314 346 375 381 545 568 718 812 
4 54 61 111 148 151 171 201 223 279 325 334 341 439 532 534 630 642 676 725 730 746 774 778 941 949 962 
9 326 386 421 430 438 475 487 502 554 590 648 698 703 768 813 818 826 885 891 976 984 
3 14 39 124 133 186 213 235 273 376 388 406 420 423 533 624 661 740 753 780 809 
41 140 179 212 343 350 468 472 488 515 529 600 636 687 793 880 894 947 966 
17 64 66 83 178 217 290 308 415 476 530 594 602 634 939 
16 18 55 107 173 193 204 238 243 259 367 392 501 520 553 556 559 585 646 706 739 761 771 815 852 904 934 944 956 
123 189 510 521 673 
22 23 71 104 125 134 155 172 175 258 310 327 373 587 672 710 792 795 831 
19 81 137 146 160 164 190 298 315 393 505 511 524 526 560 578 617 651 655 671 678 707 767 817 861 883 936 951 965 973 979 997 
7 31 101 109 115 121 270 354 435 444 455 544 625 647 712 722 729 769 820 872 874 927 970 991 995 
0 63 90 143 156 249 283 330 397 471 477 478 494 537 592 606 644 674 675 686 755 846 870 964 994 
28 88 339 344 424 555 670 719 743 864 
222 277 287 335 358 408 437 463 500 562 565 605 610 616 652 667 708 721 732 781 849 865 866 878 908 921 978 
5 24 26 45 50 93 126 127 188 225 248 253 262 291 337 349 394 426 467 482 577 611 615 643 716 741 799 850 890 922 930 942 967 988 
6 372 395 425 460 628 
44 202 203 218 230 260 324 338 536 541 551 589 631 688 754 762 788 832 929 974 998 
142 316 323 342 443 450 484 486 527 572 957 
10 75 132 158 180 232 264 266 329 429 603 632 689 747 786 800 825 840 887 896 903 905 935 958 987 
257 433 518 806 819 
15 36 40 118 268 370 390 396 445 465 490 513 582 679 784 836 
37 70 131 136 147 348 436 442 543 627 668 735 796 797 863 873 932 937 
12 34 68 97 122 128 138 145 161 163 183 198 206 220 265 288 379 507 575 583 613 635 657 677 715 731 763 789 821 827 855 917 928 933 940 
42 184 380 867 
43 76 95 98 102 174 252 292 364 399 407 431 514 548 593 623 640 650 680 692 714 728 869 950 953 985 
99 208 263 321 352 412 479 561 580 764 773 835 916 989 
60 120 195 210 228 229 233 247 302 304 311 459 566 588 620 633 709 841 843 990 
8 197 271 317 353 356 409 441 452 464 470 517 542 558 586 599 851 892 977 
103 112 205 284 333 414 690 713 884 992 
105 170 369 383 597 981 
242 254 297 449 454 523 567 649 693 694 749 868 996 
57 58 79 84 92 108 177 240 411 473 474 509 519 563 569 579 659 664 798 801 860 871 881 906 911 914 923 946 959 963 969 
38 52 73 130 135 219 280 281 401 402 419 440 461 462 480 489 516 549 564 584 619 638 663 766 770 807 810 811 853 955 960 983 
35 47 87 129 159 214 250 293 305 320 332 336 345 351 422 447 495 622 641 653 737 742 748 848 877 879 924 968 993 
11 49 86 162 165 167 221 251 300 303 359 366 384 405 458 573 581 596 666 682 704 723 726 758 772 823 847 858 875 886 888 901 910 918 919 986 
72 119 144 157 181 192 285 312 313 319 374 451 525 550 696 711 752 765 783 814 837 838 857 897 920 
21 33 78 150 237 469 540 571 833 912 
25 65 85 113 191 231 239 241 256 272 294 318 331 362 398 497 506 512 522 614 621 654 699 701 759 824 830 845 909 915 971 
67 82 209 227 286 306 389 416 428 491 535 539 601 604 612 629 669 691 733 760 804 839 882 
32 149 185 216 236 309 355 400 410 504 538 660 702 720 777 893 895 899 931 952 980 982 
96 100 110 187 211 261 307 361 385 413 448 481 576 626 683 738 
94 289 301 360 365 382 432 457 485 493 717 734 779 790 805 822 844 913 
53 234 267 328 681 705 999 
29 59 91 139 182 226 245 269 340 456 498 503 528 591 595 782 785 791 803 842 856 876 889 898 907 925 
13 141 727 
30 46 77 80 117 176 200 207 255 278 295 357 368 371 377 387 404 434 466 492 552 570 598 607 637 665 736 744 775 787 794 808 854 859 948 961 
20 74 89 153 168 199 224 282 322 378 403 417 427 446 453 483 546 618 639 658 684 685 724 750 776 816 828 862 900 902 938 954 975 
27 391 531 695 756 757 802 
51 69 106 114 166 194 215 275 276 363 418 499 557 656 700 751 829 943 945 
154 169 244 246 274 296 299 347 496 508 547 574 608 609 645 662 697 745 834 926 972 
