18436 10766 6159 7705 3615 36 8742 18475 12844 11314 2098 2103 13368 17465 6204 1085 19518 16450 4679 14920 4684 16465 8275 10324 3668 17493 599 10840 4718 14959 8305 16501 12412 3196 11902 12417 13958 16009 17547 8339 149 10395 13988 13476 12456 6321 6324 5815 10424 1728 12481 6852 8905 4810 5327 9428 17111 4830 17120 3297 5857 1251 7912 746 9972 7930 7938 266 14604 13072 17169 2833 10516 15637 11543 17176 3868 4892 7460 1318 3367 14122 2347 17199 9524 14649 13113 4412 19773 835 8516 18246 11593 18767 15184 6479 3926 13150 10079 4961 17763 18790 7015 13673 17257 8555 17259 4461 9582 7538 19828 4473 4476 9598 14206 18818 14211 14215 2962 5011 15764 13209 7066 3994 3484 19867 16798 11679 1443 1447 429 10671 12721 13234 5553 6580 12212 10685 14270 17855 12225 7619 13766 14791 3015 12745 11215 3024 10707 8662 17369 3546 18921 16881 17905 1522 7159 19451 1532
4103 13832 2071 15385 6176 11299 8230 16936 2088 15913 2608 4145 10801 16949 567 3643 19531 2642 9303 10843 8284 10851 14949 9835 14444 109 8814 7789 10356 7286 5755 14976 14468 8839 16008 17035 3215 11408 4753 10385 16016 19608 8352 15015 13481 1706 9906 1715 3774 19134 6340 14025 4813 6353 8917 727 12504 15071 3808 8932 5350 13031 18664 4842 7404 6905 6396 11005 1792 783 19215 6930 14098 11540 8978 18199 281 10524 13600 1314 7970 6952 14634 16174 816 9027 8013 9037 3406 8023 1371 5979 3934 17762 5476 18291 887 10108 1408 19328 3458 16770 2949 6022 11144 3976 16264 4491 3982 12190 19360 11176 2476 6573 13231 4527 15798 12216 3001 8120 17339 6588 7617 17857 968 15306 14795 14284 4558 12752 4050 1493 13781 10201 16346 3044 1512 9194 2030
2580 12318 8228 551 6702 16943 48 5687 14912 17484 19533 15950 19532 11342 7770 8796 7275 4727 1666 13445 7305 13453 2707 11930 8348 12968 19114 8875 18094 4784 693 4300 7888 18644 15062 11487 15075 3814 5867 14064 9459 756 6902 4868 12549 10505 2327 1838 14128 7479 12095 7492 2382 8014 17237 4440 1882 10089 9066 7536 8568 6521 11644 10621 899 2953 909 399 17807 5521 13714 6561 11686 18363 450 5062 17863 18888 3530 16845 2002 13280 12772 11749 9193 12281 6651
9730 8200 521 17420 1038 12303 4111 16917 3611 11310 11327 12365 6735 12369 6228 6752 18531 7268 2664 12910 19061 17021 5245 3710 15487 11396 16011 3211 16024 13467 5294 7342 182 2754 15042 8901 7885 15568 6359 2792 9962 1773 10488 6939 14110 4401 15160 17728 1868 346 13660 9053 11109 16743 10602 3946 4986 6525 13191 18829 19342 7054 11677 12192 19875 19876 19366 8107 6060 17327 16820 18876 10689 19909 12237 2514 6616 10713 7657 17898 2543 9200 14323 6646 18936 4606
16896 13322 19989 17432 3613 10278 4649 18481 2618 15420 1616 119 2681 8313 10878 16512 19592 12428 14476 3212 11919 10901 2711 154 6817 10924 2222 175 17584 19122 3250 8885 14522 3783 19145 1738 9420 10957 9424 10970 17131 18674 3827 7420 12033 9476 4367 7960 3355 4381 4382 9516 16173 10040 19267 326 13639 2380 15185 18258 5970 6993 1361 12122 12645 15727 17778 19319 2435 6538 7569 16277 16289 5027 3499 6061 3502 1965 4532 19382 19393 14278 10703 18904 5106 3063
15877 13854 5670 11302 7215 16433 15924 571 7748 11336 13897 9807 9297 609 19044 15979 13427 6778 635 12923 2685 18563 9859 2699 13456 1682 2714 18080 5280 16547 700 8897 4301 14032 18645 16601 3804 2276 14059 7407 11002 19714 2838 16154 4898 3883 5942 19259 8509 3389 7487 4415 19266 13645 1874 4950 15195 3419 19805 19301 6504 16746 17271 17783 16780 16274 415 1956 7076 11179 10672 15793 7602 13240 14789 8133 13768 4054 18407 2025 10221 4078 10742 5626 16892
3584 13824 19458 19464 9227 17934 19985 14356 4118 12315 19996 1565 6686 3618 7224 4664 19512 3133 1097 4173 13394 9299 16005 14984 10891 17039 8349 15008 1705 15024 14523 15043 15045 4816 11993 7395 7396 9965 15599 8433 16627 6401 8450 1799 19221 13077 9495 11542 17185 6438 17191 14131 17212 10048 11585 12101 16200 17225 11086 4956 18784 11617 13669 8558 10614 13690 5501 14205 8574 900 5523 7068 12706 1442 1444 16295 14766 18358 18365 1485 463 16858 15835 1507 15870
10752 6145 514 1537 9224 5137 4115 18462 3123 2100 15413 10810 10822 16456 12378 19038 112 12913 3193 2682 7302 12954 1692 11938 11429 11950 1202 16564 19637 12469 15032 10425 19142 8903 7370 14546 11479 10458 19675 10478 5360 7418 4862 17664 4355 7431 13576 12553 5391 1808 14608 14107 800 11042 17186 6951 16681 16691 9526 9016 14676 5975 11099 8545 18283 15725 16244 6019 7555 9094 15240 404 13728 14248 19913 17867 18902 4062 2536 13801 17392 1009 12785
1542 7177 15889 19991 17944 2585 7193 11305 8233 2606 1075 6722 16966 11846 10826 590 15953 7763 18010 6751 19555 14440 13936 15993 8314 1149 14975 18567 13967 5786 6811 3229 6816 6307 1191 12467 3252 19126 7356 5821 4284 12479 13508 14028 5837 6350 8399 11984 6878 17125 1766 755 19193 17148 16127 19204 14084 18194 12068 13114 6472 4427 12620 12136 7023 4471 14202 9086 5003 14738 13720 2969 12193 5054 2498 5076 987 18908 15334 18420 10741 2559
9228 1049 543 1570 8746 46 5690 19517 2113 578 5697 16968 6736 2144 10854 3688 5244 7312 16541 10914 4261 6314 8366 9919 16064 4289 9414 4808 1229 6354 10965 17622 17623 14043 1250 19171 5862 18667 13559 18172 14077 2814 15623 8464 18712 17692 4894 11051 2349 3379 17204 7482 18749 19275 10572 2381 6478 347 9069 4463 11632 373 6014 16255 8575 10113 4494 6551 7576 1946 17823 16291 19363 16296 1479 15815 14280 10192 18899 9694 15852 8685
19981 15376 6685 5152 18982 15402 13378 18500 68 2118 3656 4169 7245 2127 6238 3678 15469 4717 8828 17030 13466 157 12461 17069 14528 3266 11462 18121 1740 1233 15581 9442 8418 5347 11494 12521 6391 12029 6411 9488 1817 1818 18205 7465 10032 2870 316 828 11589 6494 3425 12652 19310 7534 378 13708 14220 7056 13203 16788 5526 5014 5019 2974 16801 420 9646 943 11701 13755 6076 13761 15812 14801 17873 17881 16347 996 9189 10224 18429 11774
4097 17424 18450 4630 24 11288 8227 16933 14393 9298 17502 7263 15454 6243 2151 12905 4204 18031 11887 1135 14458 17545 7819 5260 1171 19095 16030 14494 17581 5809 6862 19152 7376 3283 15573 1240 18155 13037 3826 14587 1295 18706 10519 11032 11033 11034 11039 10015 13617 10045 831 1855 4423 10058 3931 1372 8029 380 15745 10628 16265 16272 5522 14245 18853 19883 5047 1981 959 13764 11209 8656 4565 15324 9184 5091 13799 6120 3567 16883 9207
3077 2576 7703 7192 1054 2592 7200 18468 1061 11308 11313 17971 13880 19008 3138 19529 19019 10833 1622 15969 2148 11876 19562 12395 15980 5741 12407 13952 18561 2181 1675 7317 6300 9383 1204 15550 4804 11460 7878 14027 13516 19667 10968 8412 14051 13540 770 13062 5387 16141 8976 1301 7458 13625 11073 14665 8529 15706 8040 18807 19332 3465 9612 7059 14744 4516 2470 6568 12201 7082 11693 9647 9650 13749 7099 15301 7630 1000 7662 17913 3582
4096 11268 11785 3594 12307 11799 11298 1575 41 7725 11315 16464 6236 18016 18538 12911 1654 8311 3705 19069 2689 7811 4242 13973 6805 17052 17564 19618 15523 3238 18098 12987 12476 198 4820 10464 16104 3304 237 17141 3837 15614 260 10504 3849 14615 19736 19758 15689 15691 13134 6482 10579 339 14174 6499 16231 17261 15729 15219 18293 3452 9596 3975 5519 3489 7077 14760 12717 14778 4027 3517 19903 15827 15317 4566 9687 14301 11238 15861 10232
3075 3587 517 18960 13841 9755 11814 18990 13359 8752 9264 15440 597 19543 16984 14940 10845 607 11360 11361 4203 4725 16529 17046 6813 10910 19630 5297 14002 7345 11957 19643 18619 1215 1220 16589 15580 4327 13035 5359 1777 3829 15094 12023 15616 2316 18713 3354 4895 4384 15649 18723 7975 16172 1836 10544 9039 9043 1875 10585 860 10594 2402 3427 13158 11624 13678 19824 9080 13192 14734 15260 10657 11698 9150 9684 9183 15328 8675 2023 11241
8195 16391 19479 19491 17980 5692 1089 9284 16967 85 19551 10855 14957 5235 640 1153 13446 19593 11402 6794 5770 16532 18071 2201 19098 16546 1195 12979 7863 9920 4303 1751 19160 9949 10468 12519 8937 6896 13049 15123 8470 2336 7972 6445 13631 17218 19781 325 15693 14686 3938 10092 15215 12149 6523 6012 10110 18821 15250 5012 4502 18329 12723 11188 8115 4535 12737 17346 1989 2504 7626 5079 477 11235 10737 13298 11763 4593 7156 8697
9217 15367 8727 12824 13853 14882 6692 9764 19502 17969 14905 16443 14909 13898 2639 1118 6239 2660 7795 1658 8827 12924 11901 6784 17554 11941 11942 10922 10415 7866 12989 12991 9936 16081 3800 10974 2272 2794 19691 2800 13552 11512 3846 11017 782 15631 9487 11545 11556 19240 2366 16703 6980 4934 16204 10066 11602 10074 18273 357 8551 15211 12654 7543 898 3474 8085 16791 2466 14756 5029 15274 4041 18893 14288 6109 995 10726 3571 2558
16388 4620 10765 14864 18962 5667 15915 17453 19503 11320 16953 8765 14399 3648 8261 13896 13384 1610 16974 4689 15444 11863 5720 11873 8801 105 6297 17562 4777 3241 14508 19639 5816 3263 10944 8914 9943 5852 12008 13551 8438 13050 18682 766 5374 773 15110 12040 16650 8977 12564 8488 10536 19755 5962 2903 1378 14701 15732 17793 18819 9622 11162 3999 18341 2983 2993 5582 14800 5074 11731 10200 13788 10209 13288 3564 10735 5624 18939 10750
7171 2054 8214 12838 553 8240 19514 16447 17987 15432 8269 4177 3672 3162 2141 14433 5223 13424 630 10368 19598 5265 4763 3740 5794 17573 170 12970 4279 13534 12511 7393 14055 13038 8947 18676 18184 7951 5907 17175 5921 12080 17715 7991 9531 18239 5960 12619 16210 8544 17262 6003 14201 1915 12667 2429 19842 12175 15255 18332 5031 2984 18865 18869 2489 16318 10701 6098 15837 8159 4064 4580 3557 13798 487 3562 15857 9201 5107 12793
522 9739 11281 19992 10271 12848 9267 11318 4668 17982 11839 69 14413 8271 11346 11348 13909 15446 1628 2675 16499 5240 5273 6301 8358 3751 7334 19629 8370 18099 18617 1213 8893 11459 10451 5334 10969 4320 1760 6369 6377 7406 17653 14082 5890 19205 19209 10007 16158 9503 10528 290 4920 17726 322 1347 18754 12612 11606 1883 5984 866 12133 11623 15210 2431 19856 16786 10136 2460 4512 10665 4522 17334 8640 3009 6596 1491 19421 2021
7689 9738 8204 8724 21 6677 8215 15901 17955 18472 8247 16441 13894 19032 615 18055 18576 11927 16536 12448 1697 6825 12969 5296 4274 14517 11963 1724 5822 8393 3786 7377 723 1758 1764 19176 7402 10474 9964 1770 1265 14585 17657 6910 3328 772 14087 8990 4394 4915 3898 18238 17727 17243 2912 14691 19299 1382 5991 15217 6516 11142 12187 17308 2474 4525 9133 16818 10675 9144 10176 8652 16849 5586 11221 19933 18399 15338 17396
8193 7681 16908 18963 12312 10267 9243 4636 14373 16425 3628 17972 13876 6713 5179 9794 5711 18004 16987 7776 7266 11879 7799 17028 3206 6793 17551 19602 11928 15513 10906 18096 3251 18100 7861 13505 10435 9929 15055 14052 2790 16106 14070 5882 16131 17166 13089 17192 16680 19762 14648 8512 3402 9549 15695 12114 2899 4441 12633 865 16227 9059 15207 3439 18803 1908 7028 8567 8060 9090 12689 19861 17314 3505 13241 5072 19411 4568 17900
513 18961 1557 12309 11809 4131 6180 9252 15940 9296 12387 103 14952 12403 3194 11391 6788 13444 11401 8842 141 2703 12945 1183 16036 17583 6858 3789 719 17630 8435 15606 15098 13571 274 11539 10517 10522 13083 297 5933 19246 6968 18232 3391 8513 2882 14658 17221 5959 17224 11093 7510 15202 18276 9579 4493 9102 9630 934 6054 3508 14783 1475 11724 18382 5071 9680 8657 4052 13782 8154 16354 19950 5102 17906 4602 8187 9727
12807 17416 16401 2579 5159 1601 8773 10318 3153 9308 10334 14434 7267 19558 12391 2666 1138 15987 7289 1155 16521 17546 1165 5269 11419 9380 16042 11438 14514 10964 734 9449 3305 12014 19698 19199 5386 15118 16147 18710 17174 10009 6937 4379 11045 6953 15147 5429 1337 11582 2890 1359 11102 14177 11620 5484 17274 16269 15245 6553 10137 13311 14236 14753 16290 3496 11182 19384 5566 454 9670 18379 976 2003 9176 3558 14833 3069 9215
10252 6669 3090 8725 18453 17437 11303 9257 8235 1068 16942 13365 8757 19523 8274 19544 13922 10352 19586 12938 18589 14496 18089 19116 10931 8883 18622 17617 15057 726 5851 4317 9963 14062 17134 17648 12018 6387 4352 15620 6925 3352 19747 17190 10542 14645 15158 11575 15681 4424 1365 15189 11096 2907 10618 7044 11655 18315 18319 13213 2975 16292 422 16807 10684 8637 1471 16323 9671 7122 17365 19414 2012 16362 6634 7660 14837 4607
6659 19478 16918 14872 5658 10783 15906 556 14380 12345 10306 19959 5200 13402 612 5740 1645 7283 17525 9853 3204 10386 4762 13985 12453 13992 11947 2227 11959 1227 6870 16092 6876 19177 2282 14577 3313 9460 7436 17681 17684 2847 18210 17711 15665 11571 19261 1857 7507 6998 18776 8543 7521 15720 17264 1395 17277 2444 7577 10142 8100 4520 16305 4019 2486 16825 6077 19390 10706 17371 3549 16871 5612 18413 7149 11249 18933 1015
13335 10273 17956 4134 16427 12850 7227 8764 5694 10305 10309 12871 13386 19553 610 6758 11378 11382 18555 641 4227 13960 5804 1198 17608 3795 13525 8407 3803 16111 7922 9465 18169 9987 3358 19745 17702 13615 11062 3403 2893 19281 14674 17239 8538 10078 7531 10605 11119 5488 9599 9607 2451 3988 9115 5022 17311 9130 11189 15801 18366 16837 10181 970 15307 6604 5589 478 9699 16869 6632 8175 7664 11766 11768 2554 10236 19453
3586 14874 5164 4662 3139 16453 1093 12362 17491 5206 13914 9819 1631 6252 4721 6771 14465 9858 9866 7833 14492 7332 2727 12462 5806 17589 694 6332 13507 4818 1235 5845 9437 5344 8935 7911 14569 5878 13564 3845 9990 11020 4385 9510 10026 12079 11580 16209 18778 3930 8546 5481 19306 2922 18797 13696 15236 11659 12685 16286 5538 13744 17333 15287 16827 3010 19910 19401 6606 4562 8150 9686 19417 12257 17381 11755 11759 1533
11780 1547 12812 9237 17947 9254 15400 3625 11828 566 17472 8258 6727 3657 7251 5218 15463 15977 6763 13421 1650 13938 10369 18086 5801 18093 9405 2766 4307 11480 15066 18652 16094 15584 13550 6894 6899 10995 6934 8984 14109 14627 19238 3370 8493 3906 11081 8527 8528 16212 4444 13172 10104 3973 6027 17294 19355 7587 12203 8626 3507 12726 9657 16314 9147 961 17367 12256 7649 7139 2027 16364 6124 14830 10734 5108 19454 8191
5 1581 12343 4670 7230 12354 6218 7760 12881 16979 7783 2152 14960 8308 18052 2199 2712 17053 3230 3232 13987 15532 10419 18626 12495 4310 3321 4346 2816 18696 265 14099 16665 18204 14621 4901 18729 19756 1324 3372 1840 17202 3386 10239 10558 5440 2883 2374 8523 9042 18259 18773 9558 7001 1374 10080 6498 9065 14194 5491 10623 12692 1949 17825 14757 10152 16300 12722 17844 17849 14279 13260 2540 14320 3059 10234 1535
5634 5128 11284 5149 15393 3124 17473 17480 18513 5204 7764 14424 19045 619 4716 4210 13944 13439 18051 6283 7826 15508 1685 5784 14493 7328 9377 3748 7874 7882 11999 19167 18145 14054 19687 745 14571 243 18695 14602 788 2341 14125 10560 18250 14667 13142 6486 4964 14183 8552 5480 17771 2415 3443 2938 382 11658 11664 19349 7064 2976 17828 12198 1454 945 13235 12221 451 4044 6615 12249 474 11739 19946 12786 17404
15882 6154 18959 2593 19496 13361 18485 10809 2119 12359 6220 15455 617 18545 18553 16517 8326 9861 8364 13486 6327 6842 17086 13001 202 10955 14542 19682 13030 12528 245 16630 3320 1812 5923 16682 12591 17200 13105 6455 323 2891 9548 9047 12631 12125 7008 14695 16243 15739 3454 17278 6529 14725 6542 10639 3478 16283 9136 19383 15800 8124 12224 4544 5057 14790 13254 15305 11210 17357 15841 17383 4590 13300 1014 15863 3583
16384 18945 18955 18956 16399 7185 1042 7699 11796 15381 8721 2072 6168 15910 18998 6207 19011 10317 623 13939 3702 19576 13432 3723 6802 661 12440 19614 15538 3269 716 1231 5335 8927 6880 14049 17640 19182 12530 5875 17147 19196 10509 787 1832 2350 1839 12595 13107 16700 4926 11079 15181 2909 2409 19821 16238 367 19312 13176 4990 8074 19852 6035 18845 5558 5575 18377 8653 9678 9677 15318 9196 2031 1521 14327 19964
8706 19460 13833 12811 12818 10782 7712 9761 14894 2613 7228 17470 2630 7757 10830 9310 10847 14956 4728 1144 12927 17549 142 3217 17556 18581 19606 11424 5814 16569 8378 17088 12992 718 9431 1243 15070 17132 18160 9458 2297 6402 14597 11022 8472 19743 8995 303 12091 8508 16714 3915 18777 8537 9564 4453 16744 14708 18299 8577 4997 14216 15757 10126 10647 9134 10690 18892 12750 1489 18388 16343 7129 11226 11247 1012 16374
3842 7939 5123 13060 18437 9860 136 1034 4876 15117 17678 5905 11666 5010 11027 660 7316 2710 3608 13849 1434 3480 17567 4256 3105 10018 4899 15012 16299 1580 19247 14642 14515 13875 16565 14902 1844 1592 11187 5684 6461 5058 18243 4420 6724 10948 11591 6348 4686 10063 8400 8910 17747 17876 17621 469 1496 14553 10714 14814 10466 13795 228 12518 1895 14568 15721 10218 13547 8303 6128 4600 19705 14971 10364 4350
11649 7297 15491 3588 7170 12038 4231 5636 9993 12042 15884 18702 7311 6007 19601 19603 532 19733 10390 10264 11800 14618 5403 17694 3614 5535 10786 18605 18992 15921 947 7604 2356 15027 12599 11832 4413 4542 6334 6592 11971 3268 12869 16070 19015 14535 6214 715 5324 16847 16591 4176 850 3282 14680 605 11230 11998 98 15714 10981 7805 3943 2539 14187 19438 16110 4208 8688 14199 19833 16123 19708 13693 7937 3199
9093 6406 2441 5258 1676 14605 6541 6289 530 13457 9875 7958 19223 3353 13722 18846 15262 5918 8353 19362 6436 12841 19242 12204 813 14254 6578 4531 4148 821 18610 1593 7738 12219 7868 9913 17215 19010 14914 16069 7366 19911 11976 73 12357 13642 4039 4812 6982 17743 7503 7880 11007 15060 1621 14679 3159 9816 16089 11225 19040 737 17504 3168 1632 13664 5604 19432 13800 19054 16371 16245 18809 11004 19326 17535
6657 14339 6787 13828 17286 2055 5384 394 14218 19467 2445 4750 12687 1424 4496 6162 12051 9364 4241 14230 15896 6425 15642 6298 6299 13212 9881 16670 2720 928 6050 3104 804 11172 16809 9898 17963 10155 15278 5040 820 441 12607 4545 9281 1091 1092 15944 17099 14668 8139 13519 19280 10448 15441 13653 471 13656 13400 7514 10332 19036 3676 7004 8670 12386 18405 7914 19823 7794 16885 12406 4342 9081 9463 11006
14464 1281 18307 644 14085 15749 12551 14856 5253 140 7948 7440 7954 6291 10004 12053 3485 19998 13857 18851 2215 17576 19625 3753 4905 17196 15150 8750 9779 5174 7095 18616 185 17209 9915 13884 15933 6715 13503 9025 3394 19907 15044 17220 6341 16709 14664 11722 17098 6605 5456 10583 7768 12120 4311 3291 5210 19165 1119 14048 12641 9056 9317 7656 17387 10606 4974 3315 2036 5748 12918 18551 5112 8444 8189 10622
2 4995 14467 1796 2183 10887 17802 2827 19724 3853 13966 18703 7946 6931 11283 9620 6679 2840 1436 3100 930 2982 18300 16041 7977 8491 4778 6700 11695 16688 5682 822 16950 17336 14520 5562 2743 2748 7353 7615 6208 14785 3522 19656 10570 15437 7546 19155 11220 10067 13910 18394 14941 19934 10335 7525 15335 7527 10600 17642 6891 4840 3565 8297 13039 9583 16240 14063 3440 7921 15093 6650 10619 6780 9725
14850 259 19588 18571 2575 14863 13969 9744 17683 10260 3859 16659 9240 19482 18586 6047 13217 6946 9124 15653 5287 11048 9767 2730 9132 8623 13487 7599 14130 18355 3634 9522 7349 10552 442 13244 15806 7486 10816 8000 16067 18884 9028 9925 17091 13636 13770 12491 16460 4938 13013 4057 7387 19803 2019 2405 231 15208 2665 19434 13548 15726 18158 5231 11633 8690 883 11891 12526 14961 10610 9849 17915 4732 895
13825 17666 9474 8834 13829 262 7685 10888 8585 13962 2572 3596 19214 18832 12434 17942 2715 17821 2461 8223 11040 4641 12962 6049 18980 17188 17323 4782 9473 4912 17329 13747 14389 19640 15290 2490 7995 9787 6593 12355 15942 5703 5705 15565 18125 5454 10960 11730 19156 12756 12758 6101 2139 3675 3806 15712 1122 11363 7654 11751 4200 13807 16751 19185 19954 15474 3188 5363 12022 2039 8056 3446 3195 18428 12159
11394 16898 19330 18311 13448 12041 11274 4747 7051 1169 7058 17300 2454 5783 2583 14745 11674 15515 11675 9884 6556 926 9758 8730 9251 18085 13733 16422 17064 3239 7080 5676 12590 2225 1971 15285 13110 10294 8886 5304 2747 17340 12861 576 10180 4805 15559 14154 2378 9803 17232 9168 12370 3542 16088 18524 8289 19685 19047 2919 8169 4456 17133 496 7152 19186 10740 7797 7670 4215 8310 250 12541 8447
9601 11395 4101 10117 19333 16776 5254 7947 8716 10637 3854 528 2961 19477 16406 9749 6171 12062 18211 4387 6440 12972 2733 4142 8751 16945 561 1201 9908 3893 3763 5426 18360 18746 1594 14524 9790 9536 6850 579 14917 8902 5445 4936 6089 9291 18512 13649 18130 212 16341 18266 9565 17633 6242 16355 17636 4323 9700 5349 15336 1385 10347 6507 8557 12143 2804 9716 2294 6903 15096 2934 12413 5502
16386 17284 19589 15494 17158 9864 4999 16394 9095 19468 12556 5262 8592 785 16017 6803 2708 151 9367 18201 16792 12317 14498 163 16420 16931 38 2342 6947 10280 9895 17324 12716 4014 11949 3506 18484 3892 10423 953 956 10556 19648 4291 8005 17605 5446 2636 16717 15310 4814 12110 6866 19538 17492 10453 18647 4312 18270 7007 16481 19814 8679 488 7273 5482 5352 8044 6258 16372 6900 13686 18940 1407
8962 4357 16392 12296 4616 7179 12686 5392 9490 18195 17812 2067 17814 7319 17301 16663 410 4122 10010 17181 7455 17952 14112 16802 19235 8356 13862 7078 12840 6699 7986 7733 4793 14906 957 11838 4798 13888 11329 15554 15938 10183 2123 15436 14669 78 3787 5328 19031 4183 7386 9050 18780 11228 17758 6106 2016 2530 3300 1509 1765 16101 3047 1897 9577 13419 12396 9709 8061 9844 19190 4472 9978 17533
19457 16647 10760 3209 6029 19471 18705 14483 3347 10645 10262 13596 4511 3875 19748 12196 9726 2986 939 11056 9649 10674 12336 2736 5556 1207 14392 8889 2361 1341 9151 4543 12097 16194 15481 1348 837 15300 15174 5573 1225 8779 15435 13261 12494 3660 3147 18510 13647 18000 9164 594 9041 3540 8533 13654 16602 5462 7893 17753 13149 3422 7519 6114 14819 18023 10601 8173 9454 11889 5621 4597 17273 18046
14336 15232 15747 11910 7432 4233 3983 8079 9234 15635 531 5780 8087 2584 9370 15900 2463 5026 8867 8098 18599 7207 2089 17707 6187 1067 17330 2226 8754 19769 19515 11323 19778 9924 15943 17352 19912 17737 2632 6859 9421 14926 5199 1103 12625 12757 3929 14810 12507 13274 11356 7260 19807 14178 1890 6373 10982 6118 3703 14186 4588 11629 7151 14705 11122 19187 12273 2422 1911 12280 10235 14588 3581 18431
9731 1283 1674 14860 14221 19725 1677 15760 3213 3730 5904 13204 4629 6935 11031 9623 4376 16040 10024 19882 14251 18092 11181 7727 4656 8625 11954 7987 5938 6703 9399 1591 5946 4026 7229 1603 19908 10950 1352 17226 5322 8526 14799 1742 337 14163 18260 7252 11735 7384 3928 8925 991 16480 17761 10465 9186 2787 5221 1638 993 15594 5098 10349 14573 12015 2034 4984 9461 18166 16759 8440 7157
13568 5121 4992 8963 12804 1925 14214 1028 3720 13577 4497 14739 9468 17430 16152 12825 8986 18714 12827 10012 19999 14495 18337 2464 18467 16679 9512 18218 19627 43 11566 5423 14385 5169 3635 5298 19511 2488 13627 17724 17341 958 11967 19136 19653 17349 6601 4682 5578 19150 16336 7762 15188 8021 15325 864 10336 11234 1124 7012 1639 10731 11756 5998 17391 16880 15218 15731 4211 379 7804 3965 14078
17792 15361 13318 14598 2056 15752 6026 8971 13703 10255 8593 10258 16787 2705 3476 5906 10140 4509 2078 18335 18848 2589 2979 19621 12582 18342 2601 18221 9262 18351 17201 13106 10034 2357 6070 9655 2363 573 317 5567 4416 13893 13382 966 13000 16201 19273 17866 5193 1867 3145 7758 14671 1106 2259 15443 14677 5590 2262 13530 9182 17375 9572 3175 15558 17514 2795 2157 16497 4339 3575 16250 7548
13569 15495 9609 3595 10123 7565 14478 6672 5393 15890 14227 10387 3092 406 13075 11025 5401 5914 5785 7701 18336 10659 3236 18088 5803 5420 8110 6449 5940 53 5685 4918 18103 8375 3128 10426 7477 6460 15422 7742 12735 6975 12738 3907 1350 7368 3662 10575 15700 15061 5972 4825 14556 17501 11870 16485 17254 744 19945 9704 14060 13040 15601 1141 9078 16629 17016 19573 7860 7547 2678 10365 5119
19840 4739 10372 18180 8583 15626 18701 8205 1551 17426 7704 11802 8604 16674 19236 1572 9765 679 13993 5162 10411 12588 4913 17587 2996 14132 695 12729 11065 16699 11196 7867 2238 16956 18496 7745 10178 3267 196 2116 14916 4550 7747 15561 848 6097 5330 12499 12116 11733 3798 12503 6490 19035 8929 16609 14139 11492 1641 12649 13931 9836 13932 15468 17263 1647 14057 2929 16496 4084 15989 7929 19583
17024 16257 16642 13315 2433 2564 2950 10631 18952 524 11661 7824 3088 15252 5140 6294 5141 280 8985 8093 10399 6560 5540 18471 10664 11304 14967 18476 10925 302 15277 8498 2101 568 2745 14396 15038 4414 19776 1478 455 1607 5066 1995 15567 11856 10199 17112 17241 6618 14296 3548 3801 15326 14432 3554 8445 2279 14696 4711 17130 491 18412 11627 10348 9707 114 7031 3577 16636 12285 2047
13316 15621 777 7306 10892 9357 9485 18040 6164 3221 15510 3223 1050 14363 13082 8858 13566 17444 5413 4006 8232 1579 16044 15533 11052 1837 9775 18230 14518 16056 15163 18237 12477 16061 2878 17217 10179 17733 1606 2759 18248 15049 8517 13900 14285 9294 12751 5070 8145 8276 19669 16982 5080 473 9434 9567 9440 2017 5346 4321 10086 7528 6249 19307 7787 17135 4847 6898 16118 14456 16891 13182
7680 19329 18050 2051 3585 6530 391 13959 8968 10378 15755 6668 4880 16146 9242 16026 27 18972 10269 16926 7456 6820 7204 1190 15526 4647 13611 18220 5163 9004 11823 11569 14513 1972 9909 6196 2615 7092 9658 10427 14269 14014 5956 453 14022 14719 2120 19017 16072 1480 16716 18895 9681 8146 15314 2138 16861 222 18398 19041 2914 11622 3431 13928 4841 3949 4604 371 13561 1659 14204 17407
14341 3590 1545 11914 4749 16527 16534 6295 15512 4374 5530 15643 8091 541 14366 16287 1058 4644 6181 5910 11690 11691 12076 11309 15534 9263 18608 2229 2742 9656 5693 3265 12994 1605 8006 19657 6090 14538 18508 19279 19664 1618 5715 8534 1623 11609 12634 6235 4059 10077 479 2655 6113 7137 19811 11519 3174 19561 16874 10217 5610 238 9711 15855 633 8434 10743 17145 10746 7292 6526 19967
764 5637 6918 9593 14474 270 1402 7313 914 11411 18578 12691 5529 5913 5146 4121 10909 4767 8610 14755 7843 14629 6822 3498 8109 7343 10287 18995 2355 9523 9402 16442 5564 9533 7998 11257 9793 11201 7361 1860 456 17353 843 17228 5707 9547 16848 2643 15316 2261 87 15191 6363 11489 12002 2913 12259 8803 16998 18152 17513 10091 16621 14832 2803 9715 761 13430 15479 1145 6906 9724
17665 13953 7427 4870 8 13834 5130 13327 12304 10769 5394 17682 16790 12314 795 19995 2845 13597 2590 1321 4652 11692 15791 15157 16695 3769 3899 9019 16574 18370 19140 12741 12103 10823 16585 19786 2379 19918 17871 17103 19537 10447 7631 2132 6484 5078 18903 9815 2009 91 6108 8669 1630 16478 14304 16096 7778 7773 14182 15719 6633 8556 10223 7537 19314 19058 8050 13682 19063 13048 2811
6785 18690 14466 3332 15493 17413 6531 15365 5769 6666 11 11656 10373 5893 14222 15375 9615 8596 7445 16922 3483 12188 2077 13856 4645 4007 8487 14891 7979 18991 7984 14768 1586 7478 14136 2874 12733 14397 6847 7616 18495 5699 15302 967 329 1355 9479 3150 11599 11343 7634 17619 1877 5463 9691 11996 17632 12258 1892 18157 5229 9326 15216 8689 1396 19192 9209 12282 15099 17916 11646
10240 4229 11398 15238 19462 10890 17 12308 10518 10646 16668 11165 5920 9505 1315 9514 10027 7214 9903 2096 17712 9008 19891 7476 12084 15670 311 11576 3642 8763 16188 14653 577 8770 18755 12868 1863 8264 3144 842 587 18378 4941 2687 9809 10963 19540 10070 19158 19672 18526 18015 13152 1120 13282 17123 14307 485 14309 1255 2786 6631 15466 13163 5354 11501 19953 5239 10360 11771 17663
9600 3331 13188 134 392 15241 5131 2446 9231 9489 2964 19093 8599 11166 2465 16162 2210 6520 6182 13863 9128 3369 6958 9396 11192 14650 2746 18623 19392 3135 11714 10947 4803 17860 7364 9413 8007 8647 10437 74 19406 462 2126 18515 16597 15957 17879 4949 12765 18912 16994 15459 17764 15589 19941 17894 12776 18025 10978 12137 7014 10604 366 1139 12661 6774 18935 18808 19194 11131 9981
15489 6532 3079 6280 16778 1931 2826 7053 13073 15767 5017 4890 18719 3360 18209 2079 803 12966 12712 3368 11822 11951 12464 9265 2224 2994 18612 9525 12214 11703 7737 827 9277 321 3011 9544 16712 10824 5580 3405 18126 17359 2384 3023 979 12372 213 6871 17495 10071 7385 9559 1113 3630 3679 7264 5990 12264 7274 10090 19694 381 6773 8054 4726 11513 3066 13563 14460 18301 18559
6016 18177 5377 11521 1280 6664 9720 19851 13582 6160 5142 17047 16664 18198 12822 667 10268 11933 4253 8609 6563 5796 19494 13865 3242 8106 12075 7086 14383 6192 15284 19765 13750 3895 4790 15677 6590 8127 1729 11074 3140 2501 5957 17865 4171 11211 19789 14033 18261 2399 8928 2529 11746 15586 13026 17252 4966 7135 5353 13162 8302 14319 19056 15985 13935 15350 10998 248 13181 3327
5760 17539 19972 14596 9734 15368 18570 19340 3724 10124 5135 18321 4372 10903 17434 14747 6052 9511 2426 1973 17467 10301 5438 2239 5312 3136 10818 16451 8388 3914 5452 7887 3791 721 3026 14035 12628 6355 7127 472 17113 5593 3288 18907 13786 6749 16605 4191 2657 18530 8290 11747 858 18786 15461 18665 4329 19435 6635 17258 15470 10607 8431 3311 19700 634 7800 4857 3962 1500
18944 16513 11012 1668 1414 4487 6663 14348 6157 11918 5778 3858 17429 7063 4991 15902 8736 15777 17697 5536 18978 9506 16166 7596 47 817 10417 14008 19129 19130 15802 15676 15679 14271 9537 19522 4167 6217 6221 18254 12238 11725 1492 10196 18390 18007 17624 5591 10330 6746 10850 12770 4708 10213 6372 6370 7779 2658 13804 12397 1903 11760 19057 5618 9713 18036 15866 893 15230 13183
4864 13186 13698 7304 11404 2188 6540 15119 11152 14990 19219 8726 13847 17816 1945 6557 11296 11936 13218 4514 7592 17065 9129 13867 17708 6956 6444 5425 2739 11702 951 1849 18490 11835 4028 16445 62 10430 3390 9023 8769 8251 14907 2756 14918 19783 12616 14152 8134 16844 205 206 207 13773 3534 8658 17364 2133 6229 10461 18654 1762 5093 4326 16741 8559 120 10489 13306 12414
17280 18689 12295 8715 13196 13965 17423 5264 657 11669 1785 5015 5754 1433 9625 6683 5277 12958 12574 15647 10913 16039 17832 7976 7338 15148 15021 8622 16302 6833 8758 439 16957 832 6082 4676 11206 1353 18639 18386 3667 9812 19670 2137 2649 17627 8921 4574 2270 11488 5089 13794 12895 10469 15080 4714 5356 17773 1389 17007 19442 19955 10228 2932 7798 10483 1017 1529 16634 13565
8705 12161 5510 16007 19207 11272 7564 2061 8206 8848 14225 19474 19859 1684 10135 13084 13340 19612 16159 18081 4771 11044 2344 7466 2603 304 4272 2228 8761 13757 18240 16320 19650 18242 14149 1094 16711 18502 13253 9805 9550 11471 3959 16337 596 12245 986 9566 19808 10849 3812 2532 6885 4455 4586 18284 11502 9070 18671 14703 5105 4592 16115 15859 3187 6775 14712 17013 13308 3966
6400 3457 12546 12419 1538 14213 17542 15109 519 6789 3466 6024 4484 11149 9991 1292 2960 12813 13842 6419 10775 13593 12963 7589 10795 9260 14640 7344 9141 10421 18361 7611 16572 16701 12990 12608 19009 16448 16452 19526 17478 8904 12106 16588 19148 4174 8141 12496 9426 10068 12373 7512 3673 3674 5471 12768 4704 15970 6115 3936 4067 12266 18670 9586 15603 11127 18937 4347 7807
3330 13059 4354 5381 4615 12 1420 1167 11409 15380 18197 17302 14614 1912 19739 19615 10400 8735 6178 7971 15529 9002 14635 4013 18350 1070 5166 15537 10029 2611 4909 6716 446 2879 16576 15808 8126 9792 19268 3909 17222 2629 7752 3397 8776 1739 6856 3021 17486 5839 5588 6103 12248 19290 17754 7905 11106 16356 363 16747 4719 2547 5876 10101 16502 11895 19064 12284 14589
11136 13697 17794 16901 17926 12678 17799 19217 6418 3990 7318 1048 11673 18076 5148 11036 6818 1060 550 15401 3626 4009 15276 11821 13228 9901 18863 12720 18864 16431 7859 8880 3765 6829 15283 569 14782 8511 9662 9921 10190 12497 13651 5843 17109 4437 3164 3932 9436 3041 99 5220 4707 486 15079 14442 6250 12780 7405 14575 17520 1394 9587 15346 17017 8698 13691 1404 10367
11777 12545 388 13957 3208 9352 12171 5390 13054 6161 15378 8467 2450 14996 8854 4759 1686 12441 26 18588 3103 9504 6434 11939 1958 8361 1066 7597 12334 2354 19379 1460 6707 18870 1590 16573 10046 4419 7365 12104 6730 12364 16846 18640 18641 16084 8791 18135 12505 5467 5596 12894 12126 1252 17637 18532 14823 19049 6253 18030 11374 12909 19701 17269 6392 1914 3835 18557 14462
5504 4865 14723 4356 10885 1926 12932 11145 18825 1546 16140 13325 9740 2063 2321 9106 5267 2069 8341 19994 1179 5020 2717 10654 17695 13983 2337 3745 1964 6579 14005 12086 19255 17463 18872 19321 13887 10175 12353 3264 1859 1732 1861 13762 13123 10312 5961 14922 4043 9676 6094 16720 6096 1620 1498 13146 8158 19295 1249 5602 13665 17892 6882 13671 7145 108 12151 18681 12797
17281 16003 261 12425 19595 16396 1164 3084 11282 12050 4244 18325 6427 12572 5021 3357 7069 12833 15138 10403 421 8744 12457 5034 13353 13226 12971 13738 10543 4271 6835 14772 17973 1461 9784 60 1212 2365 7484 10748 16834 12999 10185 8907 14798 8143 16976 17102 5457 5718 13014 14168 17370 7262 17249 14050 14818 4197 13413 4202 16236 10991 6639 6385 8432 1783 6136 3068 5757
3329 15618 5889 8578 18950 12429 1040 3091 11156 5653 17151 791 19097 8092 15264 15776 3361 4519 19371 14893 1709 560 4404 13877 18359 7736 6200 7996 14013 12605 13117 13376 14017 445 7997 6979 9285 4287 12105 14925 17235 16214 18774 1238 8409 8408 19455 7039 14429 13021 13791 5598 16740 19430 3687 19816 17896 17768 9960 9708 17901 17646 751 1649 2674 19829 7542 9979 16895
4481 642 4228 17029 7045 19463 3848 19466 17163 4748 19597 14610 13331 17558 2839 11158 17824 1952 12834 18979 9507 8482 8362 4906 2988 18739 6067 18742 17206 11446 8122 1978 8641 12610 6595 11718 3271 19914 3019 7242 7759 5969 10578 9939 13396 18775 11994 19547 5722 18142 18655 16226 3811 15843 18661 16742 4325 15976 11497 1004 4332 17518 12268 10098 10482 10612 9335 15865 11262
10496 13441 10754 5891 774 7559 267 17292 395 12045 5899 18064 14737 15502 6670 894 1432 8216 7065 18075 3101 31 16671 14372 12197 19374 16815 1663 7089 18613 18614 6709 18362 1467 14780 6205 449 580 16071 7624 11855 18896 728 2392 218 4187 4831 481 226 17507 2283 10859 9581 19948 8687 3183 17516 12017 14829 18292 13297 7409 15480 11641 5499 11516 254 4863
10884 10500 17672 5129 10121 5898 5513 11021 1552 16275 7444 1046 1815 19352 12438 14106 18584 16796 19742 14878 1567 9121 3364 13093 11300 19111 6062 1714 14003 7474 18101 824 10553 6331 17087 4031 18497 6851 15557 19018 12746 9034 19661 9038 4302 16592 13390 9554 9171 982 10329 14554 4060 17887 8034 1763 15464 235 15339 17517 12016 13170 18931 15220 10103 4730 4219 10495
1026 5379 4733 1670 18566 14985 18057 18446 7823 3987 2196 4117 19094 3734 13464 3097 17691 4380 1052 14624 4260 17958 13736 8872 44 13614 3762 16434 15797 10805 8760 1595 10812 10688 5570 14659 7618 197 15555 15609 19146 19276 10958 9172 13143 217 7644 15741 8926 4578 18404 3429 8294 13156 11493 3689 3819 4844 4845 750 16494 17399 628 11380 10999 377 13821 14079
12675 8584 16021 19610 14625 5793 17790 10660 9638 3112 17961 1833 5931 9007 52 5557 3125 5944 16440 11833 17595 7355 4541 16702 19391 11579 4801 11325 2371 6337 7357 12870 11080 16329 19658 13643 2252 17741 4942 10959 5844 18263 16728 4439 14042 14811 6748 17883 16477 8286 18913 16225 15974 7144 4330 2923 11882 3822 8048 8049 16370 5746 11252 15734 6390 6265 11390 6015
13057 2566 903 390 1671 1549 9230 8594 3093 15382 10263 5402 10907 3231 11427 11683 8357 6694 15656 9001 13823 2861 15022 1327 5937 19890 6452 10933 9398 8632 15293 1473 2370 707 12484 5701 7750 18886 13255 1737 14026 15308 10700 19409 2772 12886 18391 11872 17634 8292 10470 1511 3176 2280 10475 6892 13675 17903 2927 9456 12658 19571 19827 3061 13046 7415 4216 10111
6786 12035 19078 15239 14983 2438 12426 8330 11530 17293 8454 18579 17172 2709 17686 9238 12696 4249 11157 12567 1948 19101 15645 12831 7452 15522 4386 4772 8229 8616 9773 13869 9138 2484 9781 7735 7098 17725 16192 3521 9538 11717 9160 5708 15053 17744 8788 15830 11483 15197 8033 17377 2659 2020 6755 8678 19048 2026 1900 17389 17005 9071 4209 5234 14836 10613 1272 4735
12288 6656 1539 18179 16004 3843 15242 19596 5143 19224 6809 16409 14491 13601 1954 4769 18596 10148 15403 2091 2095 8369 4787 19252 5303 3000 3513 19386 6202 14652 9022 1983 17985 11458 12865 14786 15428 7749 8386 7881 19274 12490 12361 9673 13391 3920 5458 8664 5849 12123 7132 15453 5342 11231 11104 2401 1634 13410 11368 17645 1006 17395 16116 14068 5622 1271 12409 8959
18688 7553 2946 15492 14470 14344 17033 8830 651 15629 13198 15503 1811 9363 13843 9369 9241 8219 7582 3359 2848 9123 19243 14764 4139 7339 19377 16563 310 14263 15929 12860 17345 8130 13892 17223 1865 5706 4426 4683 11851 3794 17363 16083 16725 467 11607 10835 15486 10204 5341 2910 6366 19425 7777 8548 9319 10220 624 18801 4595 12276 15222 3190 12920 5114 14334 15103
17408 12291 9348 6149 4 6920 11913 2314 5640 5752 7567 14482 1683 5398 1942 18073 6943 18720 9247 18855 16168 11816 14378 15273 16561 12600 8125 18879 15552 10434 14275 8518 11207 5448 1735 9289 11852 12109 17105 13266 13907 13526 6360 19289 8541 18781 5728 16737 11362 13409 6886 8425 14955 2155 18798 2799 15345 18802 626 19443 3697 14450 11635 4856 16757 8700 6911
11137 386 14595 6020 7430 7 6407 13319 14982 2186 1803 16524 4360 10249 2448 9361 2320 12179 7188 4245 11287 16280 4633 18587 1053 13982 805 13991 1662 7723 1323 15789 13102 5035 15792 3887 18302 10546 17332 5042 5555 10169 17851 14140 9403 10304 3529 4557 14670 846 11214 4431 2513 11995 19293 482 8619 6119 19431 7529 7658 10736 14066 6901 13434 13436 9470
512 17409 3202 19844 8199 3722 11917 13454 1935 3856 658 17048 6936 793 7578 18715 16028 2718 19102 17443 10915 16550 1707 13356 2989 13870 3247 4910 1841 2610 5932 19767 17592 15928 13242 6972 9917 8510 6591 6977 582 5449 5451 18128 16596 11478 15064 5850 17885 18141 7390 3296 2784 4344 18789 13414 358 5735 10986 7786 1133 5230 8304 12152 14714 17661 17022
13699 5508 2823 17928 779 8846 5013 13336 2204 4637 1437 12320 18849 4642 14243 16169 19497 18347 8618 19501 19373 687 14384 5039 3888 14259 16948 8497 17974 7223 2102 5432 58 1722 12341 16829 8768 17986 5443 11588 4166 3910 18632 6344 9801 4811 18265 15964 7422 19936 13921 3426 9315 3940 5474 4713 15083 4331 11503 7280 16626 19316 12916 17527 2298 15102 2943
11010 1157 11654 1031 9099 7182 17167 5647 11921 14354 9594 19228 19103 7329 12325 2469 1576 5928 7340 9389 15662 14639 1966 9772 1332 4277 1335 697 2233 14395 6397 15039 17344 7873 15684 2373 10438 8645 9161 18509 591 7380 11734 14934 2650 3802 10462 4446 12515 18277 18918 13287 16232 8038 18154 8940 3182 5104 16625 18290 15091 12532 15862 17786 15355 8573 1278
12162 8453 16135 5255 17289 15113 10375 1548 7178 11150 10894 6288 8850 10771 5396 10900 15383 7831 3736 15386 10651 11164 18463 1695 16805 4005 14246 7206 7594 3501 11055 10416 8881 3761 17459 13363 7989 16824 15545 8379 15932 2620 10814 16959 8385 6083 1222 6598 14663 15175 19659 4685 18518 19291 5854 9825 9826 16867 9443 13670 17770 1131 5226 2797 4731 7279 8059
3200 8321 17410 8835 18048 10629 4353 17543 5122 2057 6403 10251 5772 12299 13712 1425 4501 10134 4250 15259 12191 19237 14118 7591 16423 18857 19115 6577 12594 9268 9780 12598 10806 1208 11322 699 3645 6720 18113 5314 1217 4164 13765 3782 15177 14283 8780 16461 6733 9167 6611 12759 12632 2265 3034 6872 4447 16097 4705 11878 872 13032 2538 7403 6388 6645 14966
2176 10757 17541 3336 19337 12681 10507 18327 10904 1816 2073 2842 7834 11428 10788 9766 19239 16167 2343 5415 14379 18861 17838 12982 4023 19896 825 19258 8376 6330 3773 3134 13119 11194 17090 5188 1609 4428 17231 12244 14808 2777 12890 8923 10587 5848 9438 7005 10848 4706 355 16612 18150 16360 14441 14058 8298 19183 12921 8818 16886 18679 9976 15225 5498 5367 15228
10626 6146 17924 14852 3719 9351 4617 2313 13451 2952 653 7950 7183 12177 16151 15257 282 7195 15899 19486 2591 6177 15269 18600 7722 9771 18606 2865 19508 17588 10493 16954 1980 2621 15292 9663 18112 5313 1474 3908 2246 12230 12232 16969 9287 19149 18638 3279 12749 4304 3924 18389 5599 13153 8806 9192 17897 3563 1901 8943 9968 498 17652 12792 15867 18685
5763 18308 3461 6279 4232 16393 14475 1035 18320 14865 12690 4886 10391 5654 9494 14237 17318 16297 2475 6828 174 8628 11700 15547 11452 3392 16833 19521 8771 13510 18504 3400 1099 16076 12621 14029 13646 19535 12624 336 3788 12236 4306 8144 4951 14550 18519 11861 1753 1242 18523 4828 6619 10972 9181 14564 14565 5351 871 13290 14167 10353 5874 18675 14711 16376
5505 2817 12034 2436 7560 14473 16010 13323 2702 4756 3351 17563 4893 4383 12703 16417 13087 9375 4390 2473 17710 6831 2607 6777 8373 312 15289 7481 14777 2876 188 4157 4799 14716 14845 2755 5702 1098 5195 12363 18132 1876 15063 4823 4313 14170 8919 5214 14047 3167 9953 16866 4450 9062 1767 3816 18153 3050 7655 4337 1906 4854 16761 891 892 7933
1665 7042 2693 14859 8591 9104 1807 8338 14741 6166 11671 4632 11929 1303 6812 927 3871 15521 19746 14115 17957 9639 12329 11563 7469 6576 2487 10042 4672 16326 4807 16584 8137 13514 332 13135 2257 5459 4181 18262 19927 5977 2266 7131 1248 3552 15842 12642 3428 14822 8167 17000 6375 9450 3307 17772 11886 16367 19696 18162 18547 4594 2805 9467 638 9343
2560 19969 10753 6660 1284 4996 10886 18312 3082 6799 4112 16273 17810 8595 6804 16533 12819 8471 18328 4887 5271 16411 1438 419 15652 2854 6313 16554 12459 18862 2935 3381 10807 16697 14265 1211 15421 15294 12742 13129 14155 13517 14416 15954 15315 724 14804 8790 17751 600 12754 9942 7123 19548 12252 4965 236 4076 6126 10097 3444 5493 18167 8186 9854 1919
8960 9856 6148 11527 12680 8586 5900 9101 16526 17914 7315 10389 8086 3863 7196 7197 18343 13355 17068 4397 4017 11185 4405 11958 4024 11066 2108 8256 5825 12096 8259 16836 11200 4806 6855 18760 4681 18757 12235 5068 11844 15826 9811 14164 7638 18906 19804 16862 8160 19426 8037 15591 13289 1258 3308 4207 15983 4596 18164 11764 9719 10997 15737 18170 19836
16387 9862 5383 4872 5257 775 16139 17160 13710 14736 18449 12561 3219 5782 8729 4377 40 16552 1578 11562 11180 8365 17840 3889 12082 16947 18868 10549 10928 3512 13246 13120 8896 14150 1608 5321 5194 6602 457 11338 7117 8270 3151 80 3665 3666 8915 18772 10325 15231 13529 11229 1373 18144 3169 1640 5227 3184 1266 9718 17015 12536 6649 4474 18687
13440 257 8064 17156 7940 6405 5515 5007 9871 2193 7057 2581 9750 19607 12952 18457 6042 8603 6684 669 19869 12059 12066 13732 2214 13223 9896 1577 9387 12332 17198 12338 51 15411 4149 5173 7350 4281 11710 17602 18882 4036 8900 72 14410 16458 3404 19662 13904 7250 7674 15958 3543 10842 13666 10596 4199 5865 18799 5871 3569 19830 15738 17019 1789
1920 4482 11652 14981 8331 19854 12047 4752 8849 10008 2203 11804 7074 13474 11301 9125 7462 1064 16812 6957 11567 19760 11443 3891 10547 14775 5945 10366 14651 829 1726 14145 10817 13381 3143 15048 11592 2889 16459 18636 8268 6480 17875 6227 11991 2779 3547 10206 5343 15200 17639 6888 19433 1769 9453 13166 18415 19952 10866 7155 7666 9076 10616 6654
12800 15107 7299 13704 10 17290 16528 18065 12566 664 13081 10266 12697 19225 17179 13345 12067 5926 12967 684 3756 17326 14000 18866 19636 2612 5177 12730 19003 6075 8381 7226 5568 67 708 1604 11972 11847 11204 3531 19660 19025 19539 6485 8149 14425 16985 484 9188 2407 13545 16876 8684 13680 10864 11505 2035 17268 19318 18550 19449 12283 7932 13694
7554 5623 10759 1037 16655 19600 11537 15633 6290 1556 19605 1302 8855 10006 18582 6548 11926 9117 16415 15143 9259 2094 9397 16693 4408 5180 15424 15425 2369 16580 5828 2757 12489 10441 10187 13389 5583 12241 14419 2005 9430 4822 9560 6744 13658 14427 4058 5853 15582 16378 18275 12262 104 18024 3560 19819 2411 2544 5237 10487 19834 12796 4221 6783
19713 130 18947 9988 14210 10630 9602 14088 4873 2954 12802 3731 16661 10261 9626 3867 12956 3998 5150 15137 2722 15395 3749 9382 11813 296 5289 17331 9014 15352 8891 19260 15353 14398 15936 17354 1611 13138 10836 14421 14039 4088 6745 2394 19550 15966 11233 10211 12135 4967 12919 19181 11758 19826 16114 3445 7414 15607 6264 249 12538 15485 16382 10751
16385 17537 3969 16129 2305 6536 8332 2192 4114 10773 2841 8224 19106 8099 19109 10150 4517 7336 15786 6442 19628 13612 16043 10800 5810 19251 436 1843 950 11830 11826 12601 13629 318 4029 5309 10307 16835 10053 841 19402 16202 17868 13515 6357 12887 15448 2140 4188 3294 4063 4960 11742 14562 17379 18663 6376 7148 11121 14706 5619 19963 16764 11517
2432 9986 13574 11399 14600 11143 2442 6156 12684 10380 4239 11153 10897 19987 18709 12821 13337 4507 10144 1185 5153 4392 10796 6190 6830 3120 4273 17841 8243 15673 18489 10429 16446 2367 5950 4033 6209 13380 5964 1107 854 7255 17366 5719 2781 5087 19554 17250 18916 10856 13929 19564 748 1005 5868 15341 14448 12146 7788 16628 2421 4978 12025 18941
8320 16258 8707 771 19971 10119 1800 7303 1804 3468 18707 12949 8598 2967 14873 10393 414 5375 3876 13860 12584 1325 3377 14643 180 5812 9651 18618 7354 830 5695 11969 15682 15304 586 3408 4048 15698 16467 11989 15192 18396 348 13277 15068 12254 12255 738 11874 15333 12647 7790 19439 3695 369 5362 12148 9077 10102 4601 15354 16380 5117 1151
18304 16256 10498 4738 7688 10633 6282 7818 1036 12301 16781 17295 3599 18193 3345 18968 16537 19993 17951 6945 12194 11811 1187 12323 11557 4903 7844 17577 9897 19250 3639 4280 15543 18488 5052 11837 8255 16962 7106 11842 9411 2637 10573 1872 19795 17755 13659 17244 16221 2014 4702 14946 11619 1128 13672 18027 6256 7025 6002 19699 7158 9848 10745 19327
4226 6915 9605 14471 14728 8329 8712 19086 1294 9232 14228 16919 10392 2329 3737 16284 4124 5532 8606 7840 14754 2978 18083 4770 15658 8490 301 16306 15923 17716 819 7090 2231 13497 16571 12348 9788 13118 12351 6085 585 8521 9804 8398 1999 11859 19028 12884 13784 2393 8539 12385 14948 12261 15078 3556 11881 4459 6509 7154 6130 2169 1786
14080 8451 18820 4358 19719 7816 17801 12297 9721 16144 8720 13586 17427 8213 7447 4760 11546 12316 17950 14371 2851 1834 1194 6186 10290 12083 9910 3511 4152 11195 9669 845 9295 7248 2515 2647 2906 12763 10588 7167 12639 5855 12897 6753 19428 13284 13927 14056 5609 2921 4075 10988 15085 18927 14579 19188 10227 2292 631 5494 16377 11643 6143
2563 15875 2821 11013 15751 4871 9097 11909 10638 17298 11924 16279 18072 2457 2456 15769 28 9118 3872 2082 17187 17060 13986 15399 1959 3629 8879 19888 9015 10298 59 2875 8507 8635 19395 18244 6723 19269 16590 1488 19159 17240 9433 18522 8792 13404 1377 3681 5475 9956 1256 18281 11628 13293 16749 14704 3568 18546 17907 17908 17524 5364 11255
8833 11138 11779 13447 11916 7566 2959 17296 2191 4626 8719 18324 11413 11160 7449 19866 12828 10013 16669 11555 5028 5414 13094 18854 19881 10793 12839 16428 16049 11827 6329 17722 17083 1214 1856 1985 9664 4548 7493 3141 13895 6981 3913 15482 5323 18763 17358 15696 12246 4954 14939 14938 10718 992 13408 10983 8315 17136 17521 13175 17528 11258 1403
2049 8322 8065 1669 4485 11400 17805 6416 10257 8465 13587 14868 14613 6165 13844 7061 13594 14362 16027 8477 9500 18466 15011 8739 2170 19879 15659 15407 15409 3122 14388 4792 17210 15035 4539 13758 10564 19654 9799 19144 12747 3284 9300 16856 344 17884 9951 8416 18401 9187 19172 3299 14826 1898 364 6251 7917 9327 11251 14452 18805 3317 12922
5888 16641 2562 17668 15237 9733 7814 2824 14857 5005 15505 4498 12823 925 17182 801 6562 14374 19368 4393 4648 18607 8368 15922 4659 8756 1077 7094 1975 7994 7104 13250 19147 14923 10060 5453 2255 17872 11088 17494 7803 14428 7517 18020 16100 13796 8423 8804 15082 1262 11120 13296 13426 10099 7796 19445 7924 8691 19320 1018 2299 4223
7041 14472 11533 19353 16285 18078 16800 11553 10658 7586 4003 2211 8998 13350 8873 19370 18858 16939 18349 8621 17964 12589 2352 4526 5677 12468 17205 16566 564 2362 14526 8638 18369 15811 4295 17864 3018 14411 5968 10576 10449 5201 9302 2774 15449 16217 862 6111 1375 12263 11752 12265 10985 14699 4458 14067 8052 18421 18806 17270 6011 14333
13184 6912 15490 12420 9732 646 8455 11278 14991 3218 17043 7574 18843 7835 1180 15774 3491 15908 15396 6824 10154 3243 16685 10030 5551 18993 3890 15155 12858 14779 15165 17600 18118 9159 14406 14921 7246 9166 11344 8401 10704 5460 7765 3799 11736 17626 11482 9185 11618 10593 4581 8296 11369 874 19308 18926 15986 15730 11250 1526 4985 3836
15874 16130 16260 9096 2058 5514 17548 5774 6800 13585 17170 5139 1176 285 9886 9248 5666 8355 2213 12583 17325 10286 12978 12339 16310 6583 8119 3384 16570 14138 16831 15809 14274 13251 195 7491 19784 9033 3146 18124 2768 465 8017 8787 5077 3157 8665 9435 7516 14685 17373 4443 11621 2918 13811 1780 10486 15478 16248 4477 4091 4093
128 17020 258 5124 18569 9354 4235 5643 18445 12558 2957 273 7698 1307 9116 9245 1056 19108 10789 11684 1830 10919 1193 14244 15019 17836 4774 5545 18225 563 4147 9271 19642 13116 17601 9666 3781 15817 1483 7889 15699 1111 4056 6362 17115 8699 4090 15971 1380 3691 9967 17904 3956 1397 16246 5495 14073 10106 9851 2812 17405 11135
9472 10755 3974 6790 5385 4883 16019 9493 1944 666 1693 5278 18847 14240 12065 11295 799 8740 5544 15017 11436 431 15279 6065 10929 13878 5433 18873 10811 17852 3004 1342 14656 15427 4809 9675 844 461 12875 16120 8660 9045 9046 14551 3030 15962 9562 5339 3326 19298 15203 16868 14692 2277 7143 7918 13294 4467 12275 760 2044 17534
7040 11009 18306 13573 5127 14986 9995 17040 18323 3605 9111 8088 18711 9112 11422 8480 17313 10785 6691 16293 4646 1702 12585 2346 1073 15796 9654 1080 17208 5434 2494 9534 15170 11640 10821 11465 9290 10571 1996 5710 11087 13777 342 8663 10328 17503 10977 7652 1253 3430 7141 1510 4839 5739 12651 7147 9457 8825 1652 7544 1401 9083
18560 18948 1029 15111 13193 6153 3469 5901 14351 10256 16022 12311 13848 17689 15770 17566 9888 1313 9632 18725 9637 12455 3878 13822 2092 10799 19633 11953 435 4925 11453 2499 1988 13767 6095 17874 15186 215 1495 11992 16345 13531 6365 13918 19043 13027 10085 9318 614 4710 3815 15467 9324 3823 7024 7026 1399 10744 18426 11003 510 3839
19073 15235 12036 19973 13449 18443 19979 18958 18575 1168 10896 15249 10511 10777 8602 6429 2468 6566 10407 10023 17706 938 13994 3500 6268 8113 6581 13623 16057 5947 3398 11335 4299 17616 10193 12753 3414 4314 12535 16476 8415 4703 10463 10082 18019 5861 14310 5095 10344 7551 5099 749 11245 13043 2549 17398 15223 3322 18683 10876 15357 14463
15872 4230 5382 5511 12683 269 10898 4119 17304 4123 12700 18974 18718 14497 1699 8103 4779 6189 18478 19759 11311 8239 18737 4529 13101 12980 2300 12472 2617 16190 17984 4161 16068 13509 6087 13644 19790 19027 595 14547 17238 13913 19161 11355 9821 8162 7651 6884 9829 12901 19815 3434 16748 8046 16879 12278 376 5753 19962 1916 13437
13572 12165 12421 5002 16397 1933 911 3470 15761 8211 11029 7448 17560 4378 12444 17054 11810 8486 935 9385 15916 17709 17197 15280 18104 3519 14401 4417 15171 19780 12740 3142 330 5836 7249 13523 9174 19799 12888 10456 8152 7895 4700 16863 18527 14437 8550 3685 4072 7785 3178 12006 9198 9199 14324 5109 11126 3573 17400 7540 15997
7808 18305 6274 1030 17288 7562 4109 526 4625 16153 14105 6682 13981 8351 8865 18722 8612 13351 11689 4398 3760 15666 14771 15414 13494 15288 11831 15164 9404 3904 11457 4421 13131 14541 8782 2765 13650 18642 852 14295 2519 7256 1114 10072 11608 6233 18018 611 3555 5606 7913 15978 13420 5999 1778 10354 4598 10871 3451 15100 18430
16644 2567 11912 6151 18187 19085 10510 14479 2194 8210 6676 1814 3864 2713 5018 11547 13852 7965 14361 287 671 2724 4264 17195 15660 10363 7729 19123 11448 17977 186 14137 8894 1088 12228 19782 8646 2760 10567 19404 17742 12879 592 18001 6226 13399 6488 12375 6364 16222 16864 353 14563 7013 10471 12523 3566 3189 11259 10749 17023
17287 8840 10250 5243 2319 11154 16276 11412 2205 8222 6175 19488 15778 13604 5285 5412 7335 3624 18345 14503 1963 3115 5548 16822 3258 16187 4924 14525 12986 5820 15937 8262 11340 19277 3792 2385 4432 16980 6102 10457 11263 7261 12638 16735 5982 97 14561 229 12774 2281 7401 19051 17386 18925 16878 7408 16754 8053 18294 123 6527
19201 9857 7558 13830 19080 7049 10635 17676 11410 9107 13972 8852 3865 4764 284 4126 7202 10530 13866 19500 10285 10028 5807 12976 12337 812 307 5172 8759 17080 3003 2750 11715 17861 17610 15563 16075 333 1870 6991 18002 3539 16978 10073 17242 4572 10592 16099 5859 10341 10467 4069 5732 6378 1771 13423 16368 11892 19189 18678 5373
2050 17796 6661 16646 11277 10640 12181 19222 18454 13718 13977 18716 12060 15392 16928 9122 17574 12070 14758 18601 13482 4267 18604 3244 12845 13103 11955 12725 18747 11328 12996 7622 12873 7114 16206 14414 7506 15058 17620 7509 9810 7257 13020 12893 4837 7269 19303 16617 16619 13164 15088 10993 14834 1779 4723 6133 8565 3961 4860 6781 5118
5252 18054 9084 9103 9340 12571 2459 13598 15007 13090 9250 2472 18730 16170 428 14253 12718 18735 18483 8372 4406 11578 4796 17858 17350 3654 4678 5833 19530 7927 2125 209 1746 7121 10069 12119 9688 5721 18782 2015 608 18147 6628 7781 17638 12007 8424 14951 13930 4715 9063 8941 13422 6517 13174 15351 9846 4858 17788 8317 12926
11139 10501 9477 17670 12424 12298 2955 5902 12815 7310 1553 8082 8733 9629 6303 6048 1568 7333 4773 11047 4399 13999 19505 18480 3632 17590 438 3897 13626 4922 12603 19646 19262 3262 9930 1994 13004 1357 1230 11475 1112 5465 10841 3165 16229 999 12904 6887 3818 16363 2156 4462 5615 18159 2801 15221 18422 3064 6138 7035 4348
1536 9218 1922 1413 2825 7435 13324 15501 18063 4368 8466 17428 18069 917 6932 8090 158 17310 16675 9636 12452 14888 4653 15406 9137 15154 1842 19254 19772 702 5439 1345 13634 15303 11982 17489 13778 11858 6483 3025 19925 6612 601 6875 17628 1885 15198 5600 3298 7394 6756 2667 11373 12020 13302 759 3704 14459 3708 11645
19584 3073 9729 19459 15876 17925 13065 12810 4369 15122 12562 1172 11155 6033 1688 7450 8993 13990 13606 13480 8360 11943 4136 3755 9517 6063 9391 8241 16180 17335 16312 18812 954 18625 4929 7363 17092 10691 4038 17993 5067 18764 7118 19408 11472 1490 16085 1366 7676 12127 18662 8939 16365 2029 10609 19067 13948 7293 16638 17919
19075 8323 9223 6409 14346 15371 15627 5773 11793 12178 19986 5779 3349 3350 25 15002 19226 18591 1055 17953 295 3879 10932 10238 10554 18875 12350 9153 17603 5827 4935 5065 11082 18897 11090 1747 4692 18521 16122 14173 19423 5603 12516 12899 13286 10083 11496 3817 19820 14958 4206 11118 19313 10739 14071 14840 16889 19322 1022 13951
14337 19970 9604 17929 7052 14349 19343 8722 19091 12563 1045 13974 15126 8600 13726 8479 7073 8097 11043 18212 7973 6055 8105 12842 4907 14510 7731 17462 10167 2360 16185 3772 19775 13633 16196 14405 7109 1354 588 7756 9934 12239 6224 17361 3276 10581 11865 19935 10208 16482 2917 12779 14445 12782 18163 9974 16119 9338 2171 8190
11776 3460 9221 10248 6922 6923 7438 12943 3728 14609 9366 3479 5912 33 34 14501 13734 15911 552 15528 18602 6443 19372 13746 12211 14007 6839 11191 5436 15426 9163 8012 4556 10446 7633 10839 14171 16988 1117 4573 16989 6496 7650 6626 1383 16233 19180 7278 15856 241 10481 2930 13428 8564 10992 5620 13812 13692 5886 1279
9211 17417 18826 3985 1555 4628 10774 8476 4510 4640 11552 5024 13220 19878 19241 3627 15788 5805 1328 4402 18233 4153 13883 19516 2619 10043 8890 192 18624 7360 1987 10436 4035 19832 15946 14157 3277 7504 9553 14289 4560 6100 8404 15194 13022 95 8291 18149 7910 13543 19944 8553 17002 11504 882 19446 3958 19960 507 4220
9091 16263 3851 8081 14869 15894 12439 14485 13210 17178 8860 14234 9502 12960 14752 1571 37 3495 10153 17582 6193 2998 14135 13369 8249 13243 6843 19138 4546 6339 13124 7239 14537 13262 15825 7381 15447 9052 3421 606 3677 3933 5724 13533 13283 15077 5478 361 11242 4585 10858 8686 8815 9969 1907 5365 17911 7161 1147 765
17153 3201 12925 4359 7943 10761 9610 17550 2062 15247 14359 17305 5274 3226 4635 2844 11946 45 2221 2992 14010 9532 14144 7241 2249 17227 11597 5966 4815 1615 5073 19536 11133 10702 211 7508 2900 11601 16855 14807 15321 9946 4697 5336 18269 11358 5340 13792 7901 1508 15590 17384 14953 18156 11500 4591 11385 17146 1148 19197
7426 1159 7561 9360 12433 12693 3477 11159 9114 9372 6432 5922 5539 13348 164 10022 3110 10408 13224 3497 5036 6959 13491 11956 9907 4150 3127 7221 4154 12478 14527 7621 7367 12360 4552 714 13387 6986 7627 15182 14673 12882 19153 3544 1115 16348 9695 13920 7011 2534 7271 18414 12656 18416 12147 19572 13941 2548 12794 11899
11392 17921 1027 1672 12939 2829 4881 18070 8347 1308 1564 18717 7581 9892 6949 18726 19884 1452 16813 12719 5550 13366 14776 13630 18751 9280 7746 8390 17607 18375 2887 6346 6731 9419 4305 4434 12371 10577 5973 9938 3289 15834 16090 5472 9696 10979 7780 5863 6889 362 16492 19693 3054 8428 880 13042 9971 13304 7165 19071
5632 4612 2437 16775 13320 18190 4879 6030 16658 11028 1941 2197 13462 4375 17817 16539 17055 13855 14881 3362 1827 10404 3109 12709 11554 17448 14633 17322 14120 6058 9521 6322 13237 5686 16444 17859 15939 11843 18633 13518 14544 17745 6481 12242 11987 18650 8540 3453 8802 6757 4969 15340 5614 12400 116 19323 3964 3709 13438 8446
9984 13575 12682 15883 11915 7956 14871 16538 19100 7837 13980 3612 6647 10533 14885 9900 10413 10930 7475 10677 17078 17979 10941 10943 19906 1858 14534 5831 14666 9293 11729 6868 7126 16215 9817 14298 7515 5725 8799 15968 19679 15330 13154 4194 1125 19046 4577 5733 12010 3306 877 5485 12783 6767 19570 14455 2809 16508 6398 7935
8576 14212 13831 9480 4490 16268 11405 12046 16911 19345 2328 12701 14075 9249 802 13735 13608 6188 6395 10035 18356 5302 7993 14266 17211 15162 18877 5051 8129 17479 15816 6985 14794 10443 17356 6476 7243 16718 3323 9928 1363 3412 19288 13403 16604 12253 15076 3559 11240 5225 16490 15723 5096 368 16763 6518 889 14715 1276
5635 1673 13562 6412 15506 7187 18452 13055 7190 919 6552 409 12186 12443 2970 8989 19358 2846 11169 12322 2338 806 13610 9515 11437 558 6574 16816 7855 14127 16568 15034 16315 4671 14529 5186 4294 3528 6345 15692 8786 9689 9179 7388 19166 2142 8031 8161 14308 14438 6636 6254 1776 244 7413 9722 10109 19582 3071
15234 4099 16133 3333 1543 3080 3977 10122 13835 11023 7827 9108 789 2202 8861 11680 1057 16930 2849 4513 19750 13478 11431 9644 1712 7858 11570 9272 11706 1850 4292 14153 5834 1997 2383 16087 17496 13528 2391 15067 14300 17245 17247 17765 1894 233 1513 7150 14447 240 17649 11761 2928 8950 12153 19578 5115 14972 7678
12544 9089 18946 2568 6028 2447 15251 9492 14870 7575 12569 19609 16281 7963 17571 17063 17791 7849 14123 7213 14511 10673 3636 15540 16438 14006 9912 1209 8505 19389 16317 6080 10945 3778 1346 12609 13638 17992 15356 11642 16594 16338 9170 16726 15702 16086 89 7640 19546 2267 11625 107 15214 19317 3834 6139 1020 126 255
256 14726 9606 12167 18313 7433 8328 8333 4495 17168 6031 1810 13719 17688 2587 14748 15517 2335 15136 416 9376 8997 1065 17194 19117 18227 16051 2483 19510 15156 11197 2880 4928 9927 13128 12744 15690 16455 4559 3536 14548 11094 10715 5086 8032 18534 4198 9575 2920 3049 8039 2924 3821 4333 16623 16873 12531 18804 9466
8192 19843 8067 3086 13711 1300 10132 14232 6555 14879 15009 19489 14883 545 10151 5032 4904 7856 4660 10165 1205 14262 10037 6969 3902 7359 193 13122 6086 19785 10445 16462 11857 17362 7253 7002 6747 9309 13406 14431 9055 14558 16607 11105 19557 102 9961 7146 13934 7920 13937 17394 17140 14965 14838 14839 12534 888 10490
17026 11011 7556 6021 1158 13689 3855 19218 7570 3733 150 12058 19485 4125 16414 12704 10017 17570 13858 19234 11173 5629 14713 18090 7212 13741 942 8112 9778 16308 2741 8244 19898 15419 16059 11198 3518 4930 12356 3652 18759 16330 8397 722 11347 10452 9429 5592 19709 602 3046 18026 16618 16113 8693 18041 9597 15998 8319
17025 129 10625 17414 19082 1163 5388 12942 16271 1679 5648 19730 277 12310 12183 19737 11801 3099 5276 16797 670 7713 17446 19751 11694 18097 15282 1331 11319 1336 7607 1468 7103 705 12995 19396 18117 11337 10057 5579 11598 2386 6738 19284 14806 11866 4445 11485 17508 6630 6761 11885 13425 7665 9204 19447 19704 636
16001 2310 12168 5645 13709 1558 12185 2074 4508 5660 13341 18975 16544 11937 17447 7848 19624 10670 11441 3121 13109 4538 8762 61 5053 17983 11456 3905 6212 4037 15178 13901 3535 3152 5455 4694 15705 19802 603 7646 13535 1247 15457 12132 9959 3944 16762 13679 10351 19059 14198 13815 17656 5881 14326 15483 17149 16254
18049 2177 15363 2561 10245 15369 19722 13450 3593 3341 6544 3729 5651 10772 1173 534 7067 3356 13469 8863 10016 16418 10405 8615 11560 2985 15914 12331 19498 14644 10934 12855 18871 12471 3002 10935 16704 18758 16839 12234 9292 18381 6093 1752 3160 10202 9948 7391 5477 17126 4074 6770 2420 4086 8695 19448 13177 16381
19200 5376 9975 14732 8335 7830 15895 7321 8605 9119 7968 10401 4257 675 19877 1574 15141 8617 13609 6697 9770 18479 18224 19378 12853 17846 8633 6714 16316 12734 448 704 19652 5572 4293 3012 11339 19917 9301 13275 1245 12663 15587 3813 6501 5995 17260 2413 3824 497 17010 17779 7793 11381 12662 9847 17401 18686
11264 16769 15746 5251 13317 9996 19341 15885 9870 17680 15120 19092 15253 19862 14999 9110 13338 12577 12195 1062 15530 16684 2477 8494 6318 4140 14897 13618 2482 15669 8887 1083 9916 14908 13499 8514 8003 2633 7886 16216 17114 8156 6750 2398 14560 4834 1379 14697 18540 15344 15089 9331 7284 14581 13558 8824 17658 5630
3072 6914 19846 3078 18568 5001 17674 9482 2060 4243 13076 4758 10648 15132 9757 16542 17918 18983 14119 16937 16935 4391 1453 17968 11829 2492 10302 17343 1986 4802 3524 7112 16715 15823 9935 10319 7635 13524 19671 4186 2908 3805 19422 16351 8671 13281 11745 13667 13155 16237 10477 2285 14321 5745 11638 14584 509 17662
19715 18181 10374 19974 16903 17933 14861 6415 19344 11663 7184 17171 5908 5397 10133 794 2716 2206 14114 15014 10663 6955 12205 3374 1455 14512 12465 2735 18487 4025 1596 1982 9408 17089 11970 10819 840 19278 3450 14161 16082 2008 19806 14053 15462 15206 9061 3177 13674 19563 12139 13805 12141 3952 1398 14330 6141 12799
1540 16518 3462 15498 12435 18455 3481 4766 16160 9889 7845 11817 4265 13483 15149 15920 17586 179 2099 14773 11190 13751 8118 2105 9270 3385 10297 18493 5561 15935 6079 11203 10951 583 14024 18505 3537 7761 8403 16469 13017 4699 9054 15967 4963 14821 8166 1515 4843 14574 15984 9841 13810 4083 9588 2168 13305
16132 16389 19335 1290 15886 656 8208 20 4884 8982 10139 5405 13342 19231 15648 5283 9131 7852 13996 14638 3759 16435 6068 5811 3255 14146 7494 12488 13769 16587 18123 2635 14286 17615 19920 15828 7639 16503 16730 11100 13793 18403 4454 17511 11113 3435 12527 17522 3698 884 3957 4599 2808 14457 11130 15995 2557
12929 13826 17411 6404 12677 18310 4740 9478 16522 18318 18067 13975 8473 13344 7714 14761 10410 19248 16176 2869 11449 18234 17084 4030 6848 14020 10052 17738 10314 15183 10322 851 5205 6613 9048 4570 18779 94 15583 19552 17759 13151 1887 12664 9958 19565 18285 1775 12657 10994 1011 1268 16373 4085 6263 18424 9717
1667 8325 2569 2059 7307 19087 7442 13976 15772 9246 4255 6010 6179 18981 10535 5160 14762 7850 8495 5935 6064 2232 1339 8892 19774 12863 14531 15172 15941 5190 8260 12748 1869 17104 4433 15056 7378 11352 1497 15323 8795 14812 10717 11743 5986 9195 12525 15854 8560 4852 9589 8572 19065 2810 1787 2684 5759
16519 905 10636 652 2830 14735 4110 11788 2835 4500 18839 5656 13207 12056 3228 10014 3363 7974 13357 944 9776 19380 437 6201 13372 6973 16062 8767 12223 18881 6846 18119 7753 16970 10313 9545 19919 6992 5840 17748 18648 11486 13023 7397 9574 13417 12650 12269 8942 19311 242 4980 12405 10357 2040 3578 16507
19202 13187 8324 11140 7941 18951 16137 15499 5771 14224 6545 276 15391 547 17059 18344 5416 17578 5038 6706 12851 5559 1338 6459 8636 8766 1343 8128 16065 4163 8132 3013 11850 1102 6737 15955 4051 19797 11738 12764 11741 13532 12766 18529 14693 16102 8042 18796 1132 5613 8812 13041 3828 15477 19961 3707 6782
2690 2819 16772 1798 12169 15114 1419 9867 14 15630 17679 15504 2323 7702 4634 13339 16540 12702 9760 7969 1696 7716 16165 14630 8869 3492 3882 15020 19885 19120 4658 8501 5307 14781 4158 7870 8263 5192 11594 9165 847 18385 4946 3922 16724 11990 10327 13919 13412 11236 4589 12142 3186 12789 14200 18425
1793 10242 12037 3591 19720 19465 5767 17675 16523 5516 14862 7441 18964 15893 16789 10902 14742 6292 5268 16667 15516 8987 15135 8608 12835 1063 18216 9769 11307 433 689 2740 10555 4667 7485 19263 14016 11072 1602 16841 9679 11219 17625 18138 10846 11103 15327 5985 483 9064 19179 2161 11508 4214 7291 19711
6277 15366 1927 9737 13194 9611 12554 4621 10001 9617 12565 5272 11163 17565 5791 16288 14241 160 7210 9395 6584 11321 10557 18494 16961 15810 17732 2884 709 14536 328 18634 6475 6091 6732 10444 6865 13137 3960 11350 19287 19416 3415 5466 9823 96 16235 13291 3055 6001 18930 3574 18680 9082 14203 17150
8841 14092 14094 17038 6671 9619 13589 537 11676 13214 14623 7967 19110 14507 16556 11312 2358 17464 15804 1852 14142 10942 9665 4673 9409 14533 13007 3921 3793 10197 16475 2525 13790 4061 9952 13025 9955 16887 2022 1768 1257 4584 16491 7019 10989 13165 19822 4976 2033 13554 11124 14453 9591 16121 15358 9983
8068 10116 12806 11526 10632 137 8844 18573 9998 15765 14103 18331 6428 19105 17826 19112 9006 14382 4016 13358 12463 18229 16309 18615 8642 9795 17474 2631 10184 5064 1482 13772 7372 11728 15187 5333 8405 3292 6493 18146 14180 8677 360 10728 9578 4457 10857 5357 9837 5103 9068 14835 17651 7675 18173 511
16640 17795 263 4105 650 12560 6034 14355 17045 2070 923 7457 18084 5924 11559 13095 15146 12330 173 14256 15541 11061 2111 4159 15560 7625 7240 6860 4045 6861 4047 19792 16080 2771 4308 19798 19034 8411 5212 18397 1501 3293 5211 15578 10852 1260 16620 10738 12019 11765 8822 15095 17397 13946 1660 3198
10882 11269 2184 7944 19210 2189 4366 10254 5520 14104 8345 3486 14751 18208 1698 4133 1703 1448 18473 426 427 2728 4524 1917 5295 18867 13364 7605 10803 5301 10808 9783 6970 7608 12220 14015 836 16582 15687 11848 18889 201 13259 11726 4563 10580 3031 16732 17506 16875 4334 19575 12026 15611 19965 8958
896 5506 2308 15622 18442 17164 8845 12173 3725 401 16913 19476 539 13211 17693 1569 7201 2081 6051 16037 17959 4654 17456 11186 4018 11572 4020 8245 18743 15033 13753 13628 13375 10559 1731 8906 12367 6867 6740 15190 1880 2521 2523 6620 11613 7006 9051 10338 12771 15592 12012 10476 7916 11631 11260 8701
18432 8196 12808 17418 7563 7437 5517 786 8723 17044 10131 6296 12955 17436 11805 8095 19744 13473 2726 11687 8104 10617 5418 11952 7217 11444 11962 15548 4285 10174 10815 11069 9156 10442 459 3532 3918 14927 1619 4696 12761 9439 13538 5994 17899 16750 5616 16112 18035 7541 15864 5625 18171 11132 6271
18697 7434 12043 7692 9226 10642 2066 12698 6940 14364 16413 10529 14242 17830 39 16171 4655 17328 10940 16189 2364 2877 12736 3520 2752 18885 6726 18120 10316 5838 13263 4944 1236 19029 7771 5983 4576 16865 5216 1893 1254 8295 13034 16108 4460 17265 4850 17011 2291 2933 11510 10996 13560 10874 9723
12160 1024 4483 4613 11147 11151 9616 6801 4240 1939 3607 9624 1306 5533 18595 19620 10107 11050 4908 19887 2738 7218 5300 2230 10295 5178 10692 5830 7623 589 10320 1625 17372 13276 12510 18911 12027 8673 14690 2274 16870 15849 15850 11243 10732 7530 19949 16877 19695 15600 2293 15991 7417 17787 19838
3840 12670 7172 5768 12937 3081 15 10512 16402 13465 18969 10398 17572 1573 166 807 15912 2345 6948 4011 11430 6967 19645 17853 9026 12611 3780 2376 713 1992 19787 6219 7375 6610 18646 7769 5209 17499 6622 8287 4322 9702 6505 5358 6511 4977 15090 1651 6005 1270 9845 10105 10492 16637 8702
4102 6665 8076 10384 14480 19731 8468 14875 15394 10274 937 13739 7084 16941 3757 7726 11184 5549 5678 16179 18486 14519 5943 1081 10170 12474 12087 11584 4290 16708 70 8774 4168 18891 5842 11988 4185 18011 10460 6491 14176 225 5088 7523 11748 4070 15465 16366 14831 8571 16884 6004 11253 16635 18174
15104 7809 16777 9994 14217 4877 18574 18830 9359 5134 7325 14749 3487 3744 13727 19749 13605 19626 8749 4528 19763 691 7606 313 4537 9918 12482 17093 14407 19528 6983 2248 3401 460 4555 5581 6351 12112 5202 9427 13148 6621 351 17376 7265 12646 3303 7400 19178 8043 6764 13933 12784 11254 11511
3074 4867 7301 11276 13964 18191 272 12182 5657 5145 156 16029 19741 5281 17058 546 14116 2471 16551 6183 13950 10412 8236 1710 1587 949 54 2999 13247 9286 8392 2510 849 16852 15833 2010 8283 13405 15713 14306 16483 12898 10087 12009 18282 11375 13808 18161 4848 17523 2163 13687 9592 17529 19710
8449 16515 902 10247 9608 16138 14733 14993 10641 10643 9621 12437 1820 14365 16161 9643 3116 18219 16814 13104 15795 11316 13879 13496 12857 4663 18107 5819 10173 960 65 2497 5059 14532 3525 4549 17739 2511 9556 14165 1749 13657 4442 1116 6237 12513 2018 13411 12130 13159 6508 7276 7277 19703 1530
17283 9603 8070 17671 7817 10889 9229 16398 17552 144 16914 13332 11415 11803 1311 19487 19873 5411 16677 4518 19495 2217 10797 10289 2866 5170 10548 6836 16823 184 57 5818 444 6717 11070 6719 7238 4298 11723 10062 2895 19665 4817 9940 2517 6358 18136 16472 7134 4968 2537 3052 16117 6266 19452
19587 16648 13961 654 16657 12948 8980 12951 9880 4505 3996 11549 6814 11294 11681 12705 7715 17321 171 15917 9261 16303 2481 7347 10039 6199 12346 5949 17342 18110 7234 13635 10308 3395 9282 6088 17101 10189 14159 11853 12379 11867 2782 4833 8036 4073 2410 11757 4077 12914 13301 8184 890 6267 11775
11393 14854 7815 17032 11783 8838 4107 19980 4751 400 6546 15509 6550 19480 5144 18203 11035 17315 15140 7083 2479 10288 12849 18226 12466 10159 18491 13501 190 11332 710 18247 200 18506 19916 16719 16208 12240 15445 18012 6110 10207 2271 5729 8542 3043 6500 4709 19943 14824 8562 6643 372 11898 19579
1025 9345 14469 3205 18694 14599 19723 8588 9484 11279 6680 8601 10779 5275 6435 1188 9000 15018 5424 7734 18744 17978 16828 12093 16958 7358 3650 9923 11077 9541 10953 4554 2507 13003 5325 11595 19151 9040 2134 1239 9432 4829 19037 2269 17248 4962 5361 4466 16755 8820 13429 14072 9210 8956 4734
15744 12673 15488 16771 5120 5765 19590 9216 5896 14601 12164 9745 18842 15261 5151 13091 17071 9009 1459 16436 8629 4666 15675 15037 17085 13121 12226 6084 11716 10694 16205 17870 14030 2898 5203 8532 19541 11349 5846 12374 11770 17631 10719 9827 13157 19174 9957 4205 19309 7535 9075 14454 18938 14717
17152 14978 131 5895 12936 7691 4492 13 9614 12431 9105 10003 9762 1831 10539 2734 9135 1072 1718 12089 16060 63 2241 13506 18499 4674 581 11719 1224 10055 8524 6734 4690 17107 10966 8025 1755 19676 4955 2654 7907 17380 6371 1126 16361 13802 12393 6255 19825 11634 3825 12277 247 16383
13058 17930 1418 2704 9362 13206 17303 18840 12953 540 6942 16032 3747 1955 3620 2725 10157 15918 19119 12208 19509 3767 1976 9146 4795 7102 16706 4933 11720 7498 17485 15949 18127 973 11985 16211 7382 9175 15831 14936 14682 3161 8164 15588 5094 5617 7925 10229 7926 9336 2937 757 1525 4478
4480 7936 17275 18949 15878 17544 11784 5646 5263 784 17936 7952 17297 8979 12826 18074 2076 10532 19754 12715 2863 16432 15668 18997 55 12088 6589 19135 9407 5056 10182 12743 18942 2000 11345 3156 16213 5082 17629 6877 5217 9313 16358 3302 13544 9830 8188 3310 18033 18037 4475 6908 11773 12669
13312 11265 643 16902 19975 3464 9481 10127 11290 9885 18590 12829 9374 15265 18082 17698 17700 19619 7331 8994 11819 18734 305 6965 12470 10550 4921 9661 7236 12358 13383 10440 75 8396 16463 1360 2896 82 730 1499 7772 17886 10210 19175 10216 15209 12778 1387 17641 627 2931 4603 13309 1791
6913 3970 6147 14979 19083 10379 14477 4878 19472 13588 5531 2972 17056 5409 10147 15655 4138 15531 941 16430 9902 17072 1458 7100 5182 9791 17856 8002 14662 13385 18251 1101 11854 13393 1109 11864 5337 17882 18395 3418 5083 4958 6497 15204 10340 10733 17902 17776 8561 2545 115 3324 2941 12542
12290 17540 18692 647 15497 19849 17931 5133 17555 13592 12313 15131 9628 5665 293 3621 8231 10025 17450 10540 14124 7471 3248 5680 11317 18750 8387 6342 18631 18761 14539 12876 17611 14928 14034 16851 13780 14932 10326 14169 13917 16098 2403 6245 15851 6893 6642 2546 1140 15604 2166 11897 10362 19837
10883 1924 17157 17034 6539 15116 268 17421 15759 3472 18965 19864 12832 19361 16929 14370 14368 6309 17319 12711 298 17451 8234 10667 12207 7488 1218 6594 9155 19271 10697 15051 3149 17488 13776 2128 7636 14549 19542 2136 6107 1756 16349 13915 12896 9058 15205 1384 1519 9334 6137 11772 1661 9214
3713 7428 10502 12422 14342 16525 1687 7832 16025 17687 3743 1700 10277 16678 10669 12206 19376 7346 19507 6963 309 14391 13495 3260 13885 6974 4669 9020 6338 5318 19527 327 2506 8394 11212 13648 5712 16850 338 12115 17749 4182 8282 17757 12514 9444 11110 5222 18034 11890 8949 6134 12157 12671
16128 17538 9219 2948 12933 2064 5266 920 5400 18585 9499 19740 9633 1828 1189 2084 14759 2216 16811 686 14260 4021 11445 823 952 19127 2623 19520 16579 18628 6467 3448 6984 3411 2389 15832 12377 8536 16219 4068 6502 6503 5742 4079 11376 16369 12144 13171 11637 18552 11129 6909 12798 16639
0 18435 1928 1801 9225 11148 19734 19351 7198 6433 1826 5668 19365 5157 5671 14632 8871 2860 6446 7088 18996 6964 17719 11064 6074 2234 12604 15423 16577 12872 3785 4042 19915 13388 8015 15311 210 13139 14036 10194 10455 19033 90 19931 1626 7900 5213 9178 3048 1129 7792 13943 18810
1154 8966 14731 1421 13584 1170 3861 15384 15773 18079 12063 19617 9635 677 5925 6053 2600 14377 14506 16806 1196 6185 15151 9392 19761 5552 4032 12993 6210 18372 17096 9032 16842 11596 15569 14290 7379 8406 10586 16731 988 16986 9692 7136 7524 19302 2288 1905 19444 13685 3449 17530 9982
7168 8194 17027 8709 4998 11531 8843 14992 19090 17557 13590 19350 13717 8089 2330 14998 15904 14369 5792 13607 2857 17455 1583 1330 6198 10939 2491 13245 12988 12480 6081 13763 2500 18890 16331 10315 13903 17360 13520 11091 19800 11098 15451 1503 12640 19810 9060 1001 18411 8171 10219 1653 18168
18816 3717 17161 14345 780 1806 17939 15639 3992 15387 3995 5661 8862 11807 13472 17699 8484 1319 7079 6441 5546 15657 9386 5288 7983 14769 5308 16705 8899 2627 6468 12102 8138 18635 19923 14420 12117 1494 2775 16344 7383 7254 8672 8420 12520 3948 5996 14451 4982 16506 5371 12156 17789
13570 10627 7684 1544 8462 3343 18448 19726 16530 6293 6821 18470 10279 15272 8489 11178 13099 11439 16817 18354 6195 13748 16182 1463 15927 7101 15680 3008 962 4547 7233 16581 5189 17606 4425 13258 8777 343 17497 14297 4827 16220 18788 19686 14950 11498 1390 10863 7791 7919 4340 2683 17532
7810 12931 18693 10762 15243 8075 11665 18835 12820 16282 10908 16932 12073 811 6572 13229 3117 12077 948 2616 1340 9789 5315 18116 18630 3658 15819 11213 5714 3923 17236 11732 18134 3158 8793 476 8288 18785 1637 18278 870 8934 3432 4970 14827 14189 10093 2287 10868 11893 8570 5883 7294
3716 19206 14481 4882 16403 10515 6547 8981 10265 1177 3993 3873 7459 10661 7590 5800 9513 19245 4914 10166 2871 4411 3399 10698 3020 17229 10574 16335 7500 3029 4821 12502 14044 18013 18910 16479 1502 5469 5470 4222 8426 5997 1134 17009 13681 15092 4853 16758 246 10873 7034 15484 16766
11008 6662 16649 14219 3857 2068 11797 13079 3482 18721 16419 18339 10790 17705 2987 16046 7728 7601 13621 19641 12862 11587 16198 2375 10310 17097 15434 8265 1612 1614 81 19922 3670 11351 13271 9820 861 15711 352 1121 12644 12517 11365 10599 11367 11112 876 2414 14325 502 7030 508
13056 4744 1274 17803 7695 1936 8463 7186 15766 16794 7962 14620 14876 18464 3107 165 18984 12713 5291 2604 11565 17714 4278 17599 2626 14403 3779 1349 15438 8272 8916 6869 11481 7258 13019 7899 9568 7140 3301 19942 14825 11114 3693 3309 6769 12659 15349 15990 5110 17402 4859 6653
10499 389 2440 2700 19469 6285 12049 12694 1047 6678 4891 1439 7584 8992 931 10276 18469 17575 12072 1449 13225 9642 18732 688 8882 15667 19253 17847 8631 10431 3649 5191 10825 10956 14156 6608 1745 10321 6996 19162 15450 4316 16990 11614 5987 10853 9584 17267 19707 19324 5758 15743
9337 11267 19717 7175 1528 6537 18314 138 6284 14350 16270 19473 7060 8597 14487 14746 18330 3108 4262 7463 2858 4144 14258 18482 8116 3378 19894 11707 17469 14654 15551 6853 13130 335 6739 340 16091 9314 7398 10984 11499 14061 1518 12402 12404 13557 12408 11001 13947 127 18813 14847
5496 19850 10130 8083 5527 6040 10652 288 12576 16034 2083 2086 6950 8743 13484 6191 19375 5167 15029 9143 19897 17337 19770 4283 11581 19777 14660 17348 18374 10695 11334 15814 8520 9157 8525 3533 18255 14543 10459 8035 11366 14314 9323 18029 6510 12653 16241 4724 8948 17144 5370 11518
14977 2818 18691 8581 4614 4488 3210 8970 397 3597 8975 10770 3475 12950 16412 11932 10141 15010 1059 9634 9641 6317 15536 4400 19638 17591 8506 3387 3644 2493 2368 7362 3396 11975 17997 5587 6230 9057 16995 8549 18406 12389 14954 18287 1904 12271 3314 4212 375 18427 2046 14335
11522 1411 2947 6023 13705 2698 19339 13326 655 10514 9109 12568 5528 2458 8474 19354 7453 15518 2852 12069 6569 5674 13868 14381 6960 17457 1333 1078 17082 18878 15167 3007 16193 3777 712 6603 8140 16207 1364 10331 8668 10721 18660 4712 875 1391 11888 1008 8057 9213 2175
769 8582 4874 16651 16142 19727 1166 6673 18066 147 1299 4371 14358 5525 7697 412 10396 15005 10270 4775 10668 18477 12592 8496 10291 18357 13624 5688 13756 7743 16960 5569 16965 3270 16583 8783 11217 17880 16600 7513 18139 990 18914 3941 8170 3053 14192 6897 8566 3832 2303
19456 6017 11778 17667 19845 15758 14997 278 6807 13845 18966 5789 7585 8354 15397 167 12199 3623 9648 19000 5176 18874 3006 10686 5696 5184 11330 14661 4046 13264 7125 4053 729 15577 15073 12648 9705 106 11370 14313 6125 19566 2670 9328 8047 11248 8944 15608 18811 8316 15101
11648 4610 5380 4104 11273 13321 11019 12172 11660 4106 4361 5136 7571 19732 19990 9879 8732 11551 2721 12578 10406 5030 18222 13616 17458 5171 9140 2614 5310 9535 833 9926 14281 9422 15059 12501 6742 13911 6104 15836 13789 10333 6879 7904 7648 9831 2162 7412 19062 15992 7934
14593 18564 5892 1033 8713 17422 11790 4238 13202 16660 1428 11798 2455 16408 7191 8607 10656 7711 418 11049 14890 11183 13232 6704 1713 1206 2359 12984 3257 2107 19006 11583 10561 7875 11974 8136 6474 11083 9551 980 14038 6112 3810 7272 3433 9706 8811 3820 19437 17654 14968
12672 14338 5250 776 5389 19853 12944 12048 15121 403 3346 2331 3227 15525 15781 1957 15784 7209 16429 7982 2609 2867 15028 2995 15674 15546 10813 18756 19655 1223 1736 7120 17234 19283 14294 6234 19164 11357 17246 3420 3935 19809 4957 12005 7782 13161 15087 879 3185 8180 15612
7694 11024 8336 19858 6421 17685 11670 15640 6170 10525 6688 13346 10537 9899 2223 1584 14895 6066 8242 6325 183 19394 15688 15176 19021 17613 1744 11603 7894 13401 5978 13147 11868 6881 9570 8930 16484 16613 16103 1772 13549 6641 3057 17012 629 18549 1269 7672 18297 8309 13310
4737 18309 17798 7686 5641 13578 4365 15762 3991 7461 6315 5165 17837 5679 4146 14516 14004 13493 14261 6840 18235 12227 203 19405 19024 8273 12024 15320 14040 19420 8157 5468 8800 17889 3937 4835 10980 5345 8165 1896 16745 18922 19436 4846 19697 3954 2679 2936 8826 8443 6269
1527 14724 8708 13189 14855 8711 15754 8587 2570 13069 1422 4113 7700 17941 12695 6681 8094 10526 3488 12449 13740 3373 15023 308 3380 18740 9410 4165 16838 838 9672 12880 13270 10454 18137 1370 9049 15996 16996 6374 5479 232 5611 14315 12908 10096 14710 13303 16379 14844 17406
8961 10371 8964 19208 649 9483 9742 1041 17938 4116 8853 5781 6422 11286 7964 17696 8611 933 15783 10792 13485 2172 3640 10044 18114 9540 12229 9932 19921 12626 9683 13269 8661 12247 5084 2783 17378 356 740 5989 17127 12777 8810 7017 9834 1902 16622 13168 14074 13051 16252
7169 13954 17673 10768 16018 4499 8220 2333 7966 1441 4132 4776 7081 17962 11820 15661 3504 14900 19893 15925 4151 1974 4919 6203 9406 7237 5061 11205 14282 18507 19788 17106 5971 6997 12118 2013 17118 9441 354 3942 16487 18666 13676 8945 8307 7411 758 7033 15226 10237
15105 11014 18182 6795 7820 18572 9997 2190 9741 2195 15636 2968 11421 14238 30 6304 5663 35 4643 15398 424 5033 6827 300 18095 16058 6206 16319 2753 834 4422 7629 15439 13395 2388 13652 10838 19926 15199 15456 2533 11626 11115 18923 16107 13295 753 9332 16631 17912
14594 12548 5125 7173 13063 1416 6408 16907 13837 8077 19855 2065 915 16020 8340 17815 15897 18844 11548 10402 9763 16548 685 19506 565 17081 10299 3900 9667 15173 5320 4170 10829 19666 7890 16342 8280 9307 14172 12381 17255 2791 15722 14828 10860 14191 2159 5879 13817 3967
12289 17282 4098 17412 2053 2565 2695 16395 12555 10128 145 1809 3089 9850 14488 11420 11423 11046 10794 7853 16304 16689 12854 8123 17597 4286 319 18752 5055 17730 7620 4430 18768 4087 16468 2516 7124 2263 11354 5981 4195 12773 881 7281 9585 18677 15735 7928 19066 10877
1152 17403 19978 19594 1429 407 17431 7070 929 8226 17827 1704 6057 15144 17967 946 10936 13498 9278 13889 5698 18371 19524 1733 2117 8519 12108 10879 19026 8277 598 7766 5461 12382 9569 18402 10725 11750 13029 7532 16752 2032 3696 6768 12533 9590 8312 5242 18043 12031
10508 6929 16916 6933 13078 8342 19611 3870 19871 19359 12575 18850 8614 5503 17449 940 1326 6575 18102 1082 13882 19644 572 17854 703 5951 5442 17731 5700 18762 10954 10699 3663 7247 10831 15571 15572 470 18392 15359 16352 18022 6379 1007 11903 18929 3058 7668 16251 18815
15233 11266 15617 1043 6423 6009 1309 5790 12961 8999 18986 5930 15404 7981 18223 17713 5299 9273 19387 19131 9660 12475 18111 14272 6466 16322 2245 5832 9423 14545 10705 14675 14291 5594 13536 6625 19684 15332 15598 3700 19958 8439 14582 505 6006 10875 4092 15613 14590 13695
4994 11906 8836 12418 14091 19212 1550 6928 1426 10005 18460 8734 13215 12580 16934 3881 15787 5419 12333 3638 16567 15544 10679 6712 15934 8383 14148 11333 7495 10311 8648 1108 3927 4575 12000 6368 15458 13539 14694 19688 616 7533 13167 16498 10867 10231 7673 251 15742 15871
18565 8460 13197 3981 8207 9365 665 17307 5406 1951 1316 19752 13354 18989 16050 15031 10681 8250 19901 4162 12486 2502 13256 11849 17995 16334 4943 464 6352 18770 13010 8016 19285 5974 15961 1369 10203 18271 3939 10723 18793 13292 1261 14702 495 2286 8437 2552 14586 14591
4608 10503 17159 11275 3340 19470 16015 16910 15248 8983 17819 15907 6308 549 8371 7093 570 13370 12222 13760 9922 18883 4675 2634 10191 15312 4309 18006 18393 14299 8028 16733 7775 2785 8547 9828 998 5864 14312 3438 10862 12401 6129 12915 16756 18548 8442 13180 8318 18175
14851 15880 11280 16785 6417 13205 14486 1943 13725 8481 6776 11054 8753 5427 12852 19381 1717 9528 8380 2749 2110 5823 7876 2886 11721 15948 14797 13902 975 2254 5584 17877 1110 3541 15960 19418 230 10214 1130 18924 7020 9839 9330 8306 19956 5747 9333 118 8696
15873 4609 11653 1291 536 15128 10905 1304 15001 17050 17051 32 15267 10021 10917 16808 14121 12458 8620 6832 11568 13874 10036 3509 5305 12218 12602 10428 18621 4797 16321 14788 9798 2121 1613 5198 5709 1104 15824 4175 9044 7645 18148 15717 19060 11514 12411 18814 383
17920 13827 12552 17162 11787 6413 5006 6798 13839 2963 13715 16535 2200 8218 18458 19356 2332 6810 9244 16923 5916 2594 4638 5662 16038 6705 5044 17848 18236 18364 6335 2881 1221 17490 4179 18520 12892 15973 2793 18288 18418 16242 2164 8181 17014 9074 2550 13053 1534
5378 6667 15500 17037 9233 17553 19860 2325 2326 6041 14235 4252 7203 19364 15524 3245 8877 14898 19892 4533 7351 19004 19388 4540 5185 15429 6597 18376 11208 17612 7164 15576 8027 3424 19681 4065 101 14439 16488 19689 5738 12138 492 6895 13555 13819 124 19966 16511
16259 904 8334 8974 13461 3862 3222 12184 2075 15519 161 1186 4129 8996 10916 680 14509 3633 10033 2104 11193 19002 15803 17596 17850 1465 13115 5435 8504 7877 3017 19534 10065 3538 6231 3290 219 15963 9180 19296 18917 17893 6629 6637 15728 12274 1531 8957 6655
13701 12679 3980 3214 12814 15124 11541 6036 13721 798 18593 673 14626 4259 16163 11824 17073 7730 5813 9145 3130 4794 17598 16575 10177 16324 1990 204 16593 12376 4953 12889 15452 15069 3038 2143 480 19427 8163 19053 15086 15597 752 8429 14318 4851 6261 7032 15227
17154 3203 3459 11525 13061 13070 7446 9371 4254 1566 11168 4128 10145 3233 12964 3365 10662 5543 7464 3371 18352 11836 19133 3646 5181 10696 3016 1232 13521 10834 9425 4180 8022 7897 18268 16095 1761 9954 5731 10724 19304 19818 11116 16624 15860 11639 16633 18554 7423
3456 14721 17669 15881 2832 14353 7568 6163 18580 9977 1051 5915 18206 9120 162 5154 2723 13603 4130 10284 15919 6142 6456 18745 13754 7610 826 2235 3770 5311 12739 6211 839 14023 969 17994 11467 8024 11097 19930 3163 14815 18017 13803 2676 5111 4089 8058 2302
12805 2439 9098 17291 19084 18447 2577 3473 9491 3860 13333 17946 6173 6558 10911 3493 12581 17579 17454 815 9774 10545 818 11059 9905 10938 15683 17347 1351 1991 2761 13133 334 4687 8785 19796 10712 15193 1016 475 2652 6623 4328 18409 4201 12787 12790 15736 5631
8069 4742 5509 11270 14352 12305 7314 17173 4373 15768 11292 8221 15520 2595 16424 16553 7341 12974 10162 18999 16055 1848 1210 3771 12856 6458 3647 15297 3784 13899 16972 9808 18769 18898 14930 7505 14678 4959 18528 10591 6116 18151 12392 5736 6386 6907 9342 12287
133 4741 16905 2315 19982 527 3726 15891 405 533 792 808 18859 4143 432 5168 14386 6453 3766 7483 11326 1854 17990 10952 9802 16332 19022 5585 19282 1367 13015 4055 12250 5597 16993 5858 8807 8808 5737 5992 15596 7663 5744 11506 117 5238 7160 1021
17285 648 11529 2836 9876 18970 14877 12319 4127 9759 16035 13092 8485 7718 12074 2220 18348 7854 16686 8624 49 5936 8876 181 3383 7864 4536 66 17475 13126 17996 7373 4688 1105 4819 5075 7767 4952 13785 18267 16603 10215 8681 8938 12272 4722 13940 2677
4611 10118 14729 2828 9873 12442 7324 12189 1694 17440 5408 8866 6305 4388 2602 555 7468 1582 12977 19634 1074 4665 9786 574 18367 8257 18115 19012 19779 12483 12614 5060 8644 3274 971 2124 12877 9931 981 14041 9561 15460 12394 3051 13806 4975 7288 19577
2688 11782 4362 11662 8718 19857 1430 14233 16410 19738 10778 15389 4001 13097 14249 2729 14647 5560 7741 1090 17477 17095 8010 15947 1743 11227 12380 10971 12154 4192 9697 8674 18915 6244 16234 17003 10603 6515 14580 8819 1910 2551 2038 1657 7290 10870 3955 16253
16897 4746 525 3342 14866 15507 13978 411 19997 2973 2207 7199 11167 674 5669 19113 7470 8755 698 443 7999 4800 12099 964 2628 13640 18249 15433 6347 4435 3285 2648 11737 12383 12129 9698 19556 743 16493 18542 9455 17909 9206 12021 8952 10233 2045 11647
17155 10243 2307 5764 11524 10506 19346 1938 7443 3606 4888 4896 417 6819 5927 9255 10538 11306 18860 14892 4780 4015 10927 13362 15794 9142 1847 8377 10172 3447 14913 5441 17734 6343 4553 989 4448 2273 17891 19560 18410 15724 15472 4336 2290 15347 12791 11256
8832 10756 19334 7174 18186 906 910 13838 15892 12057 16666 3741 7709 3102 13216 1953 17442 7842 15775 6815 19886 1071 2097 4657 16819 13620 19900 11965 10687 7744 8643 17735 19399 4296 5835 10188 16973 8654 2641 2395 4571 19300 16359 10987 15213 7022 13178 4988
12293 9 11786 6410 9868 5261 6924 9100 15377 14867 1175 11417 19357 13471 1440 2340 12708 8870 1320 19753 172 1708 2990 18994 12210 3510 9530 16449 1476 6725 9800 15945 15052 12883 5717 14426 10720 16997 18919 9832 4971 9451 17519 19184 4855 8953 2301
4224 11271 3721 14090 2571 5132 4618 1934 3984 5911 7836 2080 14880 2208 13731 9256 18985 11434 17965 15410 2997 11451 15299 2505 17355 19407 8784 13392 10961 5713 19929 4315 11869 7009 4451 10480 18673 8177 4729 15476 12917 8182 1143 8821 16249 17655 2940
11141 15112 11146 14603 17804 16653 3348 3096 19481 19230 17822 7072 13729 10020 5541 6312 683 2731 8878 11699 17077 15678 9279 18753 8898 9154 16713 2762 10569 15820 3917 2512 13012 11092 6105 19294 13663 3423 19169 4319 17004 18928 14576 2160 6131 4861 18303
16514 10244 12550 5256 3598 6543 6037 3738 19227 16925 5917 19104 16416 13096 16940 17842 13236 6454 8246 19005 12606 19007 3651 2115 7501 9552 2901 15829 4695 11353 6873 15838 11877 5734 490 14570 2925 2926 5743 1264 4464 17266 15348 17782 374 11896 886
19712 5249 12674 7298 3076 17800 1929 10383 14226 12436 17177 10272 8483 16549 3494 11818 7851 14896 15671 16952 191 7235 17476 3273 13005 2638 15821 5069 3410 14293 5338 17117 10973 1759 16739 19812 8936 5100 12524 17775 13683 18165 9462 13173 5497 252 6013
3715 11397 7813 264 4363 17165 19599 5649 9235 1813 663 11289 3610 5147 8859 14886 14504 2859 6059 13997 9005 18353 11825 17843 4917 11709 3005 1730 5319 18005 9557 7003 11612 15072 16228 7653 10598 5605 5224 5228 2669 2416 17777 1267 7667 7287 14718
12166 18957 7949 271 9618 14611 15379 7828 2324 9878 15258 11038 8478 7839 3234 13347 1450 16555 18346 14767 10161 15415 17720 18880 15553 5958 17991 7879 2247 10186 19020 2130 2387 4567 11095 8026 5085 13279 10975 18533 16486 18920 17393 11507 18934 16247 4479
16000 19076 8965 3592 12809 11016 907 6797 18967 19865 16033 13989 15909 4008 3246 16047 17074 16946 12340 11063 19001 16186 2109 5063 14924 16595 216 9690 19674 19932 15965 6240 7392 5856 14947 3684 17253 9197 8430 16495 12145 7410 17139 6259 12788 13307
19968 6275 18699 5650 16149 15254 662 5909 921 19616 16545 17057 5284 11174 13479 1960 3240 1967 15153 9010 4661 16951 16184 9400 14521 1723 11968 11461 8909 5967 18133 6489 4449 8805 2663 19305 12906 12907 110 9072 16882 13942 3191 3963 6652 14973
1664 8066 1410 3972 1287 18439 14987 12430 529 11922 1044 11285 15638 16407 4247 10644 19868 29 12447 14113 19874 2597 6570 5681 17076 4534 16183 13112 7222 14784 7111 16586 9162 3680 2535 16105 3179 1516 2284 3056 3953 8178 16500 9205 10230 17531
5633 4743 8967 12935 12306 6167 6302 18091 17580 8237 9904 9777 10418 16692 1845 17723 1853 1470 11199 13248 4034 10563 8004 10693 3526 2244 5447 5704 2251 14415 5847 13144 13272 220 13662 11491 2278 9576 9452 10861 2417 1523 8694 6008 19706 12158
15360 1 18053 3334 7821 9746 1689 17180 11934 10527 3874 15139 19623 11442 9652 19125 18741 6582 12728 7352 10804 8500 1984 19649 2372 9158 2888 19403 1356 5965 3664 16977 13011 1237 15701 10709 3035 19680 19568 2673 4468 4981 8692 5369 19070
15624 13328 7953 14994 15634 19604 13724 2334 10655 10784 6430 3490 4258 18856 16426 16045 4781 6319 4786 8252 17471 19904 706 15046 16457 7883 11469 11470 14417 17233 11476 18008 19545 15579 5215 2400 7142 4071 13160 15593 7399 18032 1393 14578 14843
12676 2697 18061 17808 11668 18068 3735 14616 5659 9501 7326 19232 6306 6823 6571 4523 5048 11961 8253 3523 13125 16199 18887 8775 6600 5196 6864 10962 14802 17878 13655 14937 19163 8414 8798 5727 14435 3683 2798 7027 11123 5877 6519 17018 15229
19841 6658 12547 19331 7429 5639 13963 18444 9743 14995 8988 16298 18731 3885 9394 19635 10168 17338 1469 13504 6721 10054 16078 1362 2773 11222 13527 3417 12635 19292 16223 2528 5730 18274 7010 5092 18021 17382 17766 1642 4335 12529 19068 16126 15615
14592 16136 5512 17806 16912 16656 4624 16148 7573 12570 5407 4515 13098 11696 15026 1716 6072 4282 13377 3393 14019 5571 7496 7497 5450 16203 14412 6987 15951 977 19794 4189 16606 9950 14816 19170 9446 18535 3437 4983 2296 5627 19581 3838 7295
7682 1541 18188 14988 16013 7055 8847 19729 7439 16920 8346 10011 9882 12699 10780 11297 13859 15782 6394 6961 10420 3254 15799 15417 6586 14268 14655 2640 2897 2258 16723 8151 5976 9563 7389 6624 14817 7016 9067 12781 18672 13818 14332 5885 18047
7424 4869 9222 1802 3339 18700 19983 6808 9368 7580 1822 1824 3746 10920 15535 18736 562 14390 17976 1721 7225 15296 2496 14273 9415 13006 2894 7502 19410 9813 18651 14684 10976 11744 19938 13923 17509 12134 16615 878 14196 885 3830 7671 11515
14208 10114 14853 19847 14858 10893 13713 8209 18326 11672 7579 18333 15133 12326 14887 15785 12587 4270 17075 14134 17975 8503 3768 2174 18109 7872 12867 15556 965 7110 9543 972 14162 9682 8918 2646 3706 8797 5486 6772 19574 1655 3192 12666 1918
2434 11650 19461 5638 14727 6414 6927 5008 2449 6287 5652 16405 14229 15898 11682 5155 9894 5929 810 19631 12335 2991 7990 4156 15549 2236 6844 9539 3272 8008 11466 12492 16093 7520 10084 613 13541 2153 3436 13677 6638 500 1782 1275 12286
10881 9985 11907 15748 518 5642 17932 7181 13836 13971 8343 15644 18592 3616 9003 11564 17585 5041 5939 17460 16696 15161 4923 64 11840 11713 7105 19013 11590 18503 2122 15694 14929 14933 18649 12509 16224 4838 10345 2671 11377 2418 14969 6140 16125
12928 897 18434 387 16645 6278 3338 5775 4503 4889 9627 3869 3997 15646 159 3111 11432 4012 16048 8502 10551 15036 11331 5316 19525 12231 11464 7754 3659 8395 7628 15054 4691 12121 4698 7130 18525 1246 350 12390 3572 1781 14841 18044 3455
9728 6272 11911 8327 4489 12176 10129 4754 11030 3224 15514 1825 12451 2596 9893 18213 936 5672 5673 7595 9266 16053 18748 19137 2114 13513 15050 7884 16975 15442 15707 9693 12637 16350 19173 7270 14567 9448 9190 9322 15595 14700 17515 17143 637
17922 13955 9092 19716 13702 3467 13579 2453 535 15129 16927 16164 19622 12586 18603 5421 16690 10676 2485 19257 6587 1727 13249 11386 11600 19154 18517 985 5081 17500 15074 2404 4324 14566 1002 3181 14446 3951 14193 14962 2289 2419 9208 15610 9212
14722 10120 15753 3337 17940 5787 6172 7708 17949 19233 11940 8359 15145 14889 10414 13745 16178 10802 6837 1589 4022 13881 16197 11468 16721 13268 2006 15575 3032 2905 12506 7642 3166 11616 8419 11237 19690 1648 113 4465 4082 1909 13052 16894 15999
9347 6150 135 1415 18060 912 17818 17306 413 16031 17184 17829 678 11433 1322 16683 12973 10160 9011 11324 3516 5954 4931 9030 9288 1226 2763 1998 10323 5331 856 14552 3036 5726 14179 2531 2662 13416 3947 16109 5233 5236 1273 3579 8829
18823 6921 13458 16404 14231 4120 15771 9631 1823 16543 9890 6701 12975 13360 18609 178 17970 3376 6323 9782 15926 11573 15168 16195 18373 10566 16327 8019 341 1881 6367 19424 14687 2275 2024 15337 2412 19441 11762 10225 17526 632 19835 1406 17279
9220 18827 18828 4627 14740 8469 5270 10520 15003 1701 8101 17067 14252 13233 16562 17845 696 12092 199 8391 3527 17483 10061 11216 2001 8147 4693 6614 5464 15322 3809 6241 13924 2149 14181 15847 1514 3690 6381 3312 5232 10226 12660 10359 13179
4736 14980 9350 17036 15373 10000 10513 2706 1174 7959 13080 8857 8856 2582 19735 10019 4266 2732 2093 14765 4783 3894 14009 1977 19016 11979 17100 11980 7244 19791 6609 19668 2396 227 8293 6247 3945 15853 6766 8301 5489 8051 3831 5880 2425
16520 3727 15125 7829 7706 13723 5025 4389 4902 12710 10791 19369 6056 10666 12460 1197 12847 9393 14264 11705 7612 8001 18498 10433 16710 5197 15570 11134 9173 9818 2011 14557 16357 9447 18794 6890 9838 370 9842 19315 3316 6522 12668 1790 2815
17784 1032 18953 8202 7690 16143 4755 10259 2966 9753 9113 2462 4002 12707 1317 5542 7208 1961 7219 3253 11577 17981 6336 19272 9035 12107 15309 5332 3797 16857 8285 11232 19297 15331 10595 11880 8041 15981 18541 12270 19702 18423 14328 5366
12416 12032 13314 3 13185 1797 15625 9356 3604 1435 924 14619 1691 2339 3235 11685 9126 18474 6954 15539 6708 13111 11704 18106 9274 9148 3261 13373 10820 12615 2250 10828 8781 3790 16474 8794 12004 6380 7661 13809 5490 9079 15994 4095
1285 15628 3471 19728 11536 22 12055 13591 9497 6426 10523 15780 18045 5286 10283 8492 2862 14255 7087 6904 8884 7220 15030 15159 1334 3129 12727 7096 9276 8254 11202 13771 14540 7116 18516 6232 14436 9701 16230 13044 2167 11128 253 16893
8710 19721 14606 13968 13330 11414 9754 12061 2850 17316 3750 2218 10156 5037 19118 15152 15025 5683 19124 4916 9275 6333 17214 575 18368 1599 16191 19398 11078 9416 6599 9933 1486 6994 12243 8410 12508 3171 2150 10485 7029 6393 14076 9341
13443 15108 5897 16266 14730 15372 11534 17935 3600 18451 4631 17945 3225 18973 15134 11293 1184 286 11935 7710 16421 1829 15527 7724 18733 14257 17461 11712 14787 15685 13511 15180 11101 11359 7903 489 11754 873 17008 10611 17780 14583 7419 4349
9346 4866 9736 4875 11403 17677 16654 1039 1805 12817 11920 3986 7308 1559 6169 1947 11931 10787 7205 10534 12071 13613 11053 4141 5808 7988 2173 19902 3911 18256 2004 11477 7677 9571 4836 12775 7784 111 16890 10100 1146 16124 7037 12543
8448 18433 3712 4605 12423 1930 13067 4236 16157 10146 18597 17834 557 13490 17203 4788 17717 15542 440 12217 8634 10680 4155 4160 13890 711 2377 720 11605 17110 8279 5595 10589 6883 1636 10346 18795 6765 5101 5869 19191 16504 5113 15869
5762 2692 6152 7696 9874 19347 18834 11418 922 15388 8350 13343 18976 17568 3617 15779 2980 2853 11175 17718 5431 2106 13374 5444 5574 13512 14409 8651 15822 15952 13783 349 16608 18657 19429 18791 18279 10473 621 2158 8816 2672 3060 12279
17923 3844 19077 5126 4745 8972 9999 19216 14612 9748 9236 2586 19493 6696 10409 682 3631 1970 6962 6069 6073 955 3319 9024 11075 14147 14792 17482 6863 4945 4184 16859 2146 3682 11108 12003 11495 620 8174 9202 2037 13047 14331 5887
18438 19338 6158 13071 17813 17943 17948 4765 12830 13086 672 10912 15651 4263 12327 7337 7600 19121 13489 1462 16439 1464 3903 12864 18241 19139 11845 11387 17230 7632 18257 13905 468 18901 4826 14813 7902 11490 10222 19567 14065 8817 2043
15362 2178 2694 19079 4364 11407 3087 5138 13463 16793 17309 12445 13085 7327 17569 16803 18087 17320 16301 13492 15418 9914 1084 6718 8895 16964 584 17609 16971 2892 3669 9947 7259 7549 12128 18787 19813 11371 7669 12150 18298 3325 14974
9989 12294 19977 15370 13583 11026 7062 9752 1690 15263 11808 6431 6690 13475 4900 13599 8102 14631 8108 559 6710 17079 1719 3256 7480 12347 3388 7871 13632 1862 4939 9036 17869 12623 1617 84 9304 7896 9712 6513 17272 14970 3070
2052 10376 9865 6032 2965 15256 4761 19872 17061 13222 11815 19632 1329 1585 16698 19519 1216 3776 16063 13379 7232 2751 11463 12618 15818 6989 9806 4049 18003 16853 6874 2651 8924 19937 994 19042 3170 10729 8179 13814 3065 4987 17276
6534 19718 12415 6281 11532 3085 19988 18461 11550 8096 18852 18598 1446 5798 11945 11435 2680 9518 10158 7473 12981 3126 2872 5948 452 5577 3148 6092 12368 4561 13398 16598 18140 8413 863 4196 5355 2542 17647 6262 2424 10747 639
12039 5751 16014 14095 17937 5534 8225 9378 10531 9381 3366 10923 7472 14001 5565 1087 12352 2112 19651 1477 15564 974 16079 11983 3281 1748 13397 16854 8789 16991 14305 5601 4582 6759 618 17774 9966 4849 11383 16888 15097 4218 1019
7942 16782 12559 12688 402 916 3220 19096 11416 9852 17189 2605 14126 7216 1969 6328 8121 16826 15291 7740 15807 15169 16578 963 4172 12493 13775 18384 9169 17746 13522 13908 9814 1629 17121 8931 18537 3561 6512 4338 13688 15740
3841 4225 8457 2318 17809 13459 275 3989 17559 3609 1178 8475 1445 6567 425 4276 5428 19385 17216 15040 7489 17988 10565 12485 324 4040 4680 8389 14809 9305 15708 732 16992 4066 9316 2661 13415 16872 10484 8823 7416 12665
8579 11651 8198 11528 2574 10382 9747 4885 18838 6038 7194 6044 7454 17960 4650 2219 4010 15405 13743 1588 3637 16694 12985 17466 3515 17604 12366 79 18771 6741 8278 5207 7000 7647 5988 1381 17129 15982 14963 16632 11389 8062
1156 3589 3852 1678 13199 1431 15000 6941 10653 1182 14884 12837 15013 18215 19880 9127 15270 4651 12078 10798 10293 4407 16832 9152 12233 4297 3919 8531 18387 14423 2778 10075 92 3040 16610 3173 493 17650 11636 15224 2553 3711
16900 6917 8071 12427 18316 7822 17299 3866 12446 9891 7719 5417 12714 16437 1720 14394 14919 1484 2509 17998 19793 15313 11986 13140 855 19415 14681 15196 11740 5980 15201 12260 997 17512 6760 8946 9843 17910 19831 762 5116 18943
11520 9344 16899 5507 2696 4234 19220 8084 13846 8728 5919 4000 13349 681 10282 15275 14899 11960 10937 9529 10432 5953 15298 2624 9668 19014 9306 3042 19683 12643 12903 1643 18028 6127 14449 15858 7153 5750 13431 13433 11388 6399
2945 13190 18183 9863 3850 908 4108 17811 10388 16150 17433 12450 11561 19499 4785 14774 19513 14911 1600 14277 14408 10056 19412 3028 3416 7898 4701 93 9312 1505 10343 14184 8554 5866 15343 19440 10479 8436 9464 2430 5247
