22 48 114 123 142 166 276 287 314 323 342 443 450 486 527 652 700 718 751 943 957 
81 146 393 490 651 
72 119 144 157 181 192 285 312 313 319 374 435 451 525 550 696 711 752 765 783 814 837 838 857 897 920 
6 9 237 302 367 372 386 395 415 476 554 594 833 984 
14 39 124 220 390 396 420 477 533 602 624 661 679 740 753 780 836 
21 41 140 150 169 179 212 283 343 350 361 468 469 472 497 506 515 529 600 628 636 793 880 894 912 947 966 
23 71 104 125 134 155 172 175 204 241 258 310 373 540 587 672 710 792 795 831 
11 49 162 165 167 251 257 303 581 682 704 723 726 758 819 847 886 901 910 919 986 
77 183 458 823 888 918 
83 88 339 670 703 719 
12 68 122 138 145 161 206 265 335 507 575 583 613 657 677 715 731 763 789 809 821 827 855 917 928 933 940 
3 74 78 89 199 273 282 322 351 417 427 483 571 618 658 685 776 828 862 902 938 954 
67 82 137 209 227 286 306 389 416 463 491 523 535 539 601 604 612 629 669 678 691 733 760 804 839 882 
60 120 228 229 233 363 421 430 475 588 698 709 768 826 885 891 976 
96 110 211 295 307 448 626 738 
190 196 210 247 304 560 648 695 725 990 
10 75 132 158 180 232 264 266 329 429 603 632 689 747 786 800 825 840 887 896 903 905 935 958 987 
51 117 235 428 460 547 706 745 
53 234 267 311 841 
25 65 85 100 113 191 198 231 294 331 362 398 479 512 522 621 654 683 699 701 759 824 830 845 909 915 971 
222 277 408 437 562 565 605 610 667 694 708 721 727 732 749 781 849 865 866 878 908 921 978 
318 425 614 
20 358 359 434 442 500 668 868 
118 184 370 376 380 391 406 423 445 531 582 757 802 
221 366 385 405 576 596 666 772 858 875 
19 29 141 160 164 298 315 327 505 511 526 578 617 655 671 707 767 861 883 936 951 965 973 979 997 
37 70 103 112 131 147 242 344 348 424 436 543 555 627 649 713 735 796 797 863 864 873 932 937 992 
4 54 61 111 148 151 171 201 223 279 325 334 532 534 630 642 676 730 746 774 778 941 949 962 
0 40 63 90 143 156 268 330 397 471 478 494 524 537 592 606 644 674 675 686 743 755 784 846 870 964 981 994 
30 46 62 80 200 255 278 299 368 377 384 387 466 492 552 598 607 665 744 787 854 859 948 961 
5 24 26 45 50 93 97 126 127 153 188 225 248 253 262 337 394 426 467 482 577 611 615 616 643 716 741 799 850 890 922 930 942 967 988 
17 27 57 58 79 84 92 108 136 177 217 240 411 473 474 509 519 563 569 579 635 659 664 798 801 860 871 881 906 911 914 923 946 959 963 969 
176 207 357 371 404 465 499 546 570 637 775 794 808 
36 64 66 178 186 239 459 513 530 843 939 
8 197 271 317 353 356 409 441 452 464 470 517 542 558 586 599 851 892 977 
38 135 195 261 333 481 518 633 
47 52 73 87 128 213 288 413 422 447 489 508 619 641 653 742 748 877 924 
35 129 159 214 246 249 293 297 320 332 336 345 349 454 495 622 693 737 848 879 968 993 
94 187 289 301 360 365 382 432 485 493 717 734 779 790 805 822 844 913 
1 56 86 116 152 316 346 375 381 484 545 568 812 
130 205 219 245 280 281 379 388 401 402 419 433 440 461 462 480 516 549 564 584 638 663 673 736 766 770 807 810 811 853 955 960 983 
133 290 291 383 597 756 817 
43 76 95 98 102 174 252 292 364 399 407 431 514 548 593 623 640 650 680 692 714 728 869 950 953 985 
15 34 69 106 194 215 275 418 557 572 634 656 806 829 945 
59 91 139 182 226 256 269 340 456 498 503 521 528 591 595 782 785 791 803 842 856 876 889 898 907 925 
163 254 449 567 996 
2 33 154 244 274 296 347 496 574 608 609 645 662 697 834 926 972 
224 378 453 566 620 639 690 816 900 
168 250 308 403 446 457 684 724 867 975 
13 42 99 170 208 263 321 328 341 352 412 414 439 561 580 681 705 764 773 835 884 916 989 999 
7 31 101 109 115 121 270 354 444 455 544 625 647 712 722 729 769 820 872 874 927 970 991 995 
105 272 284 305 369 488 687 
16 18 28 55 107 173 193 238 243 259 300 392 501 520 553 556 559 573 585 646 739 750 761 771 815 852 904 934 944 956 
44 202 203 218 230 260 324 338 536 541 551 589 631 688 754 762 788 832 929 974 998 
32 149 185 216 236 309 355 400 410 504 538 660 702 720 777 893 895 899 931 952 980 982 
189 326 438 487 502 510 590 813 818 
