7 31 101 109 113 115 121 168 263 270 272 354 380 403 435 444 455 544 625 647 684 712 722 724 729 769 820 872 874 927 970 991 995 
5 24 26 45 50 93 97 126 127 188 225 248 253 262 291 337 349 379 394 426 467 482 529 577 611 615 616 635 639 643 716 741 793 799 850 890 922 930 942 967 988 
44 202 203 218 230 260 324 338 536 541 551 589 631 688 754 762 788 832 929 974 998 
27 99 184 189 208 321 341 352 391 412 414 439 445 510 531 561 580 695 757 764 773 802 835 884 916 
2 14 36 39 64 118 124 178 186 213 220 235 311 368 370 390 396 406 415 420 423 459 490 513 533 582 594 602 661 679 740 753 780 836 843 939 
11 69 77 86 103 162 165 167 183 221 251 257 303 322 359 366 405 413 458 581 666 682 704 723 726 758 819 823 847 858 875 886 888 901 910 918 919 945 986 
0 6 41 42 63 90 105 140 143 150 156 179 187 211 212 261 267 283 290 330 347 350 361 369 383 395 397 448 471 477 478 487 494 506 515 524 537 540 567 592 597 606 626 644 674 675 686 687 738 755 756 784 792 833 846 870 873 878 894 912 947 964 966 981 994 999 
16 18 28 33 55 66 96 107 173 193 238 243 259 300 307 378 392 449 469 501 520 530 553 556 559 573 585 628 646 693 739 750 761 771 815 852 904 934 944 956 
8 62 154 169 197 244 246 271 296 299 317 353 356 409 441 452 464 496 508 517 542 547 558 586 599 608 609 662 697 705 706 745 829 834 851 892 926 972 977 
15 34 48 56 83 112 114 116 123 142 166 194 215 276 287 323 346 381 418 438 443 450 527 545 572 634 700 718 751 806 943 957 
22 23 51 104 125 134 155 172 175 204 258 310 336 373 495 587 672 710 795 831 
10 75 132 158 180 214 232 264 266 288 329 429 502 590 603 632 689 747 786 800 825 840 879 887 896 903 905 935 958 987 
32 149 185 216 236 309 316 355 367 400 410 504 538 660 702 720 777 812 893 895 899 931 952 980 982 
13 35 47 53 87 106 129 159 205 222 239 250 277 293 305 320 332 422 447 562 565 622 641 652 653 667 681 708 721 732 737 742 748 781 865 877 908 921 924 968 971 978 993 
29 49 59 91 139 182 226 245 269 274 340 456 498 503 521 528 591 595 727 749 782 785 791 803 842 856 876 889 898 907 925 989 
4 21 54 61 111 148 151 171 201 223 279 325 334 375 484 532 534 630 636 642 676 730 746 774 778 880 941 949 962 
67 82 137 209 227 286 306 389 416 428 463 491 523 535 539 601 604 612 629 669 691 733 760 804 839 882 
37 70 88 131 136 147 242 254 328 339 344 345 348 358 372 376 385 408 424 436 468 470 481 497 500 543 555 576 596 620 627 649 668 670 690 694 713 719 735 743 772 796 797 849 863 864 868 932 937 992 996 
9 60 120 170 195 210 228 229 233 237 247 284 302 304 326 363 386 421 430 475 488 557 566 588 633 648 698 703 709 768 813 818 826 885 891 976 984 990 
12 68 122 128 133 138 145 161 163 198 206 265 335 507 575 583 613 657 677 715 731 763 789 809 821 827 855 917 928 933 940 
38 52 73 130 135 196 219 280 281 333 388 401 402 419 425 433 440 461 462 480 489 516 518 549 564 568 584 619 638 663 673 766 770 807 810 811 853 867 955 960 983 
17 57 58 79 84 92 108 110 152 177 217 240 249 342 343 411 472 473 474 486 509 519 563 569 579 600 659 664 798 801 848 860 871 881 906 911 914 923 946 959 963 969 
25 65 85 100 191 231 241 256 294 297 318 331 362 398 454 512 522 554 614 621 645 654 683 699 701 759 824 830 845 909 915 
1 19 40 71 81 141 146 160 164 190 268 298 315 327 393 437 479 505 511 526 560 574 578 605 610 617 651 655 671 678 707 725 767 817 841 861 866 883 936 951 965 973 979 997 
43 76 95 98 102 174 252 292 364 399 407 431 434 442 514 548 593 623 640 650 680 692 714 728 734 869 950 953 985 
30 46 80 117 176 200 207 234 255 275 278 295 357 371 377 384 387 404 460 466 476 492 499 552 570 598 607 637 656 665 736 744 775 787 794 808 854 859 948 961 
3 20 74 78 89 153 199 224 273 282 301 308 351 417 427 446 453 465 483 546 571 618 624 658 685 776 816 828 862 900 902 938 954 975 
94 289 314 360 365 382 432 457 485 493 717 779 790 805 822 844 913 
72 119 144 157 181 192 285 312 313 319 374 451 525 550 696 711 752 765 783 814 837 838 857 897 920 
