34 114 123 142 166 194 215 276 363 418 557 700 727 751 943 
3 15 69 83 106 275 287 322 323 333 375 381 443 450 490 527 572 634 656 718 806 812 829 945 957 
13 328 488 681 705 999 
8 154 169 197 244 246 271 296 299 353 356 409 441 452 464 496 508 517 542 547 558 571 574 586 599 608 609 662 697 745 834 851 892 926 972 977 
224 379 417 427 620 635 639 816 862 900 902 
1 2 20 33 99 136 208 347 479 580 668 
16 18 28 55 107 173 193 238 243 259 300 392 501 520 553 556 559 573 585 646 739 750 761 771 815 852 904 934 944 956 
7 31 101 109 115 121 270 354 435 444 455 544 625 647 712 722 729 769 820 872 874 927 970 991 995 
42 183 213 380 388 867 
6 21 41 150 212 254 290 314 342 343 372 425 468 469 472 486 515 529 540 567 600 628 636 687 793 880 894 912 947 966 996 
40 133 187 211 261 268 397 448 465 481 537 606 626 738 784 817 
44 202 203 218 230 260 324 338 536 541 551 589 631 688 754 762 788 832 929 974 998 
88 749 
52 73 128 189 288 489 510 619 
48 53 56 116 152 234 267 308 346 404 545 568 
30 62 105 170 255 291 295 305 317 369 383 502 590 597 787 981 
43 76 95 98 102 174 252 292 364 399 407 431 514 548 593 623 640 650 680 692 714 728 869 950 953 985 
35 47 96 249 273 307 332 413 422 438 447 641 653 742 748 848 877 924 
87 129 159 239 293 320 345 349 449 622 693 737 763 968 971 993 
32 149 185 216 236 309 316 355 400 410 504 538 660 702 720 777 893 895 899 931 952 980 982 
57 58 79 84 108 110 177 240 411 473 474 509 519 563 569 579 659 664 798 801 860 871 881 906 911 914 923 946 959 963 969 
10 75 132 158 180 214 232 264 266 329 429 603 632 689 747 786 800 825 840 879 887 896 903 905 935 958 987 
37 70 103 112 131 147 242 297 339 344 348 352 376 385 408 424 436 470 543 555 596 627 649 670 690 713 719 735 743 796 797 835 863 864 868 873 932 937 992 
12 68 97 122 138 145 161 163 179 206 220 265 335 507 575 583 613 657 677 715 731 789 809 821 827 855 917 928 933 940 
4 54 61 111 148 151 171 201 223 279 325 334 484 532 534 630 642 676 730 746 774 778 941 949 962 
207 235 357 367 371 428 476 499 706 775 794 808 
17 27 140 184 217 321 341 350 361 391 412 414 439 445 531 561 695 757 764 773 802 884 916 
0 63 90 143 156 181 283 330 471 477 478 494 524 592 644 674 675 686 755 756 846 870 964 994 
22 23 51 71 104 125 134 155 172 175 204 258 310 373 587 672 710 792 795 831 
5 24 26 45 50 93 126 127 188 225 248 253 262 337 394 426 467 482 577 611 615 643 716 741 799 850 890 922 930 942 967 988 
38 77 130 135 176 219 280 281 401 402 419 433 440 461 462 480 516 549 564 584 637 638 663 736 766 770 807 810 811 853 955 960 983 
64 66 118 178 186 282 302 370 395 406 415 423 459 530 554 582 594 833 843 939 
222 277 358 437 454 463 500 523 562 565 605 610 616 652 667 694 708 721 732 781 849 865 866 878 908 921 978 
74 78 89 153 168 199 237 250 351 378 403 446 453 483 521 546 618 658 673 684 685 724 776 828 938 954 975 
60 94 289 301 360 365 382 432 457 485 493 717 734 779 790 805 822 844 913 
25 65 85 100 113 191 198 231 241 256 272 274 294 318 331 362 398 492 497 506 512 522 570 614 621 645 654 683 699 701 759 824 830 845 909 915 
92 196 205 210 228 229 233 247 284 304 311 421 430 487 566 648 703 709 768 813 841 891 990 
11 49 86 162 165 167 221 251 257 303 359 366 405 458 666 682 704 723 726 758 819 823 847 858 875 886 888 901 910 918 919 986 
19 81 141 146 160 164 190 298 315 327 393 505 511 526 560 578 617 651 655 671 707 725 767 861 883 936 951 965 973 979 997 
46 80 117 200 278 336 368 377 384 387 434 442 460 466 495 552 581 598 607 665 744 854 859 948 961 
67 82 137 209 227 286 306 389 416 491 535 539 601 604 612 629 669 678 691 733 760 804 839 882 
9 120 195 326 386 475 518 588 633 698 818 826 885 976 984 
14 36 39 124 390 396 420 513 533 602 624 661 679 740 753 780 836 
72 119 144 157 192 285 312 313 319 374 451 525 550 696 711 752 765 783 814 837 838 857 897 920 
29 59 91 139 182 226 245 263 269 340 456 498 503 528 576 591 595 772 782 785 791 803 842 856 876 889 898 907 925 989 
