3 287 323 342 413 443 450 486 527 572 718 957 
52 73 87 96 128 145 288 307 489 613 619 763 
62 86 114 142 166 276 299 316 363 375 381 484 499 557 700 727 751 806 812 943 
61 90 110 425 453 614 624 639 816 900 
196 468 581 
8 154 169 197 244 246 271 296 317 356 409 441 452 464 496 508 517 542 547 558 586 599 608 609 662 697 706 745 834 851 892 926 972 977 
254 449 567 996 
40 83 184 268 380 445 465 475 513 698 784 
57 58 79 84 108 177 240 411 473 474 509 519 563 569 579 659 664 798 801 860 871 881 906 911 914 923 946 959 963 969 
1 35 48 53 56 116 152 234 267 353 447 545 568 
228 229 233 311 421 430 487 673 709 768 841 885 891 
47 129 159 214 293 320 332 336 345 349 422 495 622 641 693 737 742 877 879 924 968 993 
44 202 203 218 230 260 324 338 536 541 551 589 631 688 754 762 788 832 929 974 998 
4 54 111 148 151 171 201 223 279 325 334 532 534 630 642 676 725 730 746 774 778 941 949 962 
34 69 167 194 215 221 275 366 418 656 666 829 858 875 919 945 
38 130 135 219 280 281 401 402 419 433 440 461 462 480 516 549 564 584 638 663 766 770 807 810 811 853 955 960 983 
19 81 141 146 160 164 190 298 315 327 393 505 511 526 560 578 617 651 655 671 707 767 861 883 936 951 965 973 979 997 
17 60 64 120 123 217 290 346 350 459 588 634 976 
12 68 122 138 161 163 206 220 265 291 335 379 507 575 583 635 657 677 715 731 789 809 821 827 855 917 928 933 940 
74 78 89 199 250 273 282 351 378 417 427 483 571 618 658 685 724 750 776 828 862 902 938 954 
37 70 131 136 147 348 436 543 627 668 735 796 797 863 873 932 
25 65 85 191 198 231 256 294 318 331 362 383 398 479 497 506 512 522 621 645 654 683 699 701 759 824 830 845 909 915 971 
43 76 95 98 102 174 252 292 364 399 407 431 514 548 593 623 640 650 680 692 714 728 734 817 869 950 953 985 
27 99 321 333 341 391 412 414 439 531 561 580 695 757 764 773 802 884 916 989 
222 277 437 454 463 523 562 565 605 610 652 667 694 708 721 732 781 849 865 866 908 921 978 
100 103 112 242 297 344 358 470 500 596 616 620 649 690 713 864 868 992 
0 63 105 143 156 170 249 330 369 471 477 478 494 524 537 592 606 644 674 675 686 687 755 756 846 870 878 964 981 994 
11 77 162 165 183 251 257 274 303 305 322 359 405 434 458 682 704 723 726 758 819 823 847 886 888 901 910 918 986 
15 66 118 178 370 406 490 530 574 582 843 939 
5 24 26 45 50 93 126 127 188 225 248 253 262 337 394 426 467 482 577 611 615 643 716 741 799 850 890 922 930 942 967 988 
72 119 144 157 181 192 285 312 313 319 374 451 525 550 696 711 752 765 783 814 837 838 857 897 920 
20 153 168 224 308 403 446 546 684 975 
10 75 132 158 180 232 264 266 329 429 603 632 689 747 786 800 825 840 887 896 903 905 935 958 987 
22 23 51 71 104 125 134 155 172 175 204 241 258 310 373 540 587 672 710 792 795 831 
30 46 80 117 200 255 295 377 404 442 460 466 552 598 607 637 665 736 744 787 854 859 948 
42 213 263 388 867 
176 207 357 367 371 476 570 775 794 808 
32 149 185 216 236 309 355 400 410 504 538 660 702 720 777 893 895 899 931 952 980 982 
6 21 41 140 150 179 212 283 343 372 395 469 472 515 529 600 628 636 793 833 880 894 912 947 966 
133 187 211 261 361 385 397 448 481 576 626 738 
189 208 326 438 502 510 590 813 818 
94 289 301 314 360 365 382 432 457 485 493 717 779 790 805 822 844 913 
92 205 278 368 384 387 396 415 492 961 
13 284 328 488 681 705 999 
29 59 91 139 182 226 245 269 340 456 498 503 528 591 595 772 782 785 791 803 842 856 876 889 898 907 925 
97 106 195 210 247 304 518 633 648 653 748 826 848 990 
9 186 237 302 386 423 554 566 594 703 984 
67 82 137 209 227 286 306 389 416 428 491 535 539 601 604 612 629 669 678 691 733 760 804 839 882 
14 39 124 235 420 533 602 661 740 753 780 
16 18 28 55 107 173 193 238 243 259 300 392 501 520 553 556 559 573 585 646 739 761 771 815 852 904 934 944 956 
7 31 101 109 113 115 121 270 272 354 435 444 455 544 625 647 712 722 729 769 820 872 874 927 970 991 995 
49 88 339 352 376 408 424 555 670 719 743 749 835 937 
2 33 36 239 347 390 521 597 679 836 
