15 69 83 106 114 123 142 166 194 215 275 276 316 322 323 333 363 418 443 450 484 527 557 572 634 656 700 727 751 806 812 829 943 945 957 
43 76 95 98 102 174 252 292 364 399 407 431 514 548 593 623 640 650 680 692 714 728 869 950 953 985 
12 34 68 81 122 138 145 146 161 163 183 206 265 335 393 507 575 583 613 657 677 715 731 763 789 809 821 827 855 917 928 933 940 
14 36 39 61 64 66 124 178 186 213 311 376 388 390 396 406 415 420 423 476 513 530 533 594 602 624 661 679 740 753 780 836 843 939 
19 132 160 190 219 261 298 315 327 353 434 490 505 511 526 560 617 651 655 671 707 725 767 817 861 883 936 951 965 973 979 997 
3 20 42 74 78 89 141 153 168 199 224 250 273 282 308 351 378 379 403 417 427 446 453 465 483 546 571 578 618 658 684 685 724 750 776 816 828 862 867 902 938 954 975 
25 65 97 113 128 198 231 239 272 294 318 331 362 398 479 506 512 521 522 614 621 639 654 683 699 701 759 824 830 845 909 915 971 
17 27 57 58 72 79 84 92 108 110 136 177 217 240 411 473 474 509 519 563 569 579 659 664 798 801 860 871 881 906 911 914 923 946 959 963 969 
0 40 63 143 187 268 330 397 471 477 478 494 524 537 592 606 644 674 675 678 686 755 784 846 870 964 981 994 
38 52 73 135 196 280 281 401 402 419 425 440 461 462 480 489 516 549 564 584 619 638 663 766 770 807 810 811 853 955 960 983 
6 21 33 41 133 140 151 179 212 223 237 254 283 342 343 350 372 395 449 468 469 472 486 497 515 529 567 600 628 636 793 833 880 894 912 947 966 996 
16 18 28 55 96 107 173 193 238 243 259 300 307 392 501 520 553 556 559 573 585 646 739 761 771 815 852 904 934 944 956 
48 116 287 314 346 381 438 502 545 590 718 
105 211 220 305 361 369 383 448 488 597 687 738 
2 8 62 154 169 197 244 246 271 296 299 317 347 356 409 441 452 464 496 508 517 542 547 558 586 599 608 609 662 697 745 834 851 892 926 972 977 
7 31 101 109 115 121 263 270 304 354 380 435 444 455 544 625 647 712 722 729 769 820 872 874 927 970 991 995 
10 75 158 180 232 264 266 288 329 429 603 632 689 747 786 800 825 840 879 887 896 903 905 935 958 987 
94 289 301 360 365 382 432 457 485 493 717 734 779 790 805 822 844 913 
30 46 80 117 176 200 207 255 278 295 357 368 371 377 384 387 404 460 466 492 499 552 570 598 607 637 665 736 744 775 787 794 808 854 859 948 961 
119 144 157 181 192 285 313 319 374 451 525 550 696 711 752 765 783 814 837 838 857 897 920 
35 47 85 87 129 159 191 214 249 293 312 320 332 336 345 349 413 422 447 495 622 641 653 693 737 742 748 848 877 924 968 993 
32 149 185 216 236 309 355 367 400 410 504 538 660 702 720 777 893 895 899 931 952 980 982 
1 53 56 152 156 234 267 568 
22 23 71 104 125 134 150 155 164 172 175 204 241 258 310 373 375 540 587 672 710 792 795 831 
5 24 26 45 50 93 126 127 188 225 248 253 262 291 337 394 426 467 482 577 611 615 635 643 716 741 799 850 890 922 930 942 967 988 
13 99 184 189 205 208 290 321 328 341 391 412 414 439 445 510 531 561 580 681 695 705 756 757 764 773 802 884 916 999 
88 90 118 130 170 229 233 370 421 430 487 574 582 709 841 891 900 
44 202 203 218 230 260 324 338 536 541 551 589 631 688 754 762 788 832 929 974 998 
9 60 120 195 210 228 247 284 302 326 386 433 459 475 518 554 566 588 633 648 673 698 703 768 813 818 826 885 976 984 990 
29 59 91 139 182 226 245 256 269 274 340 456 498 503 528 591 595 645 782 785 791 803 842 856 876 889 898 907 925 989 
37 70 103 112 131 147 242 339 344 348 352 358 366 385 424 436 442 470 481 500 543 555 576 596 616 620 627 649 668 670 690 713 719 735 743 772 796 797 835 863 864 868 873 932 937 992 
11 49 77 86 162 165 167 221 251 257 303 359 405 458 581 666 682 704 723 726 758 819 823 847 858 875 886 888 901 910 918 919 986 
4 54 111 148 171 201 279 325 334 532 534 626 630 642 676 730 746 774 778 941 949 962 
51 67 82 137 209 227 235 286 306 389 416 428 491 535 539 601 604 612 629 669 691 706 733 760 804 839 882 
100 222 277 297 408 437 454 463 523 562 565 605 610 652 667 694 708 721 732 749 781 849 865 866 878 908 921 978 
