23 51 71 104 125 134 155 172 175 204 258 310 373 540 587 672 710 792 795 831 
40 105 110 142 143 156 170 187 211 261 268 330 369 385 397 448 471 477 481 494 510 576 606 626 644 674 675 686 687 738 755 756 784 846 870 964 981 
14 36 39 64 66 83 118 130 178 186 213 217 220 311 322 368 370 376 390 396 406 415 420 423 490 513 530 533 582 594 602 661 679 740 753 836 843 939 
11 49 77 86 162 165 167 183 221 251 257 303 359 366 405 458 581 666 682 704 723 726 758 819 823 847 858 875 886 888 901 910 918 919 986 
16 18 28 55 107 173 193 238 243 259 300 378 392 501 520 553 556 559 573 585 646 739 750 761 771 815 852 904 934 944 956 
35 47 53 87 116 129 152 159 214 249 250 293 305 307 320 332 336 345 349 351 413 422 438 447 495 568 590 622 641 653 670 693 737 742 748 848 877 879 924 968 993 
38 52 73 135 196 245 280 281 333 388 401 402 419 440 460 461 462 480 489 516 549 564 584 619 638 663 766 770 807 810 811 853 867 955 960 983 
5 24 26 45 50 93 126 127 188 225 248 253 262 291 337 394 426 467 482 577 611 615 643 716 741 799 850 890 922 930 942 967 988 
56 100 222 277 297 326 358 408 454 463 500 523 545 562 565 616 652 667 694 708 721 727 732 749 781 865 908 921 978 
37 70 88 103 112 131 136 147 235 242 339 344 348 424 436 442 470 487 543 555 596 627 649 668 690 705 713 719 735 743 796 797 818 863 864 868 873 932 937 992 
0 2 33 63 347 437 537 597 605 610 817 849 866 878 994 
13 17 42 90 99 184 189 205 208 263 267 290 328 341 350 352 391 412 414 439 445 488 531 561 580 681 695 757 764 773 802 835 884 916 989 999 
30 46 80 117 176 200 207 255 278 295 357 371 377 384 387 404 434 466 476 492 499 552 570 598 607 637 665 736 744 775 787 794 808 854 859 948 961 
94 289 301 360 365 382 432 457 485 493 717 734 779 790 805 822 844 913 
43 76 95 98 102 174 252 292 364 399 407 431 514 548 593 623 640 650 680 692 714 728 869 950 953 985 
12 68 96 97 122 128 138 145 161 163 206 265 321 335 507 575 583 613 657 677 715 731 763 789 809 821 827 855 917 928 933 940 
4 9 54 61 111 148 151 171 201 223 279 325 334 386 484 532 534 630 642 676 725 730 746 774 778 941 949 962 
6 21 41 133 140 150 179 212 237 254 283 342 343 361 372 395 425 449 468 469 472 486 497 506 515 529 567 600 628 636 793 833 880 894 912 947 966 996 
27 57 58 79 84 92 108 177 240 411 473 474 509 519 563 569 579 635 659 664 798 801 860 871 881 906 911 914 923 946 959 963 969 
3 20 74 78 89 124 153 168 199 224 273 282 308 379 403 417 427 446 453 465 483 546 571 618 624 639 658 684 685 724 776 780 816 828 862 900 902 938 954 975 
32 149 185 216 236 309 316 355 367 400 410 504 538 660 702 720 777 893 895 899 931 952 980 982 
25 65 85 113 191 198 231 239 241 256 272 294 318 331 362 380 383 398 479 512 522 614 621 645 654 683 699 701 759 824 830 845 909 915 971 
19 81 141 146 160 164 190 219 298 315 327 393 505 511 526 560 574 578 617 651 655 671 707 767 841 861 883 936 951 965 973 979 997 
72 119 144 157 181 192 285 312 313 319 374 451 525 550 696 711 752 765 783 814 837 838 857 897 920 
10 75 132 158 180 232 264 266 288 329 429 502 603 632 689 747 786 800 825 840 887 896 903 905 935 958 987 
8 62 154 169 197 244 246 271 296 299 317 356 363 409 441 452 464 496 508 517 542 547 558 586 599 608 609 662 697 706 745 834 851 892 926 972 977 
29 59 91 139 182 226 269 274 340 456 498 503 521 528 591 595 772 782 785 791 803 842 856 876 889 898 907 925 
44 202 203 218 230 260 324 338 478 536 541 551 589 631 688 754 762 788 832 929 974 998 
60 195 210 228 229 233 247 284 302 421 430 433 459 475 518 554 566 588 620 633 648 673 698 703 709 768 813 826 885 891 976 984 990 
1 15 22 34 48 69 106 114 123 166 194 215 275 276 287 314 323 346 375 381 418 443 450 527 557 572 634 656 700 718 751 806 812 829 943 945 957 
67 82 120 137 209 227 286 306 389 416 428 491 524 535 539 592 601 604 612 629 669 678 691 733 760 804 839 882 
7 31 101 109 115 121 234 270 304 353 354 435 444 455 544 625 647 712 722 729 769 820 872 874 927 970 991 995 
