35 53 65 87 116 129 152 159 188 214 249 267 293 305 307 320 332 336 397 447 449 495 606 622 653 693 737 748 848 877 924 968 993 
42 67 82 209 227 286 306 389 416 428 491 535 539 592 601 604 612 629 669 691 733 760 804 839 882 
22 23 51 71 104 125 134 155 172 175 204 241 258 310 373 540 587 614 672 710 718 792 795 831 
6 21 41 133 140 150 179 212 237 283 342 343 361 372 395 425 468 469 472 486 497 506 515 529 600 628 636 793 833 880 894 912 947 966 996 
16 18 28 55 173 193 238 243 259 300 392 501 520 553 556 559 573 585 646 706 739 750 761 771 815 852 904 934 944 956 
3 20 74 78 89 110 117 153 168 199 224 250 273 282 295 308 322 351 376 378 403 406 417 427 446 453 465 483 546 550 571 618 624 658 684 685 724 776 816 828 862 900 902 938 954 975 
19 81 132 137 141 146 160 164 190 298 315 327 393 434 490 505 511 524 526 560 578 617 651 655 671 678 707 725 734 767 817 861 883 936 951 965 973 979 997 
90 184 321 341 391 412 414 439 445 531 561 695 705 757 764 773 802 884 916 
11 77 86 162 165 167 183 221 251 257 274 303 359 405 413 458 568 581 666 682 704 723 726 758 819 823 847 858 875 886 888 901 910 918 919 986 
29 59 91 139 182 226 245 263 269 340 456 498 503 528 591 595 782 785 791 803 842 856 876 889 898 907 925 989 
37 70 88 103 107 112 131 136 147 242 254 328 339 344 348 352 366 385 424 436 442 481 543 555 567 576 596 627 649 668 670 681 690 713 719 735 743 772 796 797 835 863 864 873 932 937 992 
2 13 14 36 39 64 66 118 124 178 186 220 235 370 390 396 415 420 513 530 533 582 594 597 602 661 679 740 753 780 836 843 939 
7 31 101 109 115 121 270 272 354 380 435 444 455 544 625 647 712 722 729 769 820 872 874 927 970 991 995 
30 46 80 176 200 207 234 255 278 357 367 368 371 377 384 387 404 466 476 492 499 552 570 598 607 637 665 736 744 775 787 794 808 854 859 948 961 
94 289 301 360 365 382 432 457 485 493 717 779 790 805 822 844 913 
5 24 26 43 45 50 76 93 95 98 102 126 127 174 225 248 252 253 262 291 292 337 349 364 394 399 407 426 431 467 482 514 548 577 593 611 615 623 639 640 643 650 680 692 714 716 728 741 799 850 869 890 922 930 942 950 953 967 985 988 
10 62 75 158 180 232 264 266 329 375 381 429 438 502 590 603 632 689 747 786 800 818 825 840 879 887 896 903 905 935 958 987 
1 15 34 69 106 114 123 142 166 170 194 215 275 276 323 363 418 443 450 527 557 572 634 656 700 751 806 829 943 945 957 
12 49 68 96 97 122 128 138 145 161 163 206 265 335 507 575 583 613 657 677 715 731 763 789 809 821 827 855 917 928 933 940 
4 54 61 111 148 151 171 201 223 279 325 334 484 532 534 630 642 676 730 746 774 778 941 949 962 
0 40 63 83 105 143 156 187 211 261 268 287 288 330 333 346 369 448 471 477 478 494 537 626 644 674 675 686 687 738 755 756 784 846 870 964 981 994 
44 47 202 203 213 218 230 260 324 338 422 536 541 551 589 631 641 688 742 754 762 788 832 929 974 998 
25 85 113 189 191 198 208 231 239 256 294 318 331 362 383 398 479 510 512 521 522 621 645 654 683 699 701 759 824 830 845 909 915 971 
72 119 144 157 181 192 285 312 313 319 374 451 525 696 711 752 765 783 814 837 838 857 897 920 
8 33 154 169 197 244 246 271 296 299 317 347 353 356 409 441 452 464 470 496 508 517 542 547 558 580 586 599 608 609 662 697 745 834 851 892 926 972 977 
38 52 73 130 135 196 219 280 281 379 388 401 402 419 440 460 461 462 480 489 516 549 564 584 619 638 663 766 770 807 810 811 853 867 955 960 983 
32 149 185 216 236 309 316 355 400 410 423 504 538 660 702 720 777 812 893 895 899 931 952 980 982 
56 100 222 277 297 358 408 437 454 463 500 523 545 562 565 605 610 616 620 652 667 694 708 721 727 732 749 781 849 865 866 868 878 908 921 978 
9 48 60 99 120 195 205 210 228 229 233 247 284 290 302 304 311 314 326 345 350 386 421 430 433 459 475 487 488 518 554 566 574 588 633 648 673 698 703 709 768 813 826 841 885 891 976 984 990 999 
17 27 57 58 79 84 92 108 177 217 240 411 473 474 509 519 563 569 579 635 659 664 798 801 860 871 881 906 911 914 923 946 959 963 969 
