900 136 908 14 782 912 658 147 920 409 24 284 543 287 33 930 37 679 680 681 426 43 424 557 304 696 956 189 829 962 963 197 204 729 601 991 480 224 876 244 759 504 891
259 388 131 645 11 397 410 540 416 34 163 809 430 953 186 60 449 194 71 585 203 589 461 975 334 470 599 855 859 604 477 222 353 98 488 749 879 625 627 763 125
898 772 261 519 521 138 270 15 783 399 402 278 534 795 412 157 293 806 936 808 554 811 939 173 299 428 689 183 842 846 849 83 468 611 996 746 878 246 887 379
644 394 522 273 530 915 22 919 792 793 810 560 52 693 828 959 960 64 322 454 967 970 848 208 210 337 980 338 342 985 606 609 354 870 368 753 881 752 762 509
515 268 13 909 656 661 918 665 286 674 418 420 292 937 178 695 185 58 65 70 455 73 472 986 218 349 484 229 998 615 232 361 106 237 883 501 247 505 380
3 773 646 511 271 146 531 277 791 29 672 801 288 161 676 550 167 552 170 691 950 966 457 843 207 465 211 854 344 862 865 357 485 744 617 496 120 639
5 901 7 9 393 528 784 272 403 148 274 150 282 28 796 544 553 686 432 433 563 692 694 569 331 718 976 595 597 726 858 614 231 618 490 492 236 892
135 654 17 786 20 153 158 931 555 812 427 816 690 573 446 67 708 965 582 968 75 459 587 76 79 85 346 734 741 359 104 363 620 877 115 500 126
128 512 523 525 527 657 529 405 23 536 281 666 921 541 547 938 814 175 308 949 833 68 845 719 463 979 982 217 90 995 486 103 621 238 880 240 754
768 129 130 275 404 790 155 539 927 415 941 687 815 820 180 441 957 958 191 832 579 453 971 844 462 728 731 989 738 356 491 252 118 758 378 764
642 391 266 906 526 785 659 149 664 152 32 41 558 944 50 439 954 572 574 195 324 593 467 983 215 988 605 478 223 94 992 867 99 365 245
647 137 778 524 141 400 917 535 667 27 668 670 925 30 673 423 172 943 47 444 61 703 577 583 969 715 588 977 475 220 102 875 886 765
384 899 8 905 538 798 542 160 929 545 36 38 935 298 948 823 55 311 62 78 978 471 860 863 866 355 100 999 233 111 624 116 117 249
133 265 651 893 911 788 922 800 35 42 171 813 947 181 566 830 835 711 458 974 341 727 984 857 600 95 739 228 381 371 374 502 633 637
769 770 389 910 16 401 787 663 926 31 164 169 44 176 825 318 190 964 326 327 713 972 339 212 347 351 352 489 748 751 495 756 373
386 653 407 923 928 546 296 683 945 817 561 434 565 438 312 440 955 63 575 831 452 460 722 221 743 872 110 497 242 757 632 507
896 1 260 648 395 913 19 25 802 162 422 297 300 946 562 309 310 570 317 705 706 199 200 591 981 871 616 119 888 121 634
902 145 675 291 803 934 421 551 940 818 435 436 699 961 450 581 841 332 973 335 86 737 994 750 623 112 114 370 885 630 761
258 514 2 4 520 267 140 419 431 819 53 54 442 576 834 838 852 853 343 733 868 612 234 109 494 626 884 631 382 127
897 774 143 144 895 411 156 805 678 682 302 177 951 59 571 702 837 69 839 847 596 473 92 362 108 760 113 376 124 767
641 262 263 775 779 533 662 289 933 168 821 720 721 850 84 213 89 474 732 861 607 96 482 869 629 503 506 251
516 6 903 776 12 655 916 537 295 306 307 314 187 826 451 196 580 456 717 82 91 479 608 882 375 122 635
257 387 132 264 650 781 398 21 669 166 684 316 319 709 325 840 328 202 345 481 227 360 747 369 255
385 134 649 18 671 549 807 57 315 443 701 445 323 464 209 725 469 602 476 97 487 366 243 248 766
390 392 907 279 924 294 685 688 182 824 827 447 66 707 77 590 206 724 736 107 364 235 622 636
517 652 269 789 283 797 39 40 556 303 564 192 448 584 716 205 333 594 723 340 93 350 613
256 643 10 660 799 290 301 46 305 697 188 704 321 710 198 336 216 742 367 498 755 372 894
513 510 142 408 280 26 159 45 48 184 74 330 214 87 856 864 610 101 230 499 628 123 254
640 771 396 276 151 437 822 313 193 72 201 851 88 730 987 348 225 358 105 874 239 889
777 413 804 165 425 49 51 179 56 698 700 578 836 712 714 80 598 219 745 493 377
483 740 285 518 329 586 139 780 250 592 241 406 567 154 603 253 735
466 932
