0 4 31 39 131 149 168 193 226 237 259 272 326 329 404 418 447 456 465 466 488 490 505 594 623 674 688 691 696 728 740 778 802 838 957 
1 8 10 17 18 23 26 29 35 42 43 44 49 50 61 68 71 75 78 84 85 93 95 98 100 107 112 117 118 120 125 129 132 134 141 152 155 158 159 161 163 164 165 178 179 185 187 192 195 202 203 208 209 213 214 219 223 224 229 232 233 235 244 250 264 266 268 271 273 278 280 289 295 297 299 302 305 308 309 311 315 316 318 322 325 347 351 353 357 367 370 382 386 387 388 396 398 403 405 411 417 420 423 424 426 437 438 448 449 454 470 471 472 474 478 480 492 503 507 510 513 514 518 525 528 540 552 557 558 564 567 576 579 582 585 587 601 611 615 616 617 626 627 629 632 634 636 642 644 648 650 651 652 664 676 687 693 694 698 702 704 705 712 718 719 720 722 726 730 736 737 744 749 751 753 754 756 757 760 773 776 779 780 783 787 789 791 800 805 809 812 814 820 821 823 826 828 831 837 839 840 844 846 851 854 856 862 872 876 880 881 882 889 902 904 908 909 910 916 917 918 920 922 927 943 945 947 948 951 963 966 969 975 979 985 988 990 991 999 
12 33 55 69 76 97 111 121 135 139 180 188 206 242 248 253 274 277 285 291 292 300 327 328 352 360 363 364 378 379 394 408 415 435 439 445 453 460 463 483 495 499 508 523 536 570 580 604 606 607 612 622 646 649 668 677 678 713 714 721 741 762 777 786 801 803 813 848 849 857 873 875 891 901 937 941 965 978 995 997 
5 21 116 167 249 348 349 385 406 421 436 551 563 577 628 672 747 761 867 935 983 
104 170 172 181 220 228 267 303 430 467 489 515 539 546 549 556 595 602 645 656 666 671 679 683 727 745 863 900 932 958 
6 15 22 28 63 94 105 110 123 137 175 184 199 200 207 252 254 275 279 283 287 307 317 319 332 337 344 358 365 366 368 376 380 395 399 410 433 441 476 498 501 526 530 532 548 553 569 574 578 596 597 600 610 619 640 661 689 692 699 735 750 755 770 806 830 843 855 877 886 890 892 894 903 914 955 987 992 993 
48 62 66 81 102 109 115 122 126 151 153 154 191 198 261 294 323 393 431 455 475 487 502 512 542 559 575 609 673 685 715 732 758 768 794 795 811 822 841 907 944 949 
7 37 46 64 83 113 127 143 146 173 210 245 246 290 310 342 429 450 464 486 521 665 697 742 769 781 785 798 804 836 879 959 967 970 984 
24 25 101 148 216 331 372 416 425 457 482 544 614 624 637 739 792 810 829 835 924 938 
2 88 103 119 140 176 236 306 355 374 375 383 413 428 452 477 531 533 537 572 638 658 660 695 707 708 716 743 784 834 860 864 869 871 887 915 974 994 
20 67 70 138 183 190 218 225 257 263 301 324 334 446 461 494 516 524 625 827 847 923 946 950 956 973 986 
3 27 58 77 145 157 166 169 182 212 217 338 341 356 432 479 497 573 584 659 670 703 772 793 807 859 885 897 980 996 
54 96 194 239 335 401 414 443 541 547 561 591 613 655 662 686 701 724 731 788 817 852 866 868 929 968 981 
56 73 79 197 211 221 240 247 260 269 304 313 340 346 412 444 451 458 527 529 555 562 653 667 706 709 710 748 775 819 825 833 870 905 906 926 933 976 
13 53 86 92 142 177 186 189 241 321 402 409 434 550 566 583 647 654 675 684 711 717 729 734 738 767 816 845 911 928 942 964 971 982 998 
34 51 59 80 89 150 282 419 427 568 571 599 605 631 690 764 799 824 842 853 972 
19 41 91 124 128 258 314 354 359 442 484 500 509 517 535 538 608 682 797 858 899 913 925 939 
9 32 52 99 106 136 160 205 234 293 339 350 369 371 392 506 519 593 603 663 818 865 874 878 883 977 
16 30 74 82 171 231 238 243 265 312 469 491 545 581 586 774 930 
11 60 133 162 227 270 281 336 377 384 504 511 635 725 746 765 782 790 808 850 893 931 952 953 
14 45 47 65 72 114 130 255 276 362 373 397 422 440 459 468 485 620 621 669 888 896 919 936 
36 90 156 201 215 262 284 286 288 296 330 343 345 400 407 481 560 639 643 657 680 681 733 752 766 771 832 861 954 961 962 989 
57 87 144 204 222 230 256 298 361 381 391 462 493 496 520 534 592 598 630 633 700 723 763 796 815 884 921 934 960 
38 40 108 147 174 196 251 320 333 389 390 473 522 543 554 565 588 589 590 618 641 759 895 898 912 940 
