0 4 31 39 131 149 168 193 226 237 259 272 299 326 329 404 418 447 456 465 466 488 490 505 594 623 674 688 691 696 728 740 778 802 838 957 
5 6 7 10 13 21 23 37 46 50 53 64 83 86 92 93 95 97 102 113 116 123 127 134 142 143 146 161 164 167 173 177 179 181 186 189 202 209 210 219 220 224 228 229 232 241 245 246 249 250 290 294 310 311 318 319 321 322 342 348 349 357 365 375 385 387 388 396 402 403 406 408 409 417 421 434 436 438 450 464 478 486 492 498 521 528 540 550 551 557 563 566 567 576 577 579 583 585 602 616 628 647 654 665 672 675 682 684 694 697 704 711 717 721 722 726 729 734 738 742 747 761 767 769 781 785 789 798 804 816 820 821 826 828 836 845 867 879 882 904 911 928 935 942 951 959 964 967 970 971 982 983 984 997 998 
33 76 111 139 188 206 242 248 253 274 291 292 328 360 363 364 378 379 435 445 454 460 523 570 604 607 649 668 678 741 754 762 777 848 849 857 873 891 901 937 965 978 995 
1 15 104 110 170 172 200 207 233 267 275 279 283 303 332 344 358 366 368 376 405 420 430 433 463 467 476 489 501 515 539 546 548 549 556 569 574 578 595 597 610 627 645 656 666 671 679 683 689 727 731 735 745 755 770 863 886 894 900 914 932 955 958 987 992 
48 62 66 81 109 115 122 126 151 153 154 191 198 254 261 323 393 431 455 475 487 502 512 542 559 575 609 673 685 715 732 758 768 794 795 811 822 841 907 944 949 
24 25 101 148 216 331 372 416 425 457 482 544 614 618 624 637 739 792 810 829 835 924 938 
49 117 118 141 152 159 195 280 305 308 353 370 395 423 424 449 472 510 514 525 552 596 615 617 651 664 698 712 719 737 749 776 787 837 839 872 910 918 920 927 966 969 979 985 991 999 
2 88 103 119 140 163 176 236 306 325 355 374 383 413 428 429 452 477 531 533 537 572 638 658 660 695 707 708 716 743 784 834 860 864 869 871 887 915 974 994 
20 67 69 70 138 183 190 218 225 257 263 301 324 334 394 446 461 483 494 508 516 524 612 625 714 827 847 923 946 950 956 973 986 
17 26 75 84 112 132 264 271 273 278 302 507 518 587 626 632 634 652 676 705 720 757 773 800 805 840 846 854 908 945 947 990 
3 27 38 58 77 145 157 166 169 182 212 217 338 341 356 432 479 497 573 584 659 670 703 772 793 807 859 885 897 980 996 
55 135 285 415 495 499 536 646 803 941 
18 35 42 43 71 107 125 129 158 165 192 295 309 347 367 382 386 411 437 448 480 503 513 601 611 629 644 648 718 744 760 780 791 809 812 823 844 889 902 916 948 
54 96 194 239 335 401 414 443 541 547 561 580 591 613 655 662 686 701 724 788 817 852 856 866 868 929 968 981 
29 56 73 79 197 211 221 240 247 260 269 304 313 340 346 412 444 451 458 527 529 555 562 653 667 706 709 710 748 775 819 825 833 870 905 906 926 933 976 
44 61 68 78 85 137 155 185 187 277 289 316 327 352 426 453 471 582 606 622 636 730 751 783 843 851 875 876 880 881 943 988 
22 28 63 94 105 175 199 208 252 268 287 317 337 399 441 526 530 532 600 619 640 661 692 699 750 806 830 855 877 890 993 
8 57 87 100 144 204 213 214 222 223 230 244 256 298 315 361 381 391 462 493 496 520 534 558 564 592 598 630 633 650 700 723 763 796 814 815 884 921 934 960 963 
34 51 59 80 89 150 282 380 419 427 568 571 599 605 631 690 764 799 824 842 853 972 
19 41 91 124 128 258 314 354 359 442 484 500 509 517 535 538 608 797 858 899 913 925 939 
9 32 52 99 106 136 160 205 234 293 339 350 369 371 392 506 519 593 603 663 818 865 874 878 977 
16 30 74 82 171 231 238 243 265 312 469 491 545 581 586 774 917 930 
11 60 120 133 162 227 270 281 336 377 384 474 504 511 635 725 746 765 782 790 808 850 893 931 952 953 
12 121 180 300 439 677 713 786 801 813 
14 45 47 65 72 114 130 255 276 362 373 397 422 440 459 468 485 620 621 669 888 896 919 936 
36 90 156 184 201 215 262 284 286 288 296 330 343 345 400 407 410 481 553 560 639 643 657 680 681 733 752 766 771 832 861 903 954 961 962 989 
98 203 266 297 351 398 470 642 693 702 736 753 756 779 831 862 909 922 
40 108 147 174 178 196 235 251 307 320 333 389 390 473 522 543 554 565 588 589 590 641 687 759 883 892 895 898 912 940 975 
