0 37 63 65 66 80 83 85 109 111 121 128 139 150 153 171 175 189 197 226 232 242 275 312 318 332 343 351 355 361 362 380 381 384 401 434 443 445 449 451 467 471 476 489 509 550 561 563 573 596 597 612 628 633 641 650 656 657 676 710 730 732 748 763 766 769 773 779 788 794 801 807 836 859 865 867 870 872 902 937 941 944 945 964 972 
43 51 58 102 123 141 235 287 290 333 344 391 397 399 426 427 431 432 435 442 450 453 466 472 487 488 515 525 527 562 589 593 607 609 623 658 679 701 712 751 755 782 812 824 844 860 861 864 903 932 978 979 980 997 
35 166 258 283 314 316 326 329 428 470 485 494 500 614 684 707 741 758 880 886 917 
55 122 184 201 207 218 238 246 385 438 439 446 502 508 540 608 667 718 719 805 832 848 894 963 991 
1 7 15 16 24 28 34 39 41 46 52 70 76 78 79 82 84 88 91 92 95 104 105 115 119 125 126 135 136 140 154 155 160 164 176 177 180 181 187 190 196 198 206 208 213 233 237 247 251 261 262 266 270 271 279 285 286 291 294 298 302 303 307 311 327 334 338 339 340 342 345 349 350 352 357 359 363 364 366 367 370 371 373 377 379 382 383 386 390 393 396 403 404 412 413 415 416 417 418 419 422 429 433 444 454 457 458 460 465 468 469 474 479 480 483 492 496 503 504 512 518 522 526 529 535 537 545 551 559 560 569 577 580 586 592 605 616 625 632 634 637 642 649 654 661 663 674 675 677 683 688 689 691 694 702 706 715 716 731 733 734 736 743 744 745 754 761 764 772 776 778 787 796 800 817 819 825 831 833 835 847 851 854 858 873 883 884 889 893 905 906 913 933 938 940 948 956 959 966 968 985 987 988 992 994 998 999 
62 69 73 87 131 157 167 205 229 280 315 493 495 534 567 578 647 695 709 728 746 765 789 827 878 931 976 
12 25 77 148 194 250 276 490 531 541 553 722 767 768 803 804 814 852 890 909 961 975 983 
27 161 174 212 245 348 406 409 421 473 583 735 753 793 871 888 
48 57 132 179 185 209 244 323 324 330 452 461 554 558 565 584 591 631 693 724 738 914 967 977 995 
2 10 22 29 64 68 101 145 173 204 214 240 254 328 358 360 398 420 505 523 557 574 613 622 630 644 668 760 795 816 826 921 926 954 960 
5 8 11 47 49 50 75 90 99 100 133 152 163 224 249 256 257 263 278 288 336 353 369 376 407 410 414 440 448 459 501 507 524 539 544 585 587 595 600 604 611 626 640 655 670 737 747 780 781 786 799 834 887 891 895 907 916 939 953 965 
38 45 260 292 297 319 517 549 590 603 615 645 678 699 815 845 850 856 857 900 935 951 971 
6 14 20 26 33 36 44 60 71 106 107 116 147 183 191 192 193 211 234 248 272 273 282 301 317 321 346 425 447 455 477 506 510 520 521 532 547 599 610 627 636 653 666 669 685 700 720 740 771 774 790 797 802 810 818 828 842 885 897 923 927 934 955 
3 32 110 151 227 241 267 389 394 635 671 725 727 756 777 837 853 929 
23 59 159 162 168 172 202 223 231 274 289 305 436 441 475 478 481 552 568 620 624 648 721 726 729 750 770 775 783 808 813 855 892 899 949 950 
4 17 56 210 220 255 284 424 430 556 618 660 697 714 752 784 876 896 924 958 984 
30 142 165 253 264 309 335 347 497 548 579 621 638 643 723 863 908 928 943 962 
9 112 127 156 188 215 217 225 265 462 464 484 514 516 536 570 594 601 681 749 882 898 915 920 925 946 981 
21 97 146 281 400 491 511 576 602 687 692 843 879 974 
13 42 67 98 143 186 195 277 299 372 542 575 582 659 680 686 696 703 742 838 877 881 973 986 990 
89 129 134 200 203 236 243 269 300 306 331 482 519 538 581 619 639 711 713 875 911 942 989 
40 61 103 114 222 259 368 375 402 408 513 528 533 546 598 646 673 717 806 809 821 823 830 874 922 982 
19 81 93 94 120 169 178 199 216 293 322 356 405 423 543 555 571 664 682 822 841 846 901 930 969 993 
18 96 118 144 158 182 221 296 374 456 564 672 698 708 757 762 798 820 829 839 866 904 919 947 952 996 
117 365 378 665 739 862 869 
53 113 124 130 228 239 308 320 325 354 387 392 486 791 792 811 868 912 957 
31 54 72 86 108 310 395 411 530 572 606 617 651 662 704 705 840 849 936 970 
74 138 149 219 230 252 268 295 304 313 337 388 437 463 566 588 652 690 759 785 910 918 
137 170 341 498 499 629 
