0 104 170 172 181 220 228 233 267 303 405 408 430 447 467 489 515 528 539 546 549 556 595 602 645 666 671 679 683 727 745 863 900 932 958 
7 33 37 46 64 76 83 111 113 127 139 146 173 188 206 210 242 245 246 248 253 274 290 291 292 310 328 342 360 363 364 378 379 435 445 446 450 454 460 464 466 486 521 523 544 570 580 604 607 649 656 665 668 678 697 741 742 754 762 769 777 781 785 798 804 836 848 849 857 873 879 891 901 937 959 965 967 970 978 984 995 997 
1 3 4 5 6 10 12 15 18 21 22 27 28 35 38 40 42 43 50 55 58 63 69 71 77 93 94 95 97 100 102 105 107 108 110 116 121 123 125 129 135 137 145 147 157 158 164 165 166 167 169 174 175 178 179 180 182 192 196 199 200 207 208 209 212 217 219 224 232 235 249 250 251 252 268 275 277 279 283 285 287 295 300 307 309 311 317 319 320 322 327 332 333 337 338 341 344 347 348 349 350 352 356 357 358 365 366 367 368 376 377 380 382 383 385 386 387 388 389 390 394 395 399 403 406 411 415 417 420 421 432 433 436 437 438 439 441 448 453 463 473 474 476 478 479 480 483 492 495 497 498 499 501 503 506 508 513 522 526 530 532 536 540 543 548 551 554 557 563 565 567 569 572 573 574 576 577 578 579 584 588 589 590 596 597 600 601 606 610 611 612 616 618 619 622 623 627 628 629 640 641 644 646 648 659 661 670 672 677 687 689 692 694 699 703 704 713 714 718 721 722 726 728 735 744 747 750 755 759 760 761 770 772 778 780 786 789 791 793 801 803 806 807 809 812 813 820 823 826 828 830 839 843 844 855 859 867 875 877 882 883 885 886 889 890 892 894 895 897 898 902 903 912 914 916 935 940 941 948 951 955 975 980 983 987 992 993 996 
25 39 149 168 193 226 237 259 299 326 329 418 465 488 505 594 674 688 691 740 802 838 957 
48 62 66 81 109 115 122 126 131 143 151 153 154 191 198 254 261 323 393 431 455 475 487 490 502 512 542 559 575 609 673 685 715 732 758 768 794 795 811 822 841 907 944 949 
24 101 148 216 331 372 416 425 457 482 614 624 637 739 792 810 829 835 924 938 
8 31 49 98 117 120 141 152 159 163 195 203 213 214 223 229 244 266 280 297 305 308 315 318 325 351 353 370 396 398 404 423 424 449 456 470 472 510 514 525 552 558 564 615 617 642 650 651 664 693 696 698 702 712 719 736 737 749 753 756 776 779 787 814 831 837 856 862 872 909 910 917 918 920 922 927 963 966 969 979 985 990 991 999 
2 88 103 112 119 140 176 236 306 355 374 375 413 428 429 452 477 531 533 537 638 658 660 695 707 708 716 743 784 834 860 864 869 871 887 915 974 994 
13 17 23 26 29 53 75 84 86 92 118 132 134 142 161 177 186 189 202 241 264 271 273 278 302 321 402 409 434 507 518 550 566 583 585 587 626 632 634 647 652 654 675 676 684 705 711 717 720 729 734 738 757 767 773 800 805 816 821 840 845 846 854 904 908 911 928 942 945 947 964 971 982 998 
20 67 70 138 183 190 218 225 257 263 301 324 334 461 494 516 524 625 827 847 923 946 950 956 973 986 
54 96 194 239 335 401 414 443 541 547 561 591 613 655 662 686 701 724 731 788 817 852 866 868 929 968 981 
56 73 79 197 211 221 240 247 260 269 272 294 304 313 340 346 412 444 451 458 527 529 555 562 653 667 706 709 710 748 775 819 825 833 870 905 906 926 933 976 
44 61 68 78 85 155 185 187 289 316 426 471 582 636 730 751 783 851 876 880 881 943 988 
34 51 59 80 89 150 282 419 427 568 571 599 605 631 690 764 799 824 842 853 972 
19 41 91 124 128 258 314 354 359 442 484 500 509 517 535 538 608 682 797 858 899 913 925 939 
9 32 52 99 106 136 160 205 234 293 339 369 371 392 519 593 603 663 818 865 874 878 977 
16 30 74 82 171 231 238 243 265 312 469 491 545 581 586 774 930 
11 60 133 162 270 281 336 384 504 511 635 725 746 765 782 790 808 850 893 931 952 953 
14 45 47 65 72 114 130 255 276 362 373 397 422 440 459 468 485 620 621 669 888 896 919 936 
36 90 156 184 201 215 262 284 286 288 296 330 343 345 400 407 410 481 553 560 639 643 657 680 681 733 752 766 771 832 861 954 961 962 989 
57 87 144 204 222 227 230 256 298 361 381 391 462 493 496 520 534 592 598 630 633 700 723 763 796 815 884 921 934 960 
