0 52 107 245 254 262 290 336 363 447 497 499 557 571 585 601 607 632 633 635 658 671 673 737 742 764 771 783 787 800 826 869 878 890 912 932 950 968 971 983 
11 49 68 81 146 171 175 210 231 237 241 250 259 311 329 337 344 349 358 388 461 506 510 619 634 649 694 747 769 774 799 813 816 835 842 856 924 933 946 947 951 
91 121 151 182 192 223 272 345 408 439 458 477 487 496 525 551 577 609 669 697 704 846 881 927 948 
5 6 17 18 29 55 56 58 73 75 82 97 150 184 188 190 203 220 234 246 253 266 270 281 282 288 292 297 302 313 328 367 371 390 393 398 410 421 425 444 475 485 492 494 495 520 538 547 561 583 584 591 592 653 665 667 680 689 691 710 725 727 746 748 750 752 765 770 772 776 779 781 828 894 926 936 944 955 960 961 975 
1 39 48 105 172 177 195 198 213 216 225 243 274 276 284 309 321 339 359 373 521 590 594 637 645 664 666 720 730 758 817 824 853 857 922 937 964 
2 12 15 23 25 101 124 127 179 261 287 291 298 314 315 391 420 436 450 502 505 549 556 559 595 678 681 796 839 941 962 963 985 989 
27 87 200 207 242 299 307 346 417 448 473 513 517 663 723 760 801 844 920 
9 53 65 139 159 162 178 199 268 280 376 389 402 526 627 743 757 862 875 885 899 900 909 959 977 
3 40 54 61 79 94 102 111 154 168 185 239 248 279 306 320 341 343 369 403 406 449 482 509 515 562 563 687 698 732 762 811 814 819 823 825 833 836 864 884 887 907 916 938 
66 112 140 153 160 167 197 212 227 244 273 283 286 294 323 326 395 434 484 522 541 544 550 558 586 650 702 708 711 775 810 850 904 906 910 
4 30 34 109 116 133 163 191 193 263 289 295 463 512 566 692 706 715 734 753 790 871 925 952 957 973 
8 16 64 100 104 108 137 181 189 217 305 348 357 370 378 394 397 429 442 500 508 519 530 574 580 643 648 654 701 717 721 767 782 789 818 832 840 863 898 905 913 993 
38 71 76 78 110 125 148 312 401 427 459 468 598 668 677 690 716 733 791 809 838 858 865 868 870 897 969 981 
20 31 37 83 84 218 260 379 386 424 467 469 476 507 533 593 626 703 719 731 792 852 883 921 984 
10 41 95 103 118 130 141 161 180 235 256 265 278 310 327 333 354 407 432 460 489 560 567 612 616 624 679 735 744 795 827 849 901 942 945 990 999 
14 21 46 59 119 122 132 135 144 145 155 165 169 204 208 221 232 236 277 285 293 300 316 340 356 362 385 426 428 431 441 443 445 453 456 457 462 464 471 472 479 493 498 539 545 548 572 579 582 588 599 606 613 615 630 636 644 659 661 688 699 707 709 751 756 759 766 784 793 815 837 851 855 859 866 876 889 917 928 930 966 974 978 994 995 997 
26 32 45 158 252 338 400 480 542 608 625 651 745 860 953 
7 13 43 72 85 86 90 115 128 205 257 264 269 352 384 418 430 454 490 491 537 553 568 618 641 642 726 761 802 807 829 830 893 934 
42 57 62 74 114 123 142 183 226 296 396 405 414 423 446 451 470 573 581 603 611 622 639 640 685 700 712 773 788 806 821 872 891 908 918 935 976 986 
19 28 33 67 80 99 117 120 194 214 238 240 331 351 355 360 364 365 372 415 474 488 504 527 536 578 587 631 655 714 722 739 740 778 820 841 874 919 923 967 970 972 979 991 
36 63 70 136 143 152 229 301 377 465 466 481 483 511 531 570 600 646 686 729 736 749 768 777 786 794 804 812 822 831 867 877 886 903 914 915 939 988 
47 88 106 131 149 166 174 186 187 215 251 347 412 565 657 741 763 808 845 882 888 929 940 
113 126 129 138 233 249 308 319 335 342 433 486 534 540 605 610 621 656 660 682 728 785 896 
35 93 98 196 201 222 247 350 361 366 411 422 440 514 518 523 524 552 589 597 602 604 617 638 683 684 693 713 718 797 847 854 861 873 895 956 965 982 998 
51 77 147 157 164 230 275 303 318 325 375 392 409 416 438 501 596 614 647 652 670 676 755 805 879 902 949 958 980 996 
22 50 170 209 399 528 529 555 569 672 674 695 954 
44 89 173 202 206 267 271 322 353 374 437 455 535 543 546 620 623 662 705 780 843 848 911 
24 69 176 255 258 324 330 332 334 368 380 381 383 387 413 452 478 503 564 575 576 628 629 675 724 738 798 880 892 931 943 987 992 
60 92 96 134 156 211 219 224 228 304 317 382 404 419 435 516 532 554 696 754 803 834 
