0 4 31 39 131 149 168 170 193 226 237 259 272 299 326 329 404 418 447 456 465 466 488 490 505 594 623 674 688 691 696 728 740 778 802 838 957 
10 50 93 95 161 164 178 179 202 209 219 224 232 250 387 388 403 417 478 480 492 528 540 576 579 616 694 704 722 726 789 820 826 828 951 
33 76 111 188 206 242 248 253 274 291 292 328 360 363 364 378 379 435 445 454 460 523 570 580 604 607 649 668 678 741 762 777 848 849 857 873 891 901 937 965 978 995 997 
5 21 116 167 249 348 349 385 406 421 436 551 563 577 628 672 747 761 867 935 983 
104 172 181 220 228 233 267 303 357 405 408 430 463 467 489 515 539 546 549 556 578 595 602 645 666 671 679 683 721 727 731 745 863 882 900 932 958 
1 24 25 101 148 216 331 372 416 425 457 482 544 614 618 624 637 739 792 810 829 835 924 938 
15 110 137 200 207 275 279 283 307 332 344 358 366 368 376 433 476 501 548 569 574 597 610 627 689 735 755 770 886 892 894 914 955 987 992 
3 27 38 48 58 62 66 77 81 102 109 115 122 126 139 143 145 151 153 154 157 166 169 182 191 198 212 217 254 261 294 323 338 341 356 389 393 431 432 455 475 479 487 497 502 512 542 559 573 575 584 609 659 670 673 685 703 715 732 758 768 772 793 794 795 807 811 822 833 841 859 885 897 907 944 949 980 996 
7 37 46 64 113 127 146 173 210 245 246 290 310 342 429 450 464 486 521 656 665 697 742 769 781 785 798 804 836 879 959 967 970 984 
8 117 118 123 141 152 159 195 214 223 229 244 280 297 305 308 315 325 353 370 396 423 424 449 470 472 510 514 525 552 558 564 615 617 650 651 664 693 698 702 712 719 737 749 753 754 756 776 787 814 831 837 872 909 910 917 918 920 927 963 966 969 979 985 991 999 
2 88 103 119 140 176 236 306 355 374 375 383 413 428 452 477 531 533 537 638 658 660 695 707 708 716 743 784 834 860 864 869 871 887 915 974 994 
20 67 70 138 183 190 218 225 257 263 301 324 334 446 461 494 516 524 625 827 847 923 946 950 956 973 986 
17 26 29 44 49 61 68 75 78 83 84 85 112 132 155 163 185 187 203 213 235 264 271 273 278 289 302 316 322 351 395 398 426 471 507 518 534 567 582 587 626 632 634 636 642 652 676 705 720 730 736 751 757 773 779 783 800 805 840 843 846 851 854 862 876 880 881 904 908 922 943 945 947 988 990 
12 55 69 97 121 135 180 277 285 300 327 352 394 415 439 453 483 495 499 508 536 606 612 622 646 677 713 714 786 801 803 813 875 941 
35 42 43 71 107 125 129 158 165 192 295 347 367 382 386 411 420 437 448 503 513 601 611 629 644 648 687 718 744 760 780 791 809 812 823 844 889 902 916 948 
54 96 194 239 335 401 414 443 541 547 561 591 613 655 662 686 701 724 788 817 852 856 866 868 929 968 981 
56 73 79 197 211 221 240 247 260 269 304 313 340 346 412 444 451 458 527 529 555 562 653 667 706 709 710 748 775 819 825 870 905 906 926 933 976 
6 22 28 63 94 105 175 199 208 252 268 287 309 311 317 319 337 380 399 441 498 506 526 530 532 572 596 600 619 640 661 692 699 750 806 830 839 855 877 890 903 975 993 
13 23 53 86 92 142 177 186 189 241 318 321 365 402 409 434 438 550 566 583 585 647 654 675 684 711 717 734 738 767 816 821 845 911 928 942 964 971 982 998 
34 51 59 80 89 150 282 419 427 568 571 599 605 631 690 764 799 824 842 853 972 
11 19 41 60 91 120 124 128 133 134 162 227 258 270 281 314 336 354 359 377 384 442 474 484 500 504 509 511 517 535 538 557 608 635 682 725 729 746 765 782 790 797 808 850 858 893 899 913 925 931 939 952 953 
9 32 52 99 106 136 160 205 234 266 293 339 350 369 371 392 519 593 603 663 818 865 874 878 883 977 
16 18 30 74 82 98 171 231 238 243 265 312 469 491 545 581 586 774 930 
14 45 47 65 72 114 130 255 276 362 373 397 422 440 459 468 485 620 621 669 888 896 919 936 
36 90 156 184 201 215 262 284 286 288 296 330 343 345 400 407 410 481 553 560 639 643 657 680 681 733 752 766 771 832 861 954 961 962 989 
57 87 100 144 204 222 230 256 298 361 381 391 462 493 496 520 592 598 630 633 700 723 763 796 815 884 921 934 960 
40 108 147 174 196 251 320 333 390 473 522 543 554 565 588 589 590 641 759 895 898 912 940 
