0 1 4 5 6 8 10 13 18 21 23 29 31 35 37 39 42 43 49 50 53 56 71 73 79 86 92 93 94 95 98 100 102 104 107 115 116 121 125 129 131 134 139 141 142 149 152 158 161 163 164 165 167 168 170 172 177 178 179 180 181 186 189 192 193 197 202 203 209 211 213 214 219 220 221 223 224 226 227 228 229 232 233 237 240 241 244 247 249 250 254 259 260 266 267 269 271 272 294 295 297 299 300 303 304 308 309 311 313 315 318 321 322 325 326 329 340 346 347 348 349 351 353 357 365 367 375 382 383 385 386 387 388 396 398 402 403 404 405 406 408 409 411 412 417 418 420 421 430 434 436 437 438 439 444 447 448 450 451 454 456 458 460 463 465 466 467 470 474 478 480 488 489 490 492 501 503 505 513 514 515 525 527 528 529 532 539 540 546 549 550 551 555 556 557 558 562 563 564 566 567 572 576 577 578 579 583 585 594 595 601 602 608 611 616 623 627 628 629 642 643 644 645 647 648 650 651 653 654 656 666 667 671 672 674 675 679 682 683 684 687 688 691 692 693 694 696 702 704 706 709 710 711 717 718 721 722 726 727 728 729 731 734 736 738 740 744 745 747 748 753 756 760 761 767 775 778 779 780 787 789 791 802 809 812 813 814 816 819 820 821 823 825 826 828 831 833 838 844 845 856 857 862 863 867 870 871 882 889 900 902 903 905 906 909 911 916 917 922 926 928 932 933 935 942 948 951 957 958 963 964 971 976 982 983 990 998 999 
33 76 111 188 206 242 248 253 274 291 292 328 360 363 364 378 379 435 445 446 523 570 604 607 649 668 678 741 754 762 777 848 849 873 891 901 937 965 978 995 997 
15 110 137 200 207 275 279 283 332 344 358 366 368 376 433 476 548 569 574 597 610 689 735 755 770 886 892 894 914 955 987 992 
48 62 66 81 109 122 126 151 153 154 191 198 238 261 323 393 431 455 475 487 502 512 542 559 575 609 673 685 715 732 758 768 794 795 811 822 841 907 944 949 
7 46 64 83 113 127 143 146 173 210 245 246 290 310 342 464 486 521 544 665 697 742 769 781 785 798 804 836 879 959 967 970 984 
24 25 101 148 216 331 372 416 425 457 482 614 624 637 739 792 810 829 835 924 938 
63 117 123 159 195 280 305 370 423 424 449 472 510 552 615 617 664 698 712 719 737 749 776 837 839 872 910 918 920 927 966 969 979 985 991 
2 88 103 119 140 176 236 306 355 374 413 428 429 452 477 531 533 537 638 658 660 695 707 708 716 743 784 834 860 864 869 887 915 974 994 
17 26 75 84 112 118 132 264 273 278 302 507 518 587 626 632 634 652 676 705 720 757 773 800 805 840 846 854 904 908 945 947 
3 27 58 77 145 157 166 169 182 212 217 338 341 356 432 479 497 573 584 659 670 703 772 793 807 859 885 897 980 996 
69 97 277 327 352 394 483 499 508 606 612 622 646 714 786 875 941 
20 67 70 138 183 190 218 225 257 263 301 324 334 461 494 516 524 625 827 847 923 946 950 956 973 986 
54 96 194 239 335 401 414 443 541 547 561 580 591 613 655 662 686 701 724 788 817 852 866 868 929 968 981 
44 61 68 78 85 155 185 187 289 316 426 471 582 636 730 751 783 843 851 876 880 881 943 988 
22 28 105 175 252 268 287 317 319 337 395 399 441 498 526 530 596 600 619 640 661 699 750 806 830 855 877 890 993 
34 51 59 80 89 150 282 380 419 427 568 571 599 605 631 690 764 799 824 842 853 972 
19 41 91 124 128 258 314 354 359 442 484 500 509 517 535 538 797 858 899 913 925 939 
9 32 52 99 106 136 160 205 234 293 339 350 369 371 392 506 519 593 603 663 818 865 874 878 977 
16 30 74 82 171 231 243 265 312 469 491 545 581 586 774 930 
11 60 120 133 162 270 281 336 377 384 504 511 635 725 746 765 782 790 808 850 893 931 952 953 
12 55 135 285 415 453 495 536 677 713 801 803 
14 45 47 65 72 114 130 255 276 362 373 397 422 440 459 468 485 620 621 669 888 896 919 936 
36 90 156 184 201 208 215 262 284 286 288 296 330 343 345 400 407 410 481 553 560 639 657 680 681 733 752 766 771 832 861 954 961 962 989 
38 40 108 147 174 196 199 235 251 307 320 333 389 390 473 522 543 554 565 588 589 590 618 641 759 883 895 898 912 940 975 
57 87 144 204 222 230 256 298 361 381 391 462 493 496 520 534 592 598 630 633 700 723 763 796 815 884 921 934 960 
