0 1 4 6 15 17 22 28 31 33 38 39 40 44 48 49 61 62 66 68 76 78 81 85 94 105 108 109 110 111 115 122 126 131 137 139 147 149 151 153 154 155 168 170 174 175 178 185 187 188 191 193 196 198 199 200 206 207 208 226 235 237 238 242 248 251 252 253 254 259 261 268 272 274 275 279 283 287 289 291 292 299 307 309 316 317 319 320 323 325 326 328 329 332 333 337 344 350 358 360 363 364 366 368 376 378 379 380 384 389 390 393 395 398 399 404 418 426 431 433 435 441 445 447 454 455 456 460 463 465 466 471 473 475 476 487 488 490 498 501 502 505 506 512 522 523 526 530 532 542 543 548 554 559 565 569 570 572 574 575 578 581 582 588 589 590 594 596 597 600 604 607 609 610 618 619 623 627 636 640 641 649 661 668 673 674 678 685 687 688 689 691 692 696 699 715 721 727 728 730 731 732 735 740 741 750 751 755 758 759 762 768 770 777 778 783 794 795 802 806 811 822 830 833 838 841 843 848 849 851 855 857 871 873 876 877 880 881 883 886 890 891 892 894 895 898 901 903 907 912 914 937 940 943 944 949 955 957 965 975 978 987 988 992 993 995 997 
23 36 37 50 90 93 95 134 156 161 164 179 184 201 202 209 215 219 224 232 250 262 284 286 288 296 311 322 330 343 345 387 388 400 403 407 410 417 478 481 492 528 540 553 557 560 576 579 616 639 643 657 680 681 694 704 722 726 733 752 766 771 789 820 826 828 832 861 951 954 961 962 989 
7 8 46 64 83 98 113 116 127 143 146 173 210 214 223 229 244 245 246 290 308 310 315 342 421 429 436 450 464 470 486 521 525 544 558 563 564 567 628 665 697 709 742 769 781 785 798 804 814 836 867 879 959 963 967 970 983 984 999 
104 172 181 220 228 233 267 303 405 408 430 467 489 515 539 546 549 556 595 602 645 656 666 671 679 683 745 863 900 932 958 
24 25 101 148 216 331 372 416 425 457 482 614 624 637 739 792 810 829 835 924 938 
11 60 120 133 162 270 281 336 348 377 474 504 511 635 725 729 746 761 765 782 790 808 850 893 931 935 952 953 
63 123 141 152 159 195 280 305 318 353 370 423 424 449 472 510 514 552 615 617 651 664 698 712 719 737 749 754 776 787 837 839 872 910 917 918 920 927 966 969 979 991 
2 88 103 119 140 176 236 306 355 374 375 383 413 428 452 477 531 533 537 638 658 660 695 707 708 716 743 784 834 860 864 869 887 915 974 994 
16 20 67 70 138 183 190 218 225 257 263 301 324 334 446 461 494 516 524 625 827 847 923 946 950 956 973 986 
5 26 29 75 84 112 117 118 132 163 264 271 273 278 302 507 518 534 587 626 632 634 652 676 705 720 757 773 800 805 840 846 854 904 908 945 947 985 990 
3 27 58 77 145 157 166 169 182 212 217 338 341 356 432 479 497 573 584 659 670 703 772 793 807 859 885 897 980 996 
12 55 69 97 121 135 180 277 285 300 327 352 394 415 439 453 483 495 499 508 536 606 612 622 646 677 713 714 786 801 803 813 875 941 
10 18 35 42 43 71 100 107 125 129 158 165 192 295 347 357 367 382 386 411 420 437 448 480 503 513 601 611 629 644 648 718 744 780 791 809 812 823 844 882 889 902 916 948 
54 96 194 239 335 401 414 443 541 547 561 580 591 613 655 662 686 701 724 788 817 852 856 866 868 929 968 981 
13 53 56 73 79 86 92 102 142 177 186 189 197 211 221 240 241 247 260 269 294 304 313 321 340 346 365 385 402 409 412 434 438 444 451 458 527 529 550 555 562 566 577 583 585 647 653 654 667 675 684 706 710 711 717 734 738 748 760 767 775 816 819 821 825 845 870 905 906 911 926 928 933 942 964 971 976 982 998 
21 167 249 349 406 551 672 747 
34 51 59 80 89 150 282 419 427 568 571 599 605 631 690 764 799 824 842 853 972 
19 41 91 124 128 258 314 354 359 442 484 500 509 517 535 538 608 682 797 858 899 913 925 939 
9 32 52 99 106 136 160 205 234 293 339 369 371 392 519 593 603 663 818 865 874 878 977 
74 82 171 231 265 469 491 774 930 
14 45 47 65 72 114 130 255 276 362 373 397 422 440 459 468 485 620 621 669 888 896 919 936 
30 243 312 545 586 
203 213 266 297 351 396 642 650 693 702 736 753 756 779 831 862 909 922 
57 87 144 204 222 227 230 256 298 361 381 391 462 493 496 520 592 598 630 633 700 723 763 796 815 884 921 934 960 
