0 168 447 674 688 740 
104 170 172 181 233 267 303 326 408 430 463 467 489 515 528 539 546 549 556 578 595 602 643 645 666 671 679 683 721 727 731 745 863 900 932 958 
33 76 111 112 139 188 206 242 248 253 274 291 292 328 360 363 364 378 379 435 445 454 460 466 523 570 580 604 607 649 668 678 741 754 762 777 848 849 857 873 891 901 937 965 978 995 997 
5 7 37 46 64 83 113 116 127 143 146 173 210 245 246 290 310 318 342 348 349 385 421 429 436 450 464 486 498 521 525 563 577 628 656 665 697 742 761 769 781 785 798 804 836 867 879 904 935 959 967 970 983 984 
1 63 117 123 152 159 195 268 273 280 305 353 370 405 423 424 449 472 507 510 514 552 615 617 651 664 698 712 719 737 749 776 787 837 839 872 910 918 920 927 966 969 979 985 991 
15 22 110 137 200 207 275 279 283 332 338 344 358 366 368 376 433 476 501 548 569 574 597 610 627 689 692 735 755 770 886 894 914 955 987 992 
48 62 66 81 102 109 115 122 126 131 151 153 154 191 198 254 261 272 294 323 393 431 455 475 487 490 502 512 542 559 575 609 673 685 715 732 758 768 794 795 811 822 841 907 944 949 
24 25 101 148 216 331 372 416 425 457 482 544 614 624 637 739 792 810 829 835 924 938 
2 84 88 103 119 140 163 176 236 306 355 374 375 383 413 428 452 477 531 533 537 572 638 658 660 695 707 708 716 743 784 834 860 864 869 871 887 915 974 994 
16 20 30 67 70 74 82 138 171 183 190 218 225 228 231 238 243 257 263 265 301 312 324 334 446 461 469 491 494 516 524 545 581 586 625 738 774 827 847 917 923 930 946 950 956 973 986 
26 75 118 302 567 587 626 652 773 800 846 908 947 
3 58 166 169 182 217 356 432 497 573 584 670 772 793 859 885 996 
12 55 69 97 121 135 180 277 285 300 327 352 394 415 439 453 483 495 499 508 536 606 612 622 639 646 677 713 714 786 801 803 813 875 941 
27 77 145 157 212 341 479 659 703 807 897 980 
4 8 21 31 98 167 193 203 213 214 223 229 244 249 259 266 278 297 308 315 325 351 396 398 399 404 406 456 470 505 551 558 564 594 623 642 650 661 672 691 693 696 702 709 728 736 747 753 756 760 778 779 802 814 831 862 909 922 963 990 999 
19 39 41 91 124 128 149 226 258 314 329 354 359 418 442 465 484 488 500 509 517 535 538 608 682 797 858 899 913 925 939 957 
10 18 35 42 43 71 100 107 125 129 141 158 165 192 220 271 295 309 347 357 367 382 386 411 420 437 448 480 503 513 601 611 629 644 648 718 744 780 791 809 812 821 823 844 882 889 902 916 948 
54 96 194 239 335 401 414 443 541 547 561 591 613 655 662 686 701 724 788 817 852 856 866 868 929 968 981 
29 56 73 79 197 211 221 240 247 260 269 304 313 340 346 412 444 451 458 527 529 555 562 653 667 706 710 748 775 819 825 833 870 905 906 926 933 976 
17 132 264 518 632 634 676 705 720 757 805 840 854 945 
6 13 23 53 86 92 94 142 177 186 189 241 321 365 402 409 434 438 532 550 566 583 585 647 654 675 684 711 717 729 734 767 816 845 911 928 942 964 971 982 998 
44 49 61 68 78 85 155 185 187 289 316 395 426 471 582 636 730 751 783 843 851 876 880 881 943 988 
175 317 319 530 596 619 640 699 806 855 877 
28 105 252 287 337 526 600 750 830 890 993 
34 51 59 80 89 150 282 380 419 427 568 571 599 605 631 690 764 799 824 842 853 972 
9 32 52 99 106 136 160 205 234 293 339 350 369 371 392 506 519 593 603 663 818 865 874 878 883 977 
50 93 95 134 161 164 179 202 209 219 224 232 250 311 322 387 388 403 417 478 492 540 557 576 579 616 694 704 722 726 789 820 826 828 951 
11 60 120 133 162 227 237 270 281 299 336 377 384 474 504 511 635 725 746 765 782 790 808 838 850 893 931 952 953 
14 45 47 65 72 114 130 255 276 362 373 397 422 440 459 468 485 620 621 669 888 896 919 936 
36 90 156 184 201 208 215 262 284 286 288 296 330 343 345 400 407 410 481 553 560 657 680 681 733 752 766 771 832 861 903 954 961 962 989 
38 40 108 147 174 178 196 199 235 251 307 320 333 389 390 441 473 522 543 554 565 588 589 590 618 641 687 759 892 895 898 912 940 975 
57 87 144 204 222 230 256 298 361 381 391 462 493 496 520 534 592 598 630 633 700 723 763 796 815 884 921 934 960 
