5 31 44 213 233 293 316 324 325 327 331 347 361 483 503 525 551 559 575 619 627 656 661 736 746 806 813 822 828 839 851 908 929 931 955 970 971
22 31 68 97 108 123 176 287 300 401 403 495 509 549 573 579 594 607 611 664 733 738 787 819 830 890 906 945 982
5 10 14 27 40 74 108 138 188 194 208 241 296 302 325 329 334 372 380 397 538 631 641 681 690 705 708 731 732 780 817 840 844 927
9 18 20 26 53 108 122 136 146 161 199 220 227 236 238 249 312 340 393 402 415 422 470 495 530 561 645 657 659 812 825 831 880 881 882 896 900 904 911 936 951 968 971 983 994 996
0 21 57 59 71 73 91 97 233 269 274 281 291 306 356 361 376 378 395 400 419 482 491 610 650 666 688 691 713 728 748 761 770 825 829 895 941 999
11 41 71 76 134 169 211 245 252 255 290 294 304 329 355 421 444 456 461 476 487 553 560 562 587 596 622 652 679 690 702 736 775 821 830 847 853 854 873 876 887 903 918 921 929 931 964 984 988
41 48 82 94 102 107 120 128 132 165 218 228 246 258 337 382 486 538 556 560 561 577 581 589 618 625 632 651 694 711 722 724 746 760 799 807 875 904 905 925
86 143 153 221 225 232 261 317 323 425 444 453 462 502 503 509 539 592 595 612 624 630 704 743 773 783 849 867 889 919 971 987 992
35 41 77 82 133 196 242 312 374 471 564 601 602 680 691 707 795 805 822 836 859 878 976 990
33 54 210 318 349 369 375 398 481 541 546 566 572 643 644 645 697 825 864 870 952
28 196 204 312 324 360 396 475 497 503 525 531 559 591 602 614 648 657 660 661 664 675 676 682 686 689 731 746 752 763 812 822 828 829 852 857 908 920 930
0 2 68 142 147 150 191 211 224 231 270 290 341 363 373 420 439 496 573 614 623 625 627 691 715 782 835 861 880 889 901 924 942 966 995
7 10 42 56 82 140 177 213 245 293 309 324 343 354 355 389 395 414 416 418 444 459 476 485 505 551 563 630 642 646 648 687 737 746 769 842 847 875 878 886 890 893 960
24 31 44 46 49 76 79 99 149 168 255 328 387 398 473 518 585 734 754 794 816 879 881 887 959
34 39 118 222 272 278 303 344 354 374 395 434 479 618 671 676 698 720 722 851 856 862 984 998
25 154 169 225 245 285 333 355 364 365 527 540 681 716 739 744 762 777 793 797 812 844 892 907 927 951 968 992
44 196 210 230 259 288 364 383 392 458 466 504 543 598 605 613 654 658 666 680 756 803 812 822 867 869 928 939
12 13 93 125 157 178 237 293 325 347 388 412 417 441 456 490 512 550 626 646 665 671 676 681 723 759 771 833 840 942 949
42 43 95 98 102 103 169 179 214 281 340 359 378 392 418 422 432 442 463 472 474 483 495 513 515 523 535 597 631 640 662 679 687 708 715 729 747 753 774 776 793 855 866 893 937 946 979 985
101 181 239 391 405 406 525 646 649 714 732 767 820 846 852 863 881 890 917 992
5 25 61 68 97 137 143 156 201 203 208 292 313 392 427 496 543 597 614 731 732 740 792 814 844 867 894 927 928 981 983 993
3 6 22 30 32 52 114 126 191 216 243 248 268 276 308 337 351 370 381 415 421 427 460 464 484 511 566 640 694 705 715 719 751 815 829 834 846 875 886 888 894 901 935 938
29 42 60 78 117 128 157 172 185 194 217 232 239 260 271 299 386 411 415 434 456 489 527 529 581 616 620 625 636 639 650 657 672 683 690 721 723 751 811 865 880 904 905 943 949 950
2 88 137 155 159 196 212 223 224 284 337 351 388 414 447 451 472 509 510 561 571 611 738 753 765 827 923 942 949
28 45 62 83 128 145 157 159 213 219 232 297 313 326 399 448 464 575 615 630 641 668 685 687 690 704 828 838 893 897 902 908 953 978 985
6 145 159 219 256 354 415 456 468 598 676 703 730 801 805 913 917 984 989 993
22 27 62 75 97 117 142 214 282 374 407 418 436 463 472 497 504 514 520 531 537 538 593 615 633 638 708 731 735 782 881 907 914 915 928 939 963 967 972 983
1 25 49 130 141 163 177 210 219 225 232 250 263 281 315 325 345 410 416 442 452 517 554 557 566 567 607 615 628 629 645 663 669 726 748 751 815 830 835 838 846 847 978
70 100 186 361 428 450 527 548 564 570 677 697 722 747 753 760 763 798 850 961 979
27 49 56 68 80 87 137 173 180 210 233 236 243 263 264 267 291 340 366 367 379 398 403 427 430 445 457 475 513 539 543 611 655 658 665 725 848 868 898 907 916 917 986
7 38 106 129 171 205 235 240 262 263 293 307 335 355 403 409 447 480 483 499 504 525 543 578 648 661 674 705 707 736 779 788 827 847 851 875 912 960 971 975 983
7 168 173 176 182 190 212 216 294 342 431 621 629 678 697 715 722 757 763 767 824 837 996
2 108 112 117 208 212 214 314 318 388 446 447 455 496 509 513 515 555 573 611 705 738 753 827 887 907 942 979 980
28 63 67 81 84 96 135 143 166 168 189 219 275 371 395 414 434 443 574 601 653 687 704 706 755 756 763 800 828 832 893 908 939 956 957
0 17 23 31 42 90 92 133 145 184 194 195 224 252 266 302 311 340 403 412 418 430 431 450 463 464 485 495 497 554 585 640 641 710 712 764 774 785 793 813 834 889 929 938 986
104 111 112 139 152 170 254 265 424 467 500 506 547 569 598 603 605 680 717 736 813 838 866 871 939 940 955 974
10 29 47 112 115 121 177 200 214 236 290 312 348 357 362 430 449 489 545 551 561 575 584 599 605 625 631 679 729 784 809 810 816 826 851 872 931 973
62 64 102 173 177 224 257 305 310 318 331 351 359 361 370 410 416 422 430 438 476 485 515 539 585 609 617 640 647 657 661 663 680 694 723 747 762 813 815 824 840 841 858 899 923 929 978 990 993
4 15 19 29 41 76 321 332 381 385 393 431 469 472 481 618 629 650 683 707 714 734 768 782 835 843 954
22 69 131 137 216 239 245 286 313 337 359 370 378 408 423 527 568 600 631 691 830 866 883 899 949
10 26 27 71 89 114 133 158 160 173 183 197 206 208 213 243 281 294 319 384 388 392 412 444 481 483 497 504 524 528 559 564 566 608 648 658 663 667 679 693 747 748 879 891 932 951 955 968
34 66 72 95 104 111 164 183 184 212 215 322 328 329 381 398 412 431 450 481 516 554 576 605 683 714 742 749 760 767 774 793 804 805 808 816 818 823 827 829 878 886 904 909 938 968 979
34 37 77 105 251 295 296 324 358 442 454 477 485 515 521 588 598 627 671 695 707 780 795 877
0 16 51 56 71 77 114 156 159 183 200 207 209 225 226 255 296 330 339 404 421 427 433 478 498 531 570 581 635 641 650 671 729 734 762 767 772 788 835 880 901 905 922 934 977 990 996 997
34 65 85 102 110 157 162 174 283 313 328 331 381 434 442 501 558 564 604 615 618 630 664 684 700 704 714 727 732 781 790 885 923 926 931 960 969 984
45 50 169 216 252 320 339 346 475 476 508 519 528 573 590 629 697 748 824 899 905 909 951
26 95 124 142 176 200 243 298 338 352 353 370 435 526 528 531 536 554 597 606 664 673 723 750 758 866 909 923 978 992
112 119 211 234 302 336 350 374 413 475 522 534 582 585 601 694 756 766 846 852 867 886 917 933
6 45 76 77 104 111 114 117 128 133 142 168 183 191 192 200 247 291 294 318 339 351 421 489 492 542 559 575 583 586 614 666 692 696 729 745 762 766 788 791 805 815 824 834 838 887 901 909
6 55 82 95 104 111 113 184 187 191 194 233 252 277 279 328 329 393 414 416 447 463 464 465 496 513 528 533 539 560 570 601 602 607 683 708 718 756 760 766 774 816 825 834 938 955 985 993
29 56 144 184 202 244 253 273 410 437 507 538 552 581 602 646 699 795 879 889 944 986
109 145 148 176 211 236 291 296 339 354 364 393 440 489 503 532 565 607 637 670 734 802 878 894 960 965 996
5 8 25 58 116 127 156 175 289 302 331 347 364 368 378 394 422 426 490 597 627 645 681 709 751 778 780 788 795 844 871 890 928 991
26 28 36 45 143 151 156 193 229 255 377 390 490 494 544 560 570 580 665 666 701 738 741 780 786 789 796 852 871 910 947 962 985
2 7 44 49 62 167 198 239 263 280 290 301 347 359 410 429 450 488 490 493 551 634 658 663 665 766 782 840 845 860 871 874 879 884 894 899 927 948 958 986 990
