6 60 61 63 148 192 201 219 227 247 284 339 384 396 399 420 452 456 504 515 608 618 653 713 717 760 787 789 793 817 867 891 930 933 943 984 994
6 29 53 93 103 111 146 224 287 293 378 394 453 463 490 498 567 602 620 669 732 745 748 767 818 829 840 968 974
14 41 101 127 141 182 184 192 266 292 308 328 346 353 366 408 429 534 561 564 629 640 709 748 796 836 883 890 891 916 918 932 957 988
16 55 203 214 232 265 269 295 315 316 342 358 385 430 440 484 493 509 551 553 560 576 579 582 632 633 686 715 742 748 752 798 821 829 843 855 911 939 942 949 960 979 984 985 993 999
53 57 58 62 76 83 118 126 178 199 201 205 207 217 218 290 313 325 392 431 452 466 475 478 545 575 576 580 588 707 708 714 719 811 851 915 929 961
47 75 129 130 134 141 172 182 208 221 235 244 278 282 286 360 370 371 373 376 387 428 444 449 481 515 516 535 548 562 567 654 717 757 766 772 846 851 881 917 921 925 930 936 938 947 953 964 990
5 8 91 101 134 145 249 280 311 327 342 352 355 385 419 432 436 462 524 541 584 592 605 616 644 646 656 702 704 731 735 766 787 804 824 838 849 946 951 956
49 60 69 81 90 96 107 190 206 259 277 283 349 418 457 465 468 469 562 581 639 647 648 652 737 746 756 782 790 792 809 968 984
9 31 39 65 99 125 142 219 233 234 240 280 393 570 611 758 766 773 823 842 924 929 942 971
2 23 36 87 156 212 323 340 356 357 426 427 484 532 542 576 587 600 631 671 786
25 29 32 60 65 88 142 199 209 219 228 247 267 295 343 384 421 433 470 504 514 579 626 665 670 771 787 789 800 817 857 860 861 906 918 933 942 963 992
27 92 102 135 161 196 220 231 268 278 287 339 354 402 425 465 510 527 541 546 552 563 643 715 725 729 747 763 811 860 892 929 953 974 987
63 71 86 108 129 147 162 198 221 227 244 246 252 267 280 291 300 401 415 424 463 469 504 545 548 562 583 614 615 621 630 635 653 656 734 773 787 866 907 909 916 931 996
6 110 167 235 243 286 350 364 375 399 437 503 522 542 658 678 682 768 834 882 904 935 938 960 978
13 72 79 112 153 166 211 393 410 424 464 491 508 545 566 592 594 665 731 764 777 943 948 990
24 64 206 244 262 266 277 295 318 347 387 429 471 518 548 582 604 622 681 808 822 864 880 894 897 939 941 957
69 70 142 158 195 212 217 219 238 295 309 312 386 399 502 558 683 696 727 783 788 807 880 885 903 923 958 971
10 20 61 63 143 186 191 192 198 237 296 341 344 388 429 444 507 517 655 665 709 826 854 873 877 900 912 948 959 987 991
86 121 128 149 151 208 214 216 230 246 252 254 261 289 302 309 324 330 383 387 439 443 451 461 462 478 493 495 521 528 534 550 563 657 681 714 785 795 797 799 829 836 869 909 922 927 983 994
26 88 106 140 198 206 299 435 454 463 486 590 597 629 761 775 813 886 933 960
19 37 53 64 69 157 261 265 266 287 309 361 457 510 572 609 625 629 667 860 871 872 875 890 891 893 905 918 923 957 958 970
12 16 23 27 28 33 35 67 109 145 188 196 199 200 241 271 276 292 293 330 432 441 460 481 519 526 555 563 610 625 656 689 693 699 718 726 835 859 886 902 905 966 980 996
3 10 16 43 59 67 81 91 177 182 246 299 305 307 311 341 385 405 409 410 417 431 444 497 541 547 579 622 640 663 701 715 723 743 803 804 810 825 833 862 887 928 959 965 976 995
18 28 48 102 124 142 143 145 151 180 285 302 314 338 341 342 425 602 612 635 666 669 695 819 841 901 968 970 987
0 4 10 45 48 81 86 175 182 227 239 270 303 308 361 381 384 406 438 469 526 608 617 626 627 652 741 753 774 804 817 869 909 972 989
4 16 48 159 213 233 424 435 444 492 512 540 572 641 665 721 727 835 972 990
1 53 95 101 135 151 197 222 252 265 293 328 329 336 368 393 406 450 514 534 552 623 659 684 774 776 783 785 879 885 914 918 927 941 944 958 960 965 973 992
0 4 15 23 64 67 77 81 129 162 192 212 236 251 255 276 277 281 310 406 412 413 422 474 484 489 523 546 567 575 596 615 685 692 714 741 799 820 840 874 882 886 899
25 31 66 68 117 165 181 201 223 302 383 477 485 573 585 592 600 622 739 797 824
7 15 22 109 126 212 214 257 258 287 301 304 328 334 372 388 403 435 452 455 495 542 543 551 648 664 669 679 716 728 732 751 780 814 857 866 870 882 903 905 923 941 970
15 63 129 139 247 250 256 265 267 285 292 380 404 415 515 548 571 574 586 612 645 656 687 705 711 732 734 765 778 863 878 885 923 924 933 934 943 962 984 994 997
25 78 136 146 275 391 403 428 441 445 563 592 600 601 666 688 692 734 813 850 858 978 999
84 143 235 285 292 302 340 382 397 425 495 510 539 602 612 666 669 748 770 797 802 890 927 941 965 968 974 983 987
4 25 73 86 104 132 152 155 160 169 194 288 335 337 384 400 410 457 479 496 501 545 626 635 652 691 700 703 758 783 807 817 827 909 978
6 7 20 52 77 82 85 102 117 121 136 176 214 226 240 246 252 279 300 308 330 390 434 456 465 514 526 531 610 640 674 681 682 717 718 720 732 785 811 814 829 831 917 972 988
40 80 128 148 294 306 312 345 382 456 476 488 513 515 530 636 672 675 698 727 741 749 769 783 868 884 926 971
30 162 204 208 225 273 278 297 312 317 342 369 382 409 443 448 541 551 569 608 619 651 653 668 722 814 836 839 887 910 916 927 930 935 942 943 967 969
0 9 28 50 102 120 162 187 201 221 247 274 276 300 330 338 340 383 396 403 423 432 439 456 458 462 493 518 559 572 579 615 648 682 685 709 712 717 774 814 845 858 865 874 908 959 966 971 983
38 136 150 151 183 319 321 377 409 431 486 487 494 520 546 547 552 692 731 738 742 766 786 859 904 924 938
105 128 133 145 244 293 299 341 351 361 439 441 459 478 538 567 599 622 712 791 812 836 929 966 970
20 23 31 44 109 143 148 202 208 227 229 240 264 267 309 328 364 374 383 403 428 430 514 533 549 554 562 575 582 638 699 706 714 730 786 789 851 852 874 885 889 890 903 916 937 939 986 994
20 52 54 77 100 113 117 121 136 141 199 233 285 312 320 345 385 416 442 451 467 486 491 505 533 542 547 557 582 610 637 658 666 681 773 786 797 813 824 830 859 913 926 935 950 981 996
114 125 127 137 168 210 300 339 346 348 365 491 504 628 694 710 727 779 799 842 853 924 948 983
9 17 48 91 94 119 125 127 144 154 164 165 196 260 272 277 286 308 311 359 369 431 443 481 518 533 537 546 578 660 680 699 715 733 762 811 813 851 866 871 888 904 905 945 948 992 997 999
10 29 31 56 122 131 333 338 361 379 396 398 406 410 415 462 469 473 480 486 491 529 577 606 629 652 658 662 676 677 731 799 844 847 859 895 930 990
21 221 298 311 387 395 411 441 554 556 575 600 680 692 712 828 857 858 913 917 939 974 989
0 29 77 97 109 128 135 138 146 179 189 206 261 332 338 369 430 451 499 554 565 642 673 740 806 816 913 959 966 992
69 88 263 382 389 393 432 435 593 649 682 697 750 758 781 807 848 856 857 886 919 953 988 996
27 28 125 126 135 196 217 233 235 240 276 340 345 369 414 428 443 481 518 533 536 589 608 613 680 699 718 736 741 789 804 805 835 858 860 887 913 919 920 926 938 954 965 975 978 982 989 997
27 52 65 121 123 134 141 148 165 248 280 331 345 451 452 495 510 526 534 547 554 568 572 576 610 612 615 635 640 648 658 718 742 758 785 807 824 835 840 869 917 919 926 935 952 955 977 998
7 52 65 89 91 101 171 198 215 362 364 409 465 482 483 544 685 724 784 794 842 866
51 60 126 127 146 163 253 407 415 424 525 551 591 625 634 680 742 773 801 837 840 880 887 904 953 972 999
11 61 64 67 173 193 242 261 266 294 322 339 346 363 396 429 446 447 463 478 484 493 598 754 759 842 871 880 891 940 958 988 991 997
46 74 88 115 134 165 217 286 294 346 367 388 430 457 500 511 595 602 603 607 624 626 650 661 690 744 815 832 869 871 898 989 991
7 9 15 34 42 61 98 116 117 170 174 185 245 278 294 299 326 364 388 399 425 439 472 506 552 625 653 685 709 712 734 755 774 874 876 882 896 903 919 957 991
