89 101 135 176 220 239 242 282 294 300 313 405 439 491 501 546 559 574 649 660 674 744 748 754 775 808 836 846 887 898 901 937 943 959 964 972 973
2 141 153 158 179 193 220 322 370 419 503 549 583 603 604 698 701 712 719 749 785 817 872 886 892 895 916 922 983
86 111 119 132 207 239 243 247 279 286 294 299 325 360 419 422 452 489 519 529 536 589 639 648 672 678 740 753 757 796 843 933 954 987
12 19 20 45 64 84 92 96 182 260 280 284 305 309 380 406 419 429 430 450 456 458 462 545 564 570 630 635 661 689 692 733 734 736 820 833 872 888 889 918 955 969 973 984 995 997
27 36 53 77 80 89 158 174 208 231 259 280 295 296 302 326 331 333 381 403 420 426 481 483 557 561 584 643 644 771 788 852 887 921 928 970 982 999
11 95 104 118 132 152 194 205 235 267 271 292 298 339 340 349 356 363 375 393 404 423 443 466 477 483 500 516 533 546 548 569 638 642 678 683 687 696 712 716 727 744 761 845 882 937 963 985 989
0 38 41 45 51 79 114 116 154 164 216 221 224 260 316 334 345 368 372 399 448 512 533 572 599 607 651 684 687 721 730 731 754 763 796 807 815 913 919 960
5 10 47 48 50 55 82 95 180 187 196 245 249 335 503 554 576 596 658 668 706 746 809 881 883 884 901 907 942 950 973 988 993
27 71 85 98 168 191 211 221 355 384 405 533 541 605 613 688 694 699 803 813 833 894 917 991
8 20 128 178 189 199 206 230 240 277 280 348 366 425 538 610 691 705 780 782 903
7 72 135 161 191 208 299 304 307 357 383 405 435 440 447 454 475 491 505 594 622 689 751 754 762 820 833 836 846 860 876 886 894 897 901 914 943 964 990
21 27 35 112 166 174 179 181 186 212 356 367 389 411 439 442 457 468 474 480 485 508 549 569 622 656 725 731 739 746 802 858 888 909 946
14 16 42 79 95 109 110 123 163 168 176 196 221 226 267 306 346 363 403 418 435 476 477 491 504 566 595 601 638 649 672 675 717 754 770 774 804 842 898 899 916 935 965
46 121 220 229 238 240 242 271 329 339 358 375 453 515 520 593 611 627 633 657 659 710 711 741 889
68 72 101 110 164 359 392 403 551 582 605 624 631 655 730 732 799 800 824 839 853 875 893 985
15 47 142 152 172 210 267 270 352 363 424 430 478 489 524 619 682 740 779 787 810 820 862 890 915 933 955 993
55 73 74 106 191 242 250 261 270 287 326 353 405 517 530 537 567 610 616 679 688 764 768 816 820 835 934 948
30 32 39 52 65 72 76 176 218 253 288 294 382 409 449 540 566 574 582 664 680 681 723 740 747 756 761 798 843 946 953
11 42 73 96 100 116 117 131 149 152 163 172 175 195 214 226 263 347 371 374 415 458 485 497 511 588 615 639 648 671 674 702 713 742 755 774 788 830 837 852 865 870 872 874 971 977 981 986
1 17 102 133 155 251 279 293 311 507 553 566 598 854 860 889 916 925 943 993
55 62 73 99 144 145 150 151 158 179 184 204 207 217 239 279 299 347 353 411 459 489 524 622 735 765 902 907 933 934 984 994
16 44 61 79 90 94 140 150 153 154 156 171 185 208 212 222 235 265 348 398 429 431 460 461 485 575 589 599 620 653 666 783 823 830 838 840 849 851 854 900 902 909 910 947
5 40 107 133 146 223 227 231 260 291 308 321 337 345 372 373 385 409 417 429 451 461 526 547 550 617 619 654 676 678 685 689 731 756 761 774 795 824 832 868 888 913 951 953 958 987
18 45 52 143 151 154 166 191 198 254 265 268 320 332 389 400 415 418 492 503 583 695 713 812 869 895 931 946 953
5 43 144 156 163 196 202 226 303 332 345 365 396 401 409 422 528 559 581 592 623 647 678 693 722 828 836 857 883 896 897 898 964 980 986
22 44 72 105 110 323 332 396 429 509 579 618 679 729 761 813 857 925 985 994
23 35 42 153 158 161 175 186 213 274 283 299 324 361 376 390 391 415 445 467 505 529 587 605 617 623 648 722 742 768 784 796 835 867 889 915 920 934 939 984
3 5 20 47 91 93 103 109 121 141 232 233 278 294 315 348 396 401 414 461 477 486 508 524 535 562 591 608 610 623 626 653 663 712 770 771 788 837 854 859 861 967 980
25 41 71 297 301 397 455 475 496 532 565 619 705 713 730 769 821 847 887 971 981
24 30 63 89 92 96 121 124 150 151 171 179 200 232 234 240 295 307 346 353 354 413 416 421 434 437 464 473 479 517 529 531 583 603 610 636 702 797 866 915 925 942 975
26 29 31 79 101 113 126 143 176 232 244 248 353 363 384 435 469 477 513 521 525 552 589 603 634 673 674 695 700 709 743 744 768 842 846 935 938 943 973 984 996
118 125 155 222 241 268 312 377 464 475 485 535 568 627 669 677 697 698 705 728 730 935 997
34 52 143 175 199 207 264 268 339 389 411 419 498 503 549 583 589 609 617 695 702 713 755 844 895 915 936 946 981
6 33 70 157 163 173 226 351 396 403 410 418 444 475 487 602 613 627 667 707 738 758 764 824 829 835 836 841 877 883 897 907 930 945 964
42 58 63 96 156 159 166 172 174 220 318 319 340 369 398 413 422 433 471 504 505 511 514 546 562 593 603 669 723 742 746 774 775 814 821 822 823 830 834 857 872 912 917 954 987
69 177 342 401 567 580 590 609 662 679 688 715 737 744 775 776 778 790 826 835 855 874 878 879 885 959 968 974
11 45 46 49 92 101 175 188 209 223 273 317 327 356 364 413 470 497 506 522 559 567 609 632 639 645 649 654 672 731 770 794 801 806 833 937 961 962
81 87 90 109 116 117 127 139 166 199 265 413 424 458 464 501 502 504 518 546 568 593 599 626 638 653 665 688 689 708 722 724 726 755 756 770 775 825 830 843 846 859 887 931 942 971 980 991 994
35 129 164 165 169 223 231 251 271 309 321 329 384 415 428 482 484 490 508 533 535 640 650 669 782 818 838
27 28 67 90 117 133 144 147 151 153 154 222 225 252 267 619 637 639 665 712 718 850 852 874 953
11 13 52 71 73 88 95 97 118 135 148 167 171 207 348 386 394 406 427 430 432 435 464 483 505 517 529 539 544 597 612 633 666 672 674 723 768 771 782 788 848 859 898 904 917 955 959 971
13 16 41 46 132 143 155 168 170 172 190 208 240 251 257 260 262 268 321 362 430 453 511 523 543 558 562 567 571 614 669 671 714 715 723 777 782 792 813 821 823 838 855 863 875 912 981
59 85 86 134 256 384 395 439 446 465 491 493 504 536 582 679 755 759 781 803 811 837 875 911
13 47 56 60 78 85 108 137 150 155 161 174 184 192 231 235 329 332 346 372 375 422 424 455 472 483 494 497 508 536 582 632 666 673 686 745 752 766 791 888 905 908 909 913 924 979 991 997
71 116 136 144 164 196 203 237 246 251 272 276 279 281 338 379 408 409 453 488 501 556 600 623 670 824 837 838 842 871 873 875 883 886 931 937 941 985
43 108 152 222 307 310 340 407 441 535 543 549 568 638 665 705 771 786 819 831 848 913 955
90 115 161 171 186 228 289 290 341 347 406 438 542 543 562 629 632 671 698 720 756 793 805 848 874 880 886 931 980 993
16 55 162 201 258 307 330 560 569 578 585 593 599 605 609 613 750 764 773 789 854 860 925 954
13 43 44 85 108 118 130 135 186 199 212 235 265 266 269 271 295 326 339 345 398 401 424 495 497 543 559 560 568 617 622 627 628 632 653 654 666 673 715 813 855 864 909 917 932 952 966 976
41 44 46 89 109 132 141 156 212 221 280 309 314 321 340 398 411 412 418 453 455 511 560 613 625 648 671 687 695 702 704 715 742 760 764 823 827 848 855 894 912 926 942 949 959 986 987 994
57 63 223 285 343 346 372 378 387 527 534 555 566 606 626 633 746 796 803 894 912 927
37 66 75 92 108 110 141 168 236 270 275 295 309 329 350 388 536 569 641 654 698 842 857 901 902 923 997
20 86 120 122 138 183 184 197 239 270 344 347 439 449 458 461 489 501 510 524 574 673 690 740 803 852 879 916 934 940 954 978 992 998
30 43 54 83 86 160 184 215 326 328 336 375 406 449 455 563 573 577 586 621 646 687 703 856 860 879 891 895 897 907 929 944 986
4 9 30 35 63 117 121 133 219 232 242 255 356 389 402 436 449 463 499 517 560 574 626 633 649 652 665 722 767 772 821 843 859 879 902 906 933 935 956 957 991
