0 94 99 125 129 169 187 203 207 223 227 234 259 324 391 415 425 475 478 493 504 581 622 652 681 762 838 839 861 904 908 915 939 940 962 965 974
33 49 64 130 168 202 223 233 248 276 381 385 418 498 542 552 586 596 637 648 664 715 735 754 773 889 898 919 951
0 26 29 40 63 119 190 226 242 298 312 421 442 497 583 596 628 638 642 668 675 709 742 759 799 802 846 855 860 901 937 939 957 987
25 37 52 72 86 103 113 131 135 143 204 251 268 307 314 320 328 331 361 429 433 436 461 463 488 499 524 528 532 596 618 689 695 813 823 859 869 885 892 945 951 956 974 984 995 997
76 96 106 112 171 194 274 294 304 316 321 345 356 385 391 445 486 492 529 532 566 587 590 639 670 672 683 706 708 729 763 858 891 915 932 968 982 999
80 85 90 119 153 167 186 218 227 237 279 299 334 335 353 360 366 375 387 392 394 396 423 456 469 486 500 531 572 581 606 619 658 691 715 717 744 761 764 768 808 824 855 872 929 931 940 985 989
14 34 84 92 98 143 147 157 169 195 209 219 252 255 282 317 355 373 435 447 472 500 511 523 533 536 540 544 595 606 618 643 692 733 791 799 831 913 916 947
10 16 18 116 117 136 170 189 199 244 266 288 342 362 378 392 405 418 440 443 481 562 676 727 826 866 886 904 910 927 974 988 993
4 45 88 91 102 106 147 185 251 254 309 371 454 478 606 608 609 616 641 707 806 897 920 991
35 37 75 205 235 238 263 388 403 450 457 471 532 577 610 613 677 702 785 804 829
8 45 48 60 99 129 169 183 201 207 239 251 294 298 340 380 395 406 419 478 488 508 575 594 625 816 823 828 838 839 863 889 896 897 900 904 965 983 990
71 106 107 108 123 135 139 153 202 203 213 270 313 373 466 491 503 552 572 598 625 649 653 659 667 672 701 727 731 738 740 743 834 912 941
6 126 140 144 147 169 177 182 183 186 198 207 291 301 316 335 354 360 366 371 392 401 416 425 475 480 506 549 582 645 665 675 676 725 751 762 777 778 890 919 947 961 966
70 149 210 218 223 232 235 279 295 348 353 515 567 593 597 599 600 601 657 661 681 849 877 892 942
46 84 118 121 134 160 259 267 278 284 316 406 409 428 480 534 585 608 644 733 805 827 878 985
15 25 29 68 137 173 186 208 264 331 336 366 387 426 441 562 612 632 635 638 823 852 903 918 924 937 970 993
15 45 76 104 109 122 189 196 197 261 272 390 398 454 478 483 541 559 568 570 613 678 681 682 767 789 823 938
21 47 51 156 176 216 293 305 374 406 415 448 460 475 494 585 627 638 651 659 685 694 713 726 764 778 790 846 851 933 939
6 7 14 19 52 58 59 65 66 67 97 122 132 154 194 215 320 324 339 387 401 404 456 470 485 492 506 520 592 635 642 705 743 745 759 774 777 807 862 876 887 914 935 951 972 977 981 986
3 50 83 110 151 442 468 548 680 778 783 816 838 840 857 875 892 919 928 993
0 29 65 108 122 138 189 202 226 265 298 385 414 424 442 444 539 568 602 612 625 650 836 871 905 910 937 938 949 964 984 994
12 44 75 130 158 161 191 212 214 243 283 285 294 452 461 496 507 514 536 543 564 602 611 636 645 654 656 668 740 743 774 791 818 821 824 833 850 854 857 888 905 912 947 952
10 11 34 101 114 120 128 135 178 208 247 275 305 341 350 373 410 461 487 488 495 496 513 546 584 617 618 620 651 692 755 758 764 777 780 817 827 832 851 855 858 875 895 916 926 987
45 97 139 143 145 146 156 163 215 243 270 271 311 418 482 490 536 539 571 582 586 631 659 698 716 794 851 898 934
6 10 34 44 105 145 164 369 397 399 417 421 427 506 509 519 626 633 651 652 676 753 762 775 836 839 855 886 899 900 909 958 965 980 986
57 145 254 357 399 406 461 480 516 560 607 682 712 764 833 848 928 958 985 994
17 53 55 58 60 71 97 104 123 130 273 298 308 352 370 385 393 401 427 446 464 502 508 518 537 550 608 620 626 666 678 745 759 799 892 901 918 938 953 984
9 10 28 30 37 75 154 159 161 162 194 290 345 360 399 416 417 449 496 538 545 562 612 613 626 629 647 662 663 686 696 699 701 715 725 732 757 773 782 849 857 939 980
79 89 133 208 215 277 315 377 391 450 458 511 527 569 575 641 733 769 894 972 981
43 52 111 174 202 233 235 303 307 364 402 453 477 483 494 539 568 578 586 602 605 613 636 655 669 703 705 714 757 772 798 826 849 863 881 890 891 901 915 918 928 948 975
4 104 129 183 188 228 233 259 324 354 360 366 382 432 438 475 501 526 549 551 553 568 580 581 591 615 668 693 698 716 721 757 786 838 867 880 947 971 974 984 996
50 64 81 90 271 327 363 411 412 413 439 450 452 538 549 575 593 621 733 743 765 948 997
58 77 93 108 139 152 156 215 225 226 271 339 353 388 418 552 586 596 620 659 668 698 705 716 724 898 918 954 981
6 100 141 175 231 257 316 399 489 506 547 558 575 582 593 616 624 630 660 678 767 770 792 797 811 815 819 827 830 839 886 900 902 910 965
22 27 44 52 140 142 148 149 174 223 227 233 234 237 245 270 296 363 401 421 449 453 507 508 520 569 635 656 672 684 726 727 739 741 745 748 774 777 795 847 920 951 957 958 987
7 42 93 95 150 193 211 234 253 286 310 358 417 454 570 581 623 678 682 718 737 810 882 893 923 943 962 967
58 59 93 124 128 143 153 174 181 224 232 246 247 251 259 307 332 343 373 425 456 465 476 510 555 570 604 642 646 652 675 725 734 814 856 868 925 940
12 14 30 129 132 140 149 161 174 227 234 243 260 270 305 320 335 339 351 386 388 391 413 416 427 441 454 488 530 576 622 629 725 746 774 787 791 796 826 846 853 911 934 948 969 972 980 991 994
4 56 71 84 97 128 178 180 214 279 302 344 363 462 538 606 614 701 719 736 785 809 840 858 877 956 959
2 7 12 106 130 132 186 200 208 319 451 452 492 512 530 536 539 634 642 715 836 851 864 875 907
25 30 75 90 99 104 122 156 183 194 226 268 289 322 324 331 345 392 455 456 483 486 508 514 521 522 565 574 600 636 641 674 675 700 722 726 752 762 771 785 800 822 844 901 920 948 962 972
27 31 32 50 74 119 150 178 179 214 232 235 254 271 294 331 333 346 363 371 420 449 511 520 569 570 579 588 618 635 645 656 657 671 674 716 718 726 785 840 841 862 878 930 936 973 981
4 20 26 36 88 140 154 192 203 207 222 281 287 312 337 339 422 585 682 756 806 842 878 883
50 59 60 69 73 82 88 135 145 155 184 218 240 249 312 330 376 414 421 431 441 458 486 501 514 561 562 585 602 672 674 692 697 701 734 776 824 825 837 858 865 877 890 912 916 979 991 997
13 14 23 38 78 84 127 154 214 217 229 250 349 354 365 408 434 442 484 622 626 641 651 657 676 679 827 836 840 870 878 886 889 921 934 940 955 985
24 25 155 164 237 258 300 306 335 345 387 413 450 452 525 530 538 552 723 771 841 863 916
1 7 12 39 60 64 65 123 221 268 292 305 323 325 449 459 636 640 734 766 771 841 843 862 889 922 934 946 980 993
93 149 165 166 189 280 326 367 563 572 608 616 645 690 728 767 791 803 816 857 863 874 928 957
34 59 76 88 90 99 115 123 150 155 161 164 243 247 254 256 279 329 353 383 388 413 417 441 501 507 514 554 563 589 593 620 625 652 674 687 718 734 740 749 801 824 833 841 891 912 920 976
27 44 87 108 119 147 150 178 232 237 379 389 416 458 500 507 511 520 532 563 582 616 656 657 698 705 710 718 740 745 759 767 771 773 784 820 826 833 835 862 897 915 944 956 962 986 987 994
27 61 128 206 338 384 453 474 479 600 603 629 692 727 750 778 799 806 812 879 890 897
15 62 64 155 172 247 262 269 307 312 354 359 371 430 480 572 573 704 711 773 877 891 904 905 956 958 997
0 15 26 29 37 41 65 203 220 230 320 347 414 415 492 496 501 612 622 638 694 730 779 788 806 873 882 919 938 950 957 978 992 998
26 76 164 218 236 241 268 297 318 368 372 400 407 414 458 467 494 500 517 556 557 673 694 760 781 793 816 845 882 898 900 910 986
5 30 54 71 132 139 153 415 425 427 437 453 473 483 494 505 530 535 549 563 569 600 629 681 688 694 720 747 757 846 849 875 882 884 905 906 917 937 960 963 991
