32 58 59 72 74 77 114 165 264 273 278 294 325 371 422 484 504 526 528 552 560 569 662 737 747 764 807 823 829 840 852 930 932 956 961 971 972
24 32 34 37 45 47 69 76 88 96 178 345 359 361 426 463 496 513 574 595 612 665 739 794 820 831 891 946 983
13 72 107 209 214 223 290 301 303 330 337 353 357 361 363 436 455 503 534 632 642 691 724 732 733 746 761 764 781 834 845 928 960 987
12 15 56 79 103 121 182 190 245 254 308 319 329 334 352 355 361 394 401 446 481 496 520 525 531 558 562 573 623 646 650 716 813 826 846 881 882 897 905 937 952 969 972 984 995 997
24 60 83 148 165 194 199 213 218 231 232 264 292 381 396 407 480 493 536 538 590 628 651 670 671 675 692 729 741 762 777 792 805 826 830 915 942 999
22 44 85 89 112 153 156 160 164 177 212 232 234 256 310 330 356 397 404 419 424 427 445 451 457 468 488 514 539 593 601 643 653 674 680 691 704 708 737 763 776 831 885 888 919 930 932 985 989
11 16 43 75 91 95 104 152 176 215 238 338 404 436 452 488 502 506 562 564 579 619 624 626 658 695 709 714 723 747 772 778 785 842 862 876 884 905 906 977
47 61 66 81 196 210 226 230 233 269 279 311 445 489 504 524 540 546 547 576 622 633 705 706 740 789 833 868 870 890 972 988 993
8 78 197 215 283 319 339 391 404 434 470 541 565 602 603 681 692 790 796 806 823 879 947 991
42 87 120 122 131 247 274 293 336 482 545 644 646 660 698 814 826 865 874 926 953
36 90 128 158 197 265 305 319 325 372 476 498 504 526 532 549 560 603 615 649 662 665 676 716 732 747 752 809 813 823 829 830 838 853 921 931 954 961 990
30 63 88 134 140 199 212 237 246 263 278 328 351 375 388 442 497 514 574 589 600 615 626 682 692 748 755 783 836 856 864 881 890 902 943
49 52 53 71 107 114 129 135 164 215 228 234 287 294 325 333 356 360 362 390 396 409 415 445 454 539 552 567 570 583 621 649 688 747 770 789 843 848 876 879 887 891 894
32 74 172 189 256 272 274 299 310 358 416 456 475 490 542 585 586 735 817 851 866 880 882 888 901
123 130 173 222 224 236 251 280 282 283 305 369 379 396 435 619 672 699 700 721 723 848 852 985
20 97 113 164 240 290 315 348 356 365 406 486 494 507 576 661 708 715 798 813 845 893 908 923 928 952 969 993
33 74 83 87 99 197 204 342 365 384 412 450 544 599 606 659 667 681 757 787 813 823 841 868 883 929 940 941
67 188 225 242 275 290 294 295 304 305 385 389 413 422 457 491 567 578 627 666 668 672 760 761 764 784 898 917 943 950 970
11 17 40 52 70 108 200 204 208 218 219 322 329 350 355 386 393 406 417 428 447 454 464 467 473 484 496 517 580 598 604 632 671 680 682 688 708 724 730 749 754 775 867 894 938 948 980 986
116 138 186 243 266 443 460 526 533 567 568 685 733 768 847 853 882 891 918 993
2 24 72 88 113 124 126 155 204 209 271 297 314 497 544 577 598 615 686 693 706 713 732 733 815 845 868 895 928 929 984 994
27 29 37 50 98 126 161 171 185 202 211 223 227 254 281 327 335 338 343 376 382 399 400 451 465 508 620 682 695 748 749 797 814 816 830 835 847 876 887 889 895 902 922 939
0 9 18 19 23 26 52 91 137 138 151 184 216 225 233 242 254 267 370 420 435 457 494 505 611 620 626 640 651 658 673 684 691 702 716 736 756 812 837 873 881 905 906 944 950 987
10 47 115 125 134 167 197 246 261 297 338 389 399 415 448 473 516 562 612 631 636 739 754 808 828 857 924 943 950
46 51 59 91 94 114 119 128 146 220 233 241 242 253 291 314 347 430 465 616 631 642 657 688 691 705 743 789 829 839 894 903 961 979 986
146 161 220 229 254 305 440 457 599 631 638 707 710 801 806 848 896 918 985 994
24 26 30 37 54 108 154 214 253 262 283 367 436 449 454 464 473 498 521 532 551 594 616 634 655 687 712 724 726 732 783 841 882 908 929 940 964 965 981 984
1 48 53 87 113 157 178 218 220 233 234 258 268 272 298 333 393 411 439 441 444 480 555 576 616 620 629 630 645 646 664 689 764 814 816 831 836 839 847 855 909 913 979
36 150 165 307 344 349 418 494 511 565 571 579 580 647 698 720 723 754 936 962 980
6 34 79 87 88 126 133 159 179 214 227 258 264 272 274 292 297 355 362 364 402 405 428 431 476 485 512 540 543 544 548 608 612 656 659 666 669 818 869 899 908 918 974
34 49 84 141 145 163 187 206 223 234 257 258 294 356 377 429 434 448 474 484 526 544 583 641 649 662 717 737 742 758 828 841 852 858 876 951 966 972 976 984 996
6 36 45 49 110 172 185 235 261 300 378 432 453 468 630 679 682 698 723 768 825 982 997
26 47 73 100 108 122 134 162 209 223 261 361 386 389 428 448 497 572 574 612 677 739 754 799 828 888 908 943 980
36 128 172 201 220 302 346 396 408 415 435 458 477 483 492 550 554 563 602 613 688 705 706 757 811 822 829 871 894 911 920 940 949 958 961
8 32 34 52 77 93 118 129 143 146 199 246 303 354 355 406 413 431 432 454 464 465 496 498 499 555 586 608 610 617 642 647 663 727 749 759 763 775 782 786 835 890 930 939 987
77 100 105 127 139 170 276 285 341 421 459 575 584 591 599 606 681 683 697 718 737 788 839 867 872 940 956 973
23 53 59 79 86 100 107 108 111 149 184 260 284 319 398 410 431 514 552 556 562 606 618 626 632 680 730 738 744 774 817 819 827 849 852 877 932 968
6 11 17 50 53 68 77 101 117 122 129 165 225 246 253 277 329 333 386 399 411 425 431 438 528 537 539 540 580 581 586 648 662 664 681 695 715 716 749 761 766 816 825 900 924 930 979 991 994
35 106 184 270 310 382 387 394 404 432 434 443 473 482 619 630 651 684 735 783 832 836 844 854 878 914 955
17 37 50 136 138 164 185 192 297 314 338 479 494 592 632 671 692 719 810 831 863 867 900 933 950
6 8 28 29 31 38 41 64 107 114 204 209 214 218 227 232 250 317 352 368 389 413 445 468 480 482 484 498 529 560 565 580 609 649 659 664 680 793 800 814 841 860 880 907 912 952 956 969
38 143 144 170 173 181 191 200 261 274 330 341 382 406 413 432 437 443 461 482 490 509 523 535 555 579 582 606 647 678 684 725 750 768 775 806 817 824 828 830 879 887 905 910 939 969 980
4 39 78 129 173 175 278 325 331 353 383 386 393 434 462 501 588 599 672 771 781 796 861 925
5 29 38 78 109 126 163 199 217 232 244 256 271 284 321 340 353 362 414 423 451 527 530 532 571 576 614 631 637 642 651 658 672 715 722 730 735 768 773 804 836 881 902 906 935 978 991 997
11 65 173 242 259 288 296 314 318 323 366 382 393 435 443 471 478 490 500 528 553 565 583 597 616 619 652 665 701 705 728 733 789 791 886 924 932 985
51 174 185 198 205 207 340 476 480 515 529 539 574 630 635 698 708 763 825 900 906 910 952
30 45 50 193 200 203 225 227 249 284 286 324 352 373 374 395 529 532 555 598 607 625 665 751 779 867 910 924 979 993
57 92 100 195 212 255 283 303 476 557 586 602 605 639 695 757 767 847 853 868 887 918 934 967
7 8 23 26 29 30 38 51 59 78 83 91 122 161 163 170 172 221 284 292 306 310 340 341 399 433 451 468 560 587 615 703 715 730 734 748 767 806 816 825 835 839 850 888 902 910 957 975
82 143 161 169 170 178 200 215 264 330 333 341 380 392 394 415 428 448 464 465 469 488 490 497 529 540 566 571 579 596 602 603 684 694 724 748 757 763 767 775 817 826 835 939 956 986 987 994
3 143 168 184 313 316 362 411 436 519 522 567 603 608 658 690 745 796 802 880 890 945
14 23 45 79 146 178 212 292 309 340 353 365 394 403 504 518 583 731 735 795 803 848 859 879 895 927 997
55 72 102 113 163 252 271 278 290 303 312 329 365 422 487 491 510 528 598 620 646 654 671 711 780 781 796 845 872 891 904 929 992 998
21 51 62 83 128 132 180 248 256 271 289 320 352 466 488 491 495 559 561 571 666 696 706 739 769 781 821 853 872 892 916 963 986
17 25 49 74 80 134 138 142 147 166 183 239 253 258 272 326 332 411 422 472 491 514 552 608 647 659 664 666 753 761 765 767 783 872 875 880 895 900 928 959 991
