5 19 56 91 153 202 203 214 239 247 271 288 292 308 384 389 395 396 407 411 425 475 514 530 563 596 597 609 646 693 763 856 862 866 951 980 994
24 57 70 78 109 128 254 265 278 288 439 451 526 536 633 647 660 663 669 676 726 733 769 777 852 902 936 969 974
3 5 74 161 166 251 271 324 372 420 421 433 434 477 500 552 569 578 587 592 605 660 691 698 707 734 802 810 901 905 907 932 947 985
23 24 50 75 92 96 112 119 120 127 147 163 188 199 261 264 270 285 299 344 350 367 369 380 452 453 464 470 513 585 660 739 752 795 824 841 863 869 887 888 944 959 980 987 993 999
79 85 150 163 179 180 189 191 279 318 326 389 425 448 457 465 471 507 537 556 598 614 620 633 635 642 778 792 806 812 822 853 877 880 894 915 949 991
26 49 61 122 136 152 166 197 217 233 239 263 283 340 342 362 398 438 444 460 480 496 497 499 511 538 541 576 586 639 678 679 687 693 737 764 786 802 808 880 885 902 916 924 933 951 957 976 988
17 38 71 159 198 244 314 337 346 357 382 402 406 407 417 446 454 458 462 552 586 623 659 666 692 714 719 754 791 820 831 855 870 886 930 934 944 957 986 987
20 104 111 129 154 172 173 204 327 373 374 399 423 426 436 472 493 519 521 533 628 676 677 720 763 765 800 854 899 933 945 956 980
30 32 175 205 252 318 319 345 388 411 446 461 469 494 513 555 557 613 657 708 732 759 823 957
18 21 163 367 370 378 418 466 478 506 523 559 601 645 700 740 745 774 779 871 913
19 30 75 110 182 189 214 222 243 286 292 308 351 380 407 411 413 439 455 484 513 516 522 525 535 597 609 675 688 708 763 833 840 842 907 914 923 972 990
4 36 45 94 131 170 188 231 238 263 266 290 318 341 491 508 521 522 534 556 582 594 604 647 787 791 794 808 814 846 858 866 872 969 984
7 31 43 77 106 111 225 232 243 289 297 308 340 384 402 407 408 444 446 499 560 580 584 613 642 646 652 668 753 764 816 829 862 891 897 898 905 927 933 958 961 974 996
41 42 53 59 91 122 151 152 288 350 355 360 431 504 540 639 750 774 776 793 807 813 843 893 926
11 77 110 169 198 234 276 313 329 442 461 563 642 659 670 686 704 725 805 837 844 900 911 988
63 68 75 129 187 261 270 280 295 323 353 421 426 447 499 500 570 579 595 625 665 689 764 845 903 916 931 947
13 30 75 80 91 144 252 267 273 309 349 375 394 411 415 472 479 547 564 602 662 689 784 853 906 913 940 948
5 9 16 110 118 158 167 203 207 215 225 229 250 312 338 384 385 421 548 566 571 583 698 704 785 912 924 962 963 984 989
4 24 60 63 98 100 117 124 126 142 156 232 253 274 332 405 432 468 470 537 565 569 580 592 634 641 650 674 678 692 705 709 722 735 762 780 795 796 821 826 891 894 898 904 906 916 960 994
28 44 66 221 225 227 241 328 350 383 401 426 434 609 617 755 840 874 939 974
13 54 120 170 171 201 204 248 257 271 300 302 325 427 434 472 500 522 610 625 633 647 691 699 735 906 907 917 925 947 948 965
4 39 48 62 78 83 98 102 130 159 171 189 195 200 230 287 294 307 317 320 324 334 402 428 497 544 553 559 572 582 594 629 699 756 782 819 832 841 847 855 874 920 950 996
8 9 71 83 184 188 215 227 258 269 291 298 310 330 365 377 380 429 433 487 512 515 519 554 566 573 579 580 611 612 623 635 716 758 767 791 802 841 844 859 879 924 930 964 987 995
9 30 84 116 146 196 207 265 287 368 492 503 508 560 661 669 676 709 736 743 801 834 855 858 864 944 960 965 984
15 52 111 130 146 153 214 215 292 372 393 405 414 449 481 519 588 606 619 623 643 672 717 788 790 802 862 891 898 914 917 956 966 968 973
52 77 110 146 212 300 320 358 463 602 624 644 713 759 839 841 924 939 966 988
15 27 78 89 120 231 232 249 267 268 274 277 310 350 391 445 461 488 525 529 547 552 592 633 643 664 724 741 749 762 794 865 878 907 918 931 932 948 960 990
2 5 52 83 86 109 129 174 209 223 282 306 331 367 408 422 444 498 519 540 546 559 568 603 606 607 619 621 625 629 630 643 652 821 867 872 874 890 894 902 913 949 979
51 60 88 95 135 148 177 286 425 440 469 579 601 659 674 709 715 719 836 848 875
13 39 58 76 92 108 156 164 167 171 172 174 178 180 208 237 309 347 389 392 470 476 482 502 520 540 543 599 647 668 669 703 733 751 761 774 833 857 913 931 932 939 965
13 43 46 64 99 120 165 174 183 220 239 243 260 267 324 352 354 384 402 416 444 483 492 499 563 581 597 609 615 655 657 733 743 816 827 838 946 980 982 994 997
4 28 57 81 84 192 246 286 307 392 431 511 532 549 601 603 654 659 748 816 876 978 999
29 60 84 139 140 156 170 207 265 274 310 324 418 432 492 639 658 660 669 676 691 694 709 743 783 858 931 969 984
52 72 186 204 205 210 214 219 286 292 431 443 450 545 547 560 638 642 701 742 768 770 773 784 797 844 851 861 891 898 914 922 942 953 956
7 22 24 63 98 117 130 133 229 232 233 236 247 282 288 311 372 386 403 419 433 470 486 508 521 525 532 544 553 556 561 580 681 693 732 733 750 751 762 811 849 857 875 966 985
29 37 80 87 126 138 239 247 252 256 336 359 489 547 589 600 602 606 608 636 667 747 766 789 825 835 856 929
29 34 80 92 97 132 153 240 242 253 274 281 333 377 390 408 513 563 569 632 646 656 678 685 710 730 751 791 808 850 879 883 905 926 944 951 955 975
7 15 35 98 100 159 172 175 202 216 247 252 287 300 306 317 340 353 356 364 380 392 400 408 418 425 432 503 508 566 597 619 629 630 652 674 692 693 698 750 751 760 795 803 815 896 928 978 981
33 125 152 198 218 298 301 321 348 387 401 428 523 532 603 635 648 657 794 818 863 872 879 881 893 957 960
9 78 100 126 149 213 227 245 307 317 318 381 397 537 569 579 712 731 760 764 781 855 902 917 965
12 19 39 127 155 176 207 229 243 255 261 267 270 306 309 316 343 361 392 404 437 441 469 474 511 523 524 525 559 593 674 678 691 706 718 732 776 856 862 880 894 905 906 920 932 933 949 994
14 28 60 63 80 84 93 117 166 185 189 194 229 255 259 261 276 282 298 311 355 359 401 428 468 509 510 523 532 544 567 613 696 719 727 743 757 759 774 875 919 926 929 935 983 987 996
0 3 7 32 55 74 107 157 276 308 379 432 542 551 574 602 637 657 704 729 821 823 830 866
1 28 32 71 74 122 129 134 146 171 175 188 226 253 255 257 293 303 322 339 353 372 409 410 412 497 527 528 556 562 582 635 668 680 704 715 828 850 872 880 893 910 920 930 977 990 997 999
43 65 90 111 198 202 215 235 276 355 401 424 428 434 439 459 469 501 503 618 643 671 692 695 821 844 860 895 909 917 938 951 952 956 967 970 988 992
40 105 160 233 270 293 307 340 531 567 601 603 616 718 760 790 799 833 916 930 949 969 978
25 39 57 126 127 190 231 275 282 296 317 426 439 467 468 503 505 566 567 590 619 684 718 735 746 771 850 889 892 990
6 29 115 145 159 205 263 284 363 430 461 472 539 558 750 775 784 833 840 874 908 939 985 996
19 32 123 152 153 180 181 224 231 253 255 287 293 310 315 320 353 359 377 418 431 435 497 511 517 522 553 567 582 594 606 623 629 631 639 721 732 759 790 850 853 908 920 929 941 954 978 997
47 109 117 130 156 163 166 170 172 205 233 298 300 311 320 355 359 389 405 433 446 468 473 485 492 544 553 560 586 592 594 652 653 690 708 715 718 719 762 784 809 856 863 908 926 929 937 998
69 71 206 225 311 335 366 521 552 627 630 640 649 651 668 708 738 744 776 823 857 879
43 57 74 77 92 109 137 168 180 211 263 293 304 376 377 490 613 682 689 699 763 772 798 863 893 966 999
3 83 103 114 141 193 202 203 228 257 271 272 367 421 500 537 575 589 625 683 689 697 702 735 795 823 866 873 948 971 974 985 989 997
3 67 82 101 122 127 167 204 257 265 305 405 456 495 518 550 577 586 589 591 673 715 728 790 817 840 853 868 882 884 914 921 989
10 15 73 91 100 113 121 143 162 167 174 175 203 227 262 306 309 371 540 589 622 626 630 646 698 699 711 723 760 776 794 804 808 816 857 858 875 908 943 947 989
