30 97 141 161 187 188 224 237 246 281 284 288 301 316 317 318 325 343 347 466 498 503 536 595 599 654 731 799 812 832 895 897 951 968 974 977 993
8 9 48 53 157 177 243 275 284 308 336 363 429 438 442 446 517 520 547 589 603 629 777 813 852 868 888 899 970
20 86 89 117 152 155 184 188 308 327 376 415 445 450 465 468 491 500 516 524 565 642 654 661 685 726 737 891 902 931 947 964 965 989
29 106 146 157 169 170 176 178 185 199 204 263 266 272 273 283 308 353 377 392 402 418 431 492 509 582 590 625 631 646 670 708 738 809 818 826 837 861 862 894 914 944 959 977 986 998
6 60 64 75 160 274 286 378 391 420 466 503 508 509 533 587 601 629 638 649 673 682 697 699 724 725 727 733 798 800 827 873 876 900 904 949 996 999
1 47 49 66 86 93 110 173 184 193 200 287 292 300 303 317 351 362 381 400 416 479 486 495 507 541 555 635 680 689 711 745 760 778 795 805 812 833 835 866 876 899 908 913 923 932 951 957 987
2 12 37 51 123 214 224 253 292 305 307 314 320 339 408 443 465 471 480 527 626 637 669 671 688 694 721 732 742 782 794 841 846 849 860 863 928 944 957 986
30 39 52 82 151 174 215 231 249 259 280 328 374 398 403 439 453 548 551 614 665 692 705 750 775 781 797 888 932 945 956 977 994
0 73 104 115 139 202 213 282 316 422 525 533 609 658 740 767 792 819 836 849 896 914 918 957
46 107 121 142 191 197 250 425 489 509 606 625 628 644 655 719 770 786 871 885 910
9 15 17 30 115 117 128 141 167 205 224 246 273 288 301 316 329 332 353 456 518 521 536 556 615 623 649 658 710 731 773 807 829 874 911 914 922 978 992
1 14 32 77 110 158 160 176 225 251 294 325 331 395 442 455 510 515 518 533 551 573 578 683 687 715 776 790 796 813 846 854 975 982 985
19 76 141 187 194 211 224 244 270 368 393 407 416 423 444 487 493 495 507 526 538 548 549 576 595 609 613 615 638 669 704 747 759 760 849 853 895 902 926 932 958 961 970
126 150 161 284 299 370 418 421 528 544 555 634 635 674 676 701 711 746 770 814 831 839 858 890 925
19 23 139 147 189 291 329 347 424 432 459 482 514 577 598 626 638 662 700 721 788 840 893 987
78 92 136 190 266 327 353 376 382 404 458 495 575 621 665 670 686 716 722 760 772 886 913 930 933 947 954 994
6 59 78 82 115 161 208 277 298 316 319 322 353 422 457 463 494 605 695 714 762 780 801 887 903 910 940 948
21 111 152 203 206 265 281 329 346 376 406 437 493 561 588 616 632 654 690 700 756 787 808 859 895 923 962 963 973 982 988
16 38 61 64 100 120 122 131 148 156 157 166 173 196 211 225 227 304 366 385 428 444 469 500 519 545 565 576 608 631 679 688 713 736 739 757 758 759 772 798 804 837 889 903 913 960 983 993
56 113 182 195 207 221 232 301 323 418 477 493 685 706 817 829 870 938 970 994
3 5 77 82 117 120 181 188 208 223 276 327 442 468 518 602 619 621 622 629 653 685 705 707 738 848 855 857 903 924 947 948
12 40 48 61 87 95 123 144 155 175 181 216 225 229 255 264 330 334 351 389 411 414 427 540 562 563 578 582 622 649 664 669 704 755 820 870 871 883 909 917 919 934 950 975
42 54 86 116 176 207 217 247 252 273 274 320 401 403 427 436 451 475 480 535 575 576 582 588 636 652 657 668 703 785 787 791 810 840 843 846 847 856 859 875 907 923 928 929 986 989
72 95 115 123 203 337 340 359 368 438 462 474 488 499 502 515 517 569 602 633 640 681 739 854 859 888 944 960 982
3 18 41 86 97 101 127 187 242 246 255 288 304 337 397 403 412 440 444 480 548 591 593 639 641 642 718 759 787 834 898 911 956 966 967
7 19 125 212 234 326 329 337 412 562 582 695 707 744 779 836 923 938 966 987
17 26 41 48 117 139 165 211 239 311 350 360 387 418 454 465 500 521 530 535 545 567 605 629 639 677 687 714 738 758 765 784 790 824 930 931 935 948 960 979
33 62 64 109 134 166 261 278 352 388 403 412 416 427 429 464 490 523 528 537 540 581 593 613 621 624 625 639 654 665 684 715 718 844 850 853 870 871 899 901 910 949 990
96 128 235 271 282 324 372 373 428 434 503 546 559 575 655 694 721 739 802 845 983
57 62 130 149 181 208 230 296 310 312 322 361 398 433 438 442 466 483 512 522 528 539 554 579 602 631 648 664 690 729 735 747 770 773 777 804 862 904 910 930 931 938 981
35 62 69 155 164 192 208 220 233 244 295 301 317 345 347 407 409 416 452 484 485 488 495 536 615 669 681 691 714 738 740 777 851 881 884 895 946 977 993 995 997
31 72 83 119 128 186 221 225 257 261 264 407 410 531 552 655 689 721 729 793 858 868 998
58 72 77 155 171 203 228 238 308 438 468 469 488 517 535 545 564 583 606 635 681 739 804 813 854 888 930 982 983
70 85 128 168 213 246 288 365 368 412 435 444 449 470 496 605 638 651 663 675 705 709 759 763 769 780 803 840 858 911 942 953 956 971 972
61 66 73 87 130 144 145 157 160 172 211 218 226 237 255 262 267 278 284 354 369 373 511 515 519 521 549 551 552 576 612 631 642 648 746 756 758 772 777 812 828 937 965 966 989
122 237 240 245 256 289 317 335 344 422 457 571 580 583 585 593 605 610 611 659 695 766 825 838 867 878 927 968
16 68 80 90 97 98 110 133 153 173 209 341 342 347 348 383 399 457 481 545 565 583 595 648 660 720 791 846 853 862 875 902 914 921 925 944 951 955
12 36 41 61 74 95 100 102 124 152 202 210 237 257 273 334 398 404 422 428 464 469 473 499 503 507 515 536 540 549 581 588 599 606 613 627 648 656 688 707 718 729 746 812 837 853 969 976 980
65 195 197 222 261 269 274 285 297 309 401 402 534 552 555 563 570 626 715 740 751 790 875 882 890 957 960
3 36 48 84 100 105 112 122 123 132 207 264 334 460 533 565 575 600 602 743 760 798 821 859 899
22 27 29 55 64 73 81 143 173 187 197 203 266 282 322 371 390 405 421 428 430 464 468 497 513 521 615 630 664 670 689 714 729 731 734 749 756 871 876 892 902 903 917 931 932 949 968 993
4 72 99 118 144 154 162 184 189 195 197 201 218 221 227 254 278 289 315 373 401 405 457 467 519 542 552 563 586 609 649 670 674 681 693 694 704 728 730 756 770 772 836 925 927 983 986
0 114 141 166 180 189 313 325 394 419 469 549 568 574 604 650 695 700 740 815 819 822 891 964
0 16 17 90 91 108 137 140 159 160 163 176 181 202 221 235 258 274 290 320 337 351 404 405 447 566 578 596 607 619 642 665 678 700 711 712 715 747 754 774 876 877 890 917 928 964 995 998
3 9 25 44 67 88 166 183 189 195 244 282 302 321 356 499 548 563 592 597 599 626 639 674 685 688 702 717 787 806 840 872 951 952 956 984 987 991
36 66 108 143 257 261 264 266 417 440 505 507 529 550 594 655 728 773 783 813 913 928 949
9 13 17 29 90 103 120 122 143 227 278 306 334 380 472 499 557 588 645 664 687 718 728 768 811 868 869 912 915 994
1 11 12 82 139 213 364 367 384 583 584 672 698 704 746 773 780 816 829 870 905 906 938 965
0 6 16 73 87 90 95 97 108 135 236 257 289 293 351 358 404 405 440 448 480 518 532 535 540 555 562 578 593 606 635 687 689 728 731 741 791 830 836 858 880 904 905 917 927 941 975 995
34 66 77 87 143 144 184 213 218 227 235 255 289 292 304 357 368 379 398 401 402 429 466 488 500 509 519 562 613 658 674 694 696 707 753 758 780 804 849 879 905 920 925 927 936 968 975 989
24 43 130 218 219 320 421 441 461 465 476 493 551 581 658 747 748 819 823 842 875 916
1 10 19 30 78 108 244 333 375 402 429 504 543 609 617 622 752 764 791 862 868 890 904 939 964 966 998
63 71 78 79 120 179 188 268 281 325 327 338 376 426 427 585 599 618 619 620 621 625 647 789 798 819 837 864 891 948 965 970 988 995
6 28 29 45 129 138 235 248 260 292 304 349 440 478 517 553 558 560 585 619 643 667 690 705 711 723 761 771 829 865 891 911 988
36 41 50 62 94 100 110 130 152 161 198 202 207 241 279 281 322 355 373 386 396 407 413 421 464 501 506 528 572 581 585 595 622 666 690 790 854 905 943 947 988
