12 18 19 78 82 147 173 208 253 272 277 282 322 344 350 384 409 422 434 445 507 574 637 683 697 729 737 819 824 862 879 891 930 933 942 984 994
1 22 29 35 59 81 108 130 134 146 147 210 324 340 366 387 420 531 538 544 567 617 624 627 699 764 855 871 973
24 69 93 129 220 269 271 272 342 390 402 426 435 443 480 527 537 554 570 579 581 591 644 688 732 764 883 890 891 916 918 932 953 988
36 71 140 143 146 180 240 259 262 263 270 289 293 295 336 379 383 493 573 601 611 621 631 701 706 712 745 762 764 783 788 804 809 828 869 911 939 943 949 956 974 979 984 985 993 999
7 20 35 65 91 107 117 153 161 233 240 243 276 286 303 308 311 380 422 424 432 461 474 486 499 536 598 620 633 739 793 813 829 833 845 862 915 929
32 63 67 83 139 141 162 172 251 290 321 322 325 364 394 398 402 427 444 471 511 512 513 537 551 562 569 593 626 651 652 658 708 729 772 787 826 845 855 876 917 921 930 936 938 947 951 959 990
4 9 70 129 142 156 172 174 190 227 266 295 297 302 317 332 336 409 414 416 428 431 479 491 511 596 614 643 673 676 703 709 715 718 719 747 754 872 892 961
41 44 52 130 152 173 184 203 254 327 365 368 376 377 419 455 564 607 625 629 642 651 660 680 763 768 778 827 839 848 873 960 984
9 116 143 172 202 245 282 287 307 372 412 460 517 553 580 662 674 705 725 749 836 924 929 970
97 234 240 347 396 397 421 458 469 487 494 520 532 534 582 583 594 601 746 755 941
12 78 143 157 173 180 232 282 287 293 371 384 409 415 499 529 539 566 575 627 632 634 637 653 654 656 694 705 791 810 849 852 856 879 906 918 933 957 992
11 18 30 94 114 158 171 186 241 290 296 317 339 433 446 455 456 483 503 538 586 620 650 692 706 711 769 795 808 816 856 929 951 973 987
9 12 21 67 72 115 133 139 205 208 225 232 277 278 319 403 409 417 419 439 454 513 518 528 536 567 574 578 584 643 651 667 670 674 708 748 784 790 907 909 916 931 996
147 211 212 300 305 312 333 359 374 398 421 449 467 507 593 603 612 716 757 802 904 935 938 956 977
112 126 132 133 256 357 393 411 451 536 542 636 640 646 656 673 676 698 749 815 838 942 948 990
67 85 109 110 180 196 203 220 223 283 338 475 513 569 570 660 728 782 809 877 878 882 894 897 910 939 940 953
54 138 180 238 260 282 291 326 345 352 353 365 473 507 571 582 679 689 705 730 793 797 798 877 903 923 954 970
88 102 106 162 177 267 268 272 277 355 367 403 434 441 448 476 488 561 570 656 671 672 686 691 741 883 900 912 948 987 991
21 32 38 48 77 92 93 94 96 119 120 146 153 175 181 196 197 213 219 227 238 306 360 385 430 454 486 500 515 528 569 573 591 595 682 774 776 777 781 804 853 909 922 927 963 964 983 994
13 47 145 203 228 346 381 403 408 554 567 613 668 690 736 765 852 885 933 956
35 80 155 200 201 213 220 238 327 365 401 410 437 475 538 547 554 635 713 795 856 867 869 890 891 893 905 918 923 953 954 969
23 58 68 94 124 134 142 166 182 199 204 222 248 249 270 296 304 325 329 331 360 435 458 497 499 619 639 641 643 647 687 692 713 805 806 840 859 885 902 905 955 961 980 996
46 57 64 106 162 193 198 223 231 270 284 293 302 317 331 336 355 357 380 407 423 443 495 508 528 537 545 548 600 630 661 672 703 706 709 736 778 801 842 884 886 887 928 968 975 995
11 15 25 88 106 125 130 148 168 169 171 205 216 218 230 249 295 358 387 501 617 669 705 774 901 961 963 969 987
14 21 25 62 78 111 155 166 208 294 344 385 419 484 489 516 537 576 592 637 644 653 657 672 709 721 778 822 830 832 834 909 960 971 989
25 111 133 144 145 162 200 202 270 301 361 370 481 485 571 656 659 955 971 990
2 30 35 93 95 129 134 231 237 271 274 345 454 465 473 492 539 618 657 663 749 756 776 808 811 817 831 834 858 869 914 918 927 940 945 954 956 963 978 992
5 14 22 111 128 139 154 187 217 272 315 316 331 337 354 395 400 452 458 475 486 533 582 601 623 639 657 660 667 682 710 743 771 778 790 802 816 822 829 841 855 885 899
33 167 197 223 298 332 369 404 506 566 568 583 615 649 673 725 774 792 820 853 862
48 52 56 66 102 145 150 164 178 242 271 286 299 349 356 371 387 421 422 429 463 466 477 490 496 518 533 538 582 611 696 699 759 789 802 804 805 903 905 923 925 940 969
60 115 123 139 148 185 232 264 277 318 319 345 373 435 468 482 513 533 599 643 655 669 693 699 707 729 735 740 800 851 869 879 923 924 933 934 942 966 984 994 997
3 15 47 76 79 94 115 136 178 229 261 321 323 340 452 497 566 583 648 673 843 977 999
11 15 48 88 130 148 197 224 231 246 265 387 418 435 560 593 617 669 764 774 795 865 890 927 940 941 973 983 987
0 21 78 111 205 307 327 357 363 447 464 473 521 522 536 549 559 566 585 602 637 653 666 734 760 786 798 864 866 875 909 952 960 962 977
3 66 72 82 105 118 146 147 160 166 171 187 194 196 206 244 247 304 322 360 443 448 454 455 457 467 477 528 539 552 553 616 620 644 647 649 675 699 776 777 803 804 917 971 988
6 14 17 49 82 100 119 257 313 341 353 418 438 453 470 473 530 571 702 729 731 744 824 837 880 888 926 970
10 27 32 73 120 143 193 258 290 295 317 335 344 353 382 418 425 436 442 462 477 546 555 574 591 611 645 667 779 886 916 927 930 935 942 950 965 967
23 45 52 72 75 76 82 92 104 110 125 137 142 171 178 179 191 200 227 249 293 315 322 355 360 375 400 412 467 477 524 573 639 667 683 684 708 790 794 822 834 853 862 879 883 908 941 970 983
3 34 165 172 193 221 334 380 391 452 469 478 541 638 661 676 687 712 717 765 808 816 847 904 924 938 963
23 67 92 106 119 134 137 153 155 195 223 226 250 343 497 510 591 685 727 736 855 881 929 961 969
32 88 113 149 178 199 208 232 238 255 271 275 300 321 345 384 400 448 450 458 469 486 509 539 540 553 577 605 651 725 733 758 788 805 809 824 829 845 853 870 889 890 903 916 937 939 986 994
3 15 17 38 40 47 84 126 160 187 196 197 202 281 332 336 353 362 374 402 421 448 469 499 577 606 608 622 647 649 661 669 674 677 687 765 777 809 812 854 868 913 926 935 946 981 996
12 18 51 72 116 126 127 151 269 279 472 505 571 609 682 732 742 750 770 823 836 924 948 983
16 25 47 110 116 120 199 207 235 296 302 320 325 330 380 392 398 412 413 425 459 504 506 518 525 535 577 587 588 590 620 644 660 703 706 732 780 816 844 845 863 867 904 905 948 992 997 999
42 86 125 126 155 163 170 176 227 309 314 319 328 357 374 419 554 597 627 657 672 676 682 683 687 725 738 751 752 765 767 814 857 895 930 944 960 990
76 137 159 188 302 371 452 497 523 543 569 583 664 695 708 733 780 829 913 917 939 973 989
23 30 31 38 53 119 125 187 203 213 236 340 355 406 425 550 604 627 628 678 681 720 726 733 788 805 822 850 913 992
37 74 103 135 142 145 239 285 307 365 371 399 418 467 558 704 749 798 852 885 919 951 988 996
14 17 30 76 101 110 116 120 199 202 209 231 249 286 296 304 321 325 344 384 386 425 498 514 553 563 577 593 639 692 709 723 780 793 856 886 913 919 920 926 938 941 955 972 977 982 989 997
9 17 22 38 48 52 87 93 98 148 160 166 200 205 240 287 304 307 332 374 385 402 405 422 443 506 511 647 661 692 712 733 776 777 790 795 798 799 821 824 846 917 919 926 935 955 976 998
50 66 129 160 192 193 273 287 300 315 388 403 455 518 703 724 753 773 775 785 796 836
8 22 39 122 133 173 252 286 310 319 340 611 674 712 713 722 732 761 780 807 825 877 886 904 951 971 999
18 43 55 99 131 153 213 220 269 280 292 331 341 378 389 434 475 556 557 567 570 573 601 683 836 860 867 877 891 954 958 988 991 997
26 61 102 121 183 189 269 327 341 348 351 385 398 506 511 526 572 610 617 653 665 700 714 788 793 818 835 852 867 874 898 989 991
11 28 66 89 90 92 102 115 137 214 215 288 290 300 315 341 400 412 434 440 502 507 519 533 565 574 589 649 713 736 766 802 808 834 861 883 896 903 919 953 991
