20 43 74 97 107 150 151 179 201 202 216 242 272 343 445 448 471 473 494 531 562 604 645 694 740 750 767 800 832 842 928 935 942 958 963 972 973
2 3 28 44 99 129 136 149 156 169 189 216 255 260 322 362 364 423 476 482 639 641 755 863 868 882 891 934 983
12 14 30 38 43 126 140 168 187 318 337 340 364 447 581 631 634 635 643 651 668 695 699 721 731 735 764 767 784 793 823 903 931 987
19 40 84 89 93 94 172 175 214 217 266 279 313 327 338 355 360 364 410 432 455 464 466 493 495 523 528 535 569 637 688 748 816 851 868 884 885 938 954 956 965 969 973 984 995 997
13 28 33 73 134 141 175 179 182 235 272 285 295 298 319 358 382 399 409 434 435 481 485 486 509 536 582 585 595 659 783 826 848 862 873 970 982 999
9 12 38 48 60 65 76 115 122 143 169 180 197 227 235 252 259 304 328 359 396 431 451 471 565 568 576 636 638 650 653 673 697 711 718 723 733 740 771 812 818 831 853 857 876 889 935 985 989
34 118 124 180 200 205 233 262 291 360 407 500 532 535 544 555 588 593 610 622 634 660 670 678 719 726 733 750 779 789 798 815 839 841 847 879 895 909 939 959
69 76 95 107 108 128 190 209 231 232 249 302 476 488 490 539 552 579 613 632 676 709 743 745 773 792 871 893 926 941 973 988 993
10 25 50 74 81 114 146 154 161 180 217 225 262 336 485 542 571 606 609 684 762 799 809 991
19 68 71 170 175 251 261 269 354 391 408 496 557 561 599 627 700 701 706 814 829
6 74 87 107 146 193 210 217 343 380 401 406 411 430 434 444 463 479 494 501 510 517 523 572 606 618 702 703 720 735 750 816 832 842 856 882 942 963 990
18 36 56 70 101 116 167 176 189 202 322 341 381 412 429 431 433 435 458 485 498 518 565 583 584 593 618 685 866 884 893 905 922 929 945
20 25 60 76 79 121 125 147 150 158 195 197 213 227 248 262 274 299 324 359 365 399 418 457 494 517 645 655 668 691 750 755 770 792 801 817 838 879 890 897 900 933 936
58 59 62 64 216 246 261 325 342 377 395 425 451 534 589 665 679 694 710 771 852 876 885 894 914
52 164 195 210 212 236 334 379 399 421 448 452 575 609 622 726 763 820 859 887 919 953 968 985
4 27 60 80 88 145 221 245 267 284 337 359 368 446 466 470 579 590 615 695 711 736 759 816 911 931 954 993
7 24 74 102 132 141 146 293 306 307 507 561 601 675 684 694 736 742 760 816 825 833 844 849 871 932 947 949
5 31 37 77 97 150 194 210 277 334 337 357 392 459 460 487 661 664 714 727 764 767 794 817 831 860 896 923 930 945 952
111 113 118 122 168 171 219 226 237 245 276 317 352 353 420 445 465 483 493 526 538 553 563 595 611 614 635 662 683 685 691 711 738 770 781 828 833 838 848 851 865 868 870 897 971 977 981 986
46 174 184 239 294 314 344 387 403 499 545 631 755 817 850 856 885 921 942 993
0 11 24 28 43 45 57 145 162 187 207 322 341 397 506 563 618 631 695 698 709 735 746 833 871 898 904 931 932 946 984 994
15 89 106 133 149 198 200 250 265 296 378 394 402 407 408 424 434 483 503 513 527 583 600 649 650 685 698 730 737 744 752 778 786 819 834 850 879 881 883 890 898 903 905 912
1 12 31 67 89 90 131 153 160 191 203 218 249 286 305 323 358 389 428 454 462 499 500 523 535 593 596 615 633 708 716 719 727 768 770 797 807 820 831 877 884 909 910 912 952 987
17 111 116 123 146 165 167 226 260 264 360 392 397 402 407 418 476 489 621 672 704 715 725 757 795 891 927 945 952
0 12 20 100 120 123 144 183 196 201 249 315 332 340 380 424 484 500 515 537 613 619 620 691 727 739 766 792 832 878 897 908 963 980 986
89 123 144 183 195 210 281 492 647 657 675 752 809 831 837 907 918 921 985 994
6 16 28 56 85 101 111 132 140 142 149 168 186 317 349 388 442 453 461 501 516 580 609 616 619 634 656 658 708 722 735 738 766 769 838 844 885 911 932 984
3 8 19 36 79 105 144 145 169 196 215 227 229 249 335 351 365 408 414 417 420 558 559 561 566 579 595 598 619 649 665 754 767 804 821 826 850 855 912 924 957 966 980
159 179 226 238 401 443 480 491 542 570 574 615 617 626 692 701 726 749 839 971 981
5 24 105 121 136 140 173 230 256 260 261 266 272 295 311 322 352 374 386 397 467 475 479 507 511 529 561 592 665 693 698 732 761 824 851 867 874 883 911 921 941 964 975
23 24 105 114 117 136 150 165 211 220 227 240 244 270 321 359 370 445 448 449 457 474 477 517 520 540 642 652 740 757 780 842 844 879 903 933 942 950 973 984 996
35 156 199 206 264 268 296 335 344 369 401 529 568 685 701 726 734 751 880 894 902 933 997
54 116 165 187 189 226 260 264 317 341 352 364 385 392 437 476 547 605 669 708 757 828 829 876 891 903 911 945 981
21 47 104 132 144 154 273 282 308 348 350 375 380 399 401 418 550 551 603 613 680 691 707 709 756 760 820 832 843 861 894 897 937 944 963
51 92 119 130 136 139 161 167 183 198 206 216 230 243 245 256 274 340 424 427 435 439 447 471 483 501 541 558 562 570 589 661 662 677 718 738 770 819 838 851 868 888 893 915 987
41 86 132 138 152 166 177 196 257 271 275 436 549 562 564 591 597 601 605 675 684 740 782 870 875 958 967 974
79 110 122 148 201 203 217 222 230 266 288 317 331 339 346 360 376 395 422 431 448 454 504 593 601 605 608 629 635 645 666 668 683 741 899 935 960 961
31 79 113 118 167 179 197 200 230 250 274 363 365 402 414 416 446 468 471 483 493 497 514 523 529 531 562 589 644 649 684 696 728 751 764 766 791 805 813 828 829 842 855 927 941 971 980 991 994
36 56 67 111 114 174 180 181 185 203 206 251 289 325 335 356 358 373 410 426 622 681 729 771 803 811 834
0 60 113 149 169 250 254 296 397 405 407 416 485 499 512 615 630 635 747 772 848 864 870 916 952
20 26 53 75 76 82 122 135 140 161 187 235 251 283 303 329 342 343 355 392 408 445 466 501 507 508 517 529 542 546 567 568 595 661 668 682 778 802 826 833 844 854 855 869 883 954 958 971
25 38 67 82 86 91 92 103 174 178 206 212 219 245 251 258 261 264 271 344 384 395 413 415 425 434 466 472 530 535 558 560 570 601 661 662 757 787 806 809 810 819 834 839 890 913 981
81 98 109 114 202 212 247 274 287 292 297 300 318 334 398 420 494 505 675 784 799 828 886 917
6 11 36 81 82 112 121 123 155 220 235 310 318 325 334 340 344 347 358 367 435 446 451 502 543 574 578 579 586 629 650 683 698 719 765 778 785 808 822 830 835 840 884 905 909 979 991 997
0 49 72 118 137 157 174 212 290 366 400 420 425 457 531 542 612 613 619 622 631 667 705 724 727 753 792 820 834 872 882 906 920 927 935 940 943 985
22 42 155 188 189 197 296 335 416 450 479 508 628 701 711 718 751 826 827 908 909 913 954
6 31 39 61 101 156 219 224 250 253 278 320 355 371 390 508 558 563 602 607 629 690 796 870 882 883 913 927 980 993
154 200 241 345 383 393 447 479 524 554 556 565 577 589 605 609 663 689 760 850 856 871 890 921
81 82 86 101 141 155 161 196 198 201 220 271 295 343 402 446 454 500 556 568 583 618 629 649 650 654 671 683 687 708 751 752 771 775 776 778 788 809 829 876 894 901 905 908 913 925 951 976
3 38 67 86 92 154 165 168 175 198 208 219 223 262 271 272 330 341 352 365 395 410 418 424 425 508 519 556 574 583 606 625 648 662 718 733 738 752 760 790 819 839 941 948 958 986 987 994
92 96 121 203 256 326 333 342 414 441 469 533 606 634 640 646 686 713 719 799 817 893
3 25 55 107 155 156 163 183 195 204 266 295 318 325 372 404 410 454 457 522 548 565 573 736 845 898 997
11 19 32 43 97 145 202 220 228 280 337 440 447 478 487 493 525 531 563 695 712 736 755 784 799 848 858 875 912 932 962 978 992 998
5 11 66 78 127 141 234 301 309 355 361 380 419 451 456 487 574 587 594 623 674 709 733 758 774 784 836 856 875 891 892 908 986
5 29 56 63 83 97 105 113 116 192 256 263 312 316 342 414 416 431 438 487 499 507 521 556 570 624 645 665 694 717 764 766 777 846 855 875 898 931 933 955 991
