9 10 14 43 61 114 146 188 256 267 270 276 281 317 369 383 448 482 483 504 521 553 573 601 682 696 728 784 823 862 879 891 930 933 942 984 994
25 29 64 69 74 85 133 146 151 163 238 265 386 392 445 488 508 537 566 616 626 698 741 763 814 815 855 871 973
11 37 60 99 149 152 160 173 190 191 239 259 281 389 434 442 534 536 545 583 590 643 671 705 731 763 883 890 891 916 918 932 953 988
6 24 25 63 70 88 139 154 161 179 203 252 260 275 292 294 302 307 342 350 366 405 513 522 572 600 610 678 715 754 763 782 787 828 869 911 939 943 949 956 974 979 984 985 993 999
17 38 56 74 82 88 96 135 181 188 255 285 315 325 327 365 378 379 410 435 484 485 500 514 529 535 547 594 613 619 792 812 829 833 845 862 915 929
20 39 49 114 132 142 174 214 237 242 243 269 289 313 321 397 430 433 460 511 512 536 556 568 592 649 657 680 705 724 728 745 761 771 786 808 826 845 855 876 917 921 930 936 938 947 951 959 990
34 36 37 83 98 226 227 242 244 278 294 301 355 366 374 376 377 424 464 472 493 519 521 540 544 593 595 642 672 675 702 707 708 717 734 765 808 872 892 961
35 64 136 183 196 218 225 253 256 339 343 364 406 418 428 473 509 567 606 630 641 652 659 679 684 745 777 827 839 848 873 960 984
23 115 154 201 227 242 268 286 306 320 375 411 475 482 501 516 552 673 704 748 836 924 929 970
16 88 124 234 240 246 310 420 449 457 491 510 523 531 533 581 582 600 676 753 941
10 61 96 111 112 154 175 178 179 231 256 271 286 292 317 335 370 383 439 482 503 521 538 574 626 633 655 704 719 790 849 852 856 879 906 918 933 957 992
3 22 63 71 170 199 262 273 280 289 295 323 334 424 465 466 502 515 537 542 553 585 619 652 691 699 710 794 798 807 856 929 951 973 987
10 39 44 132 172 204 223 227 231 270 276 296 303 318 352 408 418 512 517 521 527 535 565 566 573 596 631 636 642 648 664 666 673 724 745 783 789 803 907 909 916 931 996
100 134 146 279 338 358 397 420 448 477 525 579 592 602 651 738 756 795 806 810 904 935 938 956 977
28 153 157 166 212 333 356 422 535 560 635 639 655 672 675 744 748 750 768 803 838 942 948 990
39 53 123 136 149 152 179 198 222 260 299 438 474 512 568 659 737 799 877 878 882 894 897 910 922 939 940 953
94 156 179 344 360 364 372 393 409 448 482 570 581 586 604 661 681 704 722 760 792 797 820 877 903 923 954 970
14 20 21 58 87 97 149 159 167 192 205 228 276 281 316 396 427 526 539 648 655 670 685 711 793 883 900 912 948 987 991
3 24 25 38 81 91 118 145 147 172 182 210 211 215 226 229 269 297 299 305 318 353 399 429 485 527 550 568 572 577 590 597 632 671 677 681 736 764 773 775 776 853 909 927 963 964 983 994
79 136 144 277 282 384 404 431 471 545 566 648 689 713 735 749 852 885 933 956
35 57 65 74 152 263 284 287 297 364 444 474 496 537 545 681 712 720 757 794 856 867 869 890 891 893 905 918 923 953 954 969
0 3 96 133 165 244 247 248 266 275 295 330 353 361 380 415 433 434 453 457 459 468 495 549 618 638 640 642 646 691 712 718 746 759 804 840 859 885 902 905 955 961 980 996
20 26 63 90 113 140 143 205 222 258 275 283 292 301 316 319 330 356 366 379 401 424 442 450 494 524 527 536 599 660 697 702 708 711 735 743 777 800 842 884 886 887 928 968 975 995
1 8 31 64 87 129 164 170 204 245 248 294 323 354 368 386 498 559 616 627 668 704 711 773 901 961 963 969 987
9 61 121 129 165 172 175 200 211 220 270 316 317 329 403 418 444 467 536 643 656 708 733 740 751 770 777 821 830 832 834 909 960 971 989
20 107 129 144 201 220 275 287 300 470 570 655 658 690 747 803 825 955 971 990
22 37 72 74 90 108 133 236 239 318 344 373 530 538 605 609 656 671 701 703 722 748 762 775 807 816 831 834 858 869 914 918 927 940 945 954 956 963 978 992
12 48 50 85 125 132 186 208 216 220 233 281 314 329 330 451 457 474 485 486 506 525 532 581 600 614 622 629 638 656 659 666 674 699 764 777 789 821 829 841 855 885 899
19 59 81 131 137 222 271 320 324 479 505 520 544 582 653 667 672 773 791 853 862
2 5 24 51 58 95 102 144 182 188 218 239 241 274 285 370 386 388 420 461 476 478 517 518 525 532 537 543 581 610 628 695 698 758 766 788 804 903 905 923 925 940 969
8 47 109 132 219 231 272 276 344 434 447 481 512 532 565 580 589 591 636 642 645 654 662 668 694 698 706 728 739 851 869 879 923 924 933 934 942 966 984 994 997
3 13 18 31 32 89 271 291 321 390 451 459 471 518 563 565 582 672 692 815 843 977 999
8 31 64 81 87 90 101 148 182 213 323 386 395 417 434 592 616 668 763 773 794 865 890 927 940 941 973 983 987
4 30 35 61 172 175 177 204 220 254 264 271 306 317 336 346 356 385 446 535 554 620 665 683 722 742 797 864 866 875 909 952 960 962 977
2 18 21 24 25 43 66 114 146 150 165 170 186 194 299 303 318 324 353 421 423 442 453 476 527 538 552 578 598 603 619 624 634 643 646 652 698 729 738 775 776 802 917 971 988
42 43 118 126 127 130 171 193 329 331 340 348 372 407 417 437 452 462 570 722 728 769 823 837 880 888 926 970
9 26 52 154 168 187 195 229 269 289 294 322 341 372 413 417 424 436 463 476 569 573 587 590 610 611 666 726 778 886 916 927 930 935 942 950 965 967
1 43 48 62 91 92 114 138 169 170 205 218 226 235 244 248 249 287 292 303 314 326 353 381 390 398 411 438 476 518 572 638 666 682 724 727 738 746 789 821 834 853 862 879 883 908 941 970 983
18 26 27 68 158 240 242 379 415 426 451 499 522 555 561 637 660 675 699 716 749 807 847 904 924 938 963
38 39 54 91 118 133 138 222 349 357 363 444 459 584 590 669 711 735 746 805 855 881 929 961 969
21 48 84 87 122 128 189 207 209 231 239 240 251 260 269 270 298 320 321 332 344 383 457 468 485 518 538 552 576 579 681 732 745 787 804 823 829 845 853 870 889 890 903 916 937 939 986 994
18 21 31 81 96 100 171 186 201 210 240 257 260 261 299 324 366 372 402 415 416 420 421 422 471 528 544 576 607 646 660 668 673 693 705 749 776 780 811 854 868 913 926 935 946 981 996
7 10 67 75 105 106 115 191 217 303 422 432 456 458 490 553 570 731 764 822 836 924 948 983
46 63 115 117 129 180 185 195 206 229 288 295 301 304 359 367 379 397 411 433 438 443 468 471 489 505 517 558 576 608 619 643 659 699 702 731 779 801 844 845 863 867 904 905 948 992 997 999
1 55 77 93 100 162 202 226 250 316 320 356 394 414 415 418 422 425 444 487 497 545 626 636 656 675 682 686 714 749 764 813 857 895 930 944 960 990
138 224 301 370 390 412 451 455 459 568 582 615 663 724 732 779 785 829 913 917 939 973 989
1 22 104 118 119 136 155 186 195 205 210 293 297 311 541 625 626 644 650 732 746 781 787 804 815 819 821 850 913 992
80 144 230 244 290 306 345 364 370 417 557 621 647 738 748 755 767 797 852 885 919 951 988 996
9 22 90 115 171 195 197 201 229 248 285 295 321 328 329 351 383 390 433 438 453 468 546 552 562 576 592 638 691 708 730 779 792 824 856 886 913 919 920 926 938 941 955 972 977 982 989 997
8 76 85 86 88 100 165 171 182 188 204 210 211 218 227 286 287 306 421 442 453 505 522 544 551 571 646 660 671 687 691 705 732 775 776 789 794 797 808 823 846 917 919 926 935 955 976 998
2 26 37 110 116 286 308 314 387 421 480 517 579 617 648 652 688 702 723 772 774 836
40 85 103 176 256 285 312 371 382 522 610 623 636 673 709 712 721 731 779 803 815 877 886 904 951 971 999
14 15 33 38 149 152 184 191 297 330 337 340 347 391 440 474 553 566 572 600 682 700 817 818 836 860 867 877 891 954 958 988 991 997
35 45 58 73 78 120 175 191 211 221 340 362 397 400 441 469 505 507 564 612 616 787 792 796 808 809 835 852 867 874 898 989 991
2 14 41 48 58 91 138 141 232 289 309 314 323 324 340 411 419 448 454 492 525 532 548 565 573 575 579 588 712 725 735 752 807 834 861 883 896 903 919 953 991
