1	7 12 13 47 
2	4 8 44 50 
3	49 
4	11 16 31 35 
5	14 
6	35 
7	2 7 39 51 
8	30 
9	54 
10	9 11 45 54 
11	4 
12	8 
13	8 18 34 49 
14	9 
15	44 
16	45 
17	7 12 19 37 
18	9 12 29 45 
19	31 
20	4 30 41 43 
21	53 
22	38 
23	15 
24	41 
25	5 
26	11 
27	29 
28	15 
29	2 
30	2 9 15 52 
31	4 45 48 55 
32	24 
33	44 
34	28 
35	6 
36	25 
37	1 10 16 18 
38	49 
39	37 
40	48 
41	34 
42	1 18 29 31 
43	33 
44	5 
45	11 
46	2 
47	46 
48	50 
49	16 29 34 54 
50	50 
51	1 
52	49 
53	48 
54	54 
55	33 
56	15 
57	36 
58	26 
59	23 
60	39 
61	51 
62	18 21 34 37 
63	1 25 26 28 
64	3 
65	15 28 37 51 
66	17 
67	6 10 21 50 
68	11 
69	19 
70	25 
71	22 
72	3 
73	14 23 24 32 
74	7 15 21 47 
75	18 
76	51 
77	43 
78	6 23 35 44 
79	3 4 39 40 
80	3 
81	19 
82	15 
83	8 35 39 48 
84	24 
85	16 
86	22 
87	31 33 50 53 
88	6 7 21 34 
89	11 
90	53 
91	7 9 12 19 
92	12 
93	40 
94	50 
95	1 
96	7 18 32 34 
97	27 
98	7 19 31 55 
99	19 
100	14 
101	1 16 18 37 
102	31 
103	18 
104	9 
105	47 
106	16 
107	52 
108	46 
109	4 7 10 12 
110	28 
111	1 19 44 50 
112	38 
113	16 
114	36 
115	13 
116	32 39 45 47 
117	33 
118	29 35 45 53 
119	14 
120	24 
121	3 9 35 37 
122	46 
123	9 16 20 37 
124	16 32 34 49 
125	18 
126	30 
127	42 
128	31 
129	22 24 27 45 
130	2 
131	1 5 21 26 
132	37 
133	16 
134	19 
135	28 
136	7 
137	40 
138	12 
139	2 
140	8 29 41 47 
141	12 
142	13 43 45 55 
143	46 
144	6 9 10 15 
145	6 14 21 34 
146	21 
147	52 
148	41 
149	37 
150	26 
151	42 
152	48 
153	1 18 38 53 
154	19 
155	14 
156	23 25 34 53 
157	37 
158	21 37 52 54 
159	44 
160	12 
161	12 21 44 51 
162	1 39 42 55 
163	14 
164	12 
165	25 
166	29 
167	11 13 28 37 
168	45 
169	22 
170	52 
171	52 
172	23 
173	21 
174	15 19 37 50 
175	48 
176	34 
177	12 33 44 52 
178	54 
179	52 
180	3 
181	13 
182	12 26 34 35 
183	36 
184	11 
185	6 14 50 53 
186	52 
187	24 
188	15 31 43 55 
189	3 35 53 55 
190	11 13 14 41 
191	40 
192	46 
193	25 
194	50 
195	43 
196	11 14 17 36 
197	37 
198	14 15 17 46 
199	1 
200	52 
201	50 
202	14 
203	1 12 18 47 
204	15 23 32 38 
205	52 
206	45 
207	38 
208	1 16 33 36 
209	25 26 35 39 
210	19 
211	18 
212	21 29 37 43 
213	30 
214	6 8 22 47 
215	49 
216	48 
217	34 
218	33 
219	5 6 14 21 
220	5 
221	25 
222	12 14 24 36 
223	17 
224	35 
225	43 45 49 55 
226	24 34 37 44 
227	21 
228	6 9 14 37 
229	23 
230	34 
231	26 
232	48 
233	36 
234	25 
235	30 
236	2 6 12 27 
237	7 
238	18 20 21 55 
239	23 
240	29 
241	20 
242	1 
243	31 
244	54 
245	4 11 25 43 
246	20 
247	22 31 45 55 
248	33 
249	2 
250	48 
251	46 
252	44 
253	33 
254	49 
255	14 
256	6 21 31 34 
257	20 
258	7 10 18 24 
259	12 
260	48 
261	2 
262	10 17 24 28 
263	21 
264	52 
265	10 16 24 34 
266	38 
267	10 15 40 52 
268	21 
269	3 
270	17 
271	43 
272	27 
273	52 
274	18 33 45 52 
275	12 17 33 51 
276	54 
277	35 
278	39 
279	9 14 21 28 
280	1 
281	48 
282	1 3 38 55 
283	11 15 27 47 
284	52 
285	21 42 54 55 
286	17 
287	51 
288	50 
289	22 31 45 55 
290	6 7 14 20 
291	12 
292	41 
293	2 6 49 50 
294	7 
295	44 
296	25 
297	26 
298	17 
299	39 
300	42 
301	50 
302	25 36 45 55 
303	11 
304	50 
305	2 6 31 37 
306	49 
307	9 
308	49 
309	23 52 53 54 
310	17 
311	26 
312	29 
313	26 
314	13 
315	49 
316	14 
317	39 45 47 55 
318	20 25 50 55 
319	55 
320	39 
321	5 12 33 49 
322	11 
323	1 15 26 39 
324	36 
325	27 
326	3 13 44 55 
327	30 
328	3 35 40 53 
329	48 
330	30 38 41 45 
331	34 
332	44 
333	45 
334	4 
335	9 16 18 34 
336	20 
337	54 
338	12 30 31 32 
339	3 
340	49 
341	32 
342	19 
343	19 
344	55 
345	20 
346	25 
347	38 
348	19 25 41 55 
349	19 
350	2 
351	29 
352	7 12 34 50 
353	28 
354	39 40 45 52 
355	21 
356	1 
357	11 
358	6 
359	7 
360	32 
361	29 
362	26 
363	50 
364	54 
365	8 
366	22 
367	37 
368	8 
369	6 22 32 43 
370	21 
371	42 
372	15 
373	27 
374	1 14 21 27 
375	48 
376	4 
377	3 38 40 53 
378	52 
379	51 
380	6 
381	9 
382	50 
383	40 
384	19 
385	8 
386	37 
387	1 
388	29 
389	28 
390	34 
391	15 
392	51 
393	52 
394	43 
395	13 
396	44 
397	1 
398	31 
399	6 18 26 48 
400	19 
401	50 
402	6 14 17 33 
403	4 6 17 52 
404	28 31 33 48 
405	7 12 18 40 
406	7 12 14 15 
407	38 
408	1 24 25 43 
409	49 
410	25 
411	24 
412	34 
413	22 28 30 31 
414	1 
415	34 
416	53 
417	25 28 43 50 
418	10 
419	29 36 42 52 
420	13 
421	51 
422	1 5 15 42 
423	18 20 39 47 
424	43 
425	41 
426	46 
427	3 
428	3 28 33 34 
429	15 18 27 37 
430	4 6 28 54 
431	15 
432	52 
433	41 
434	26 
435	27 
436	22 
437	33 
438	38 
439	23 26 32 54 
440	48 
441	2 7 10 31 
442	5 
443	26 35 44 54 
444	49 
445	22 31 37 43 
446	53 
447	54 
448	12 
449	7 
450	22 
451	53 
452	33 
453	25 
454	48 
455	29 
456	44 
457	45 
458	14 19 20 39 
459	40 
460	41 
461	16 
462	5 
463	32 
464	39 
465	1 15 18 28 
466	5 29 49 53 
467	6 26 51 55 
468	14 
469	15 23 35 53 
470	13 18 23 37 
471	22 
472	49 
473	9 
474	18 
475	32 
476	33 
477	5 
478	36 
479	2 
480	50 
481	7 31 33 49 
482	19 
483	41 
484	26 
485	25 
486	25 
487	50 
488	43 
489	6 23 25 32 
490	46 
491	28 
492	53 
493	52 
494	5 36 38 43 
495	39 
496	25 40 43 50 
497	22 
498	15 
499	55 
500	9 11 18 32 
501	6 29 37 53 
502	1 
503	32 
504	18 27 51 55 
505	4 
506	10 
507	1 
508	10 18 43 50 
509	51 
510	6 46 51 52 
511	44 
512	21 
513	26 
514	15 
515	41 
516	18 21 32 44 
517	53 
518	2 23 32 54 
519	7 35 44 45 
520	6 14 21 37 
521	54 
522	15 21 29 45 
523	26 
524	28 
525	53 
526	47 
527	43 
528	49 
529	1 26 28 42 
530	10 
531	29 
532	24 
533	7 
534	16 44 47 51 
535	17 
536	7 23 29 33 
537	18 25 45 55 
538	28 
539	43 
540	26 
541	7 18 28 34 
542	50 
543	14 
544	4 
545	42 
546	19 23 29 37 
547	27 
548	54 
549	11 31 43 48 
550	13 18 21 43 
551	10 
552	5 21 44 48 
553	14 17 21 24 
554	2 
555	26 
556	7 17 42 50 
557	45 
558	9 
559	2 
560	27 
561	2 
562	38 
563	6 7 30 34 
564	11 14 17 34 
565	23 
566	16 19 37 53 
567	12 
568	29 
569	13 
570	32 
571	17 
572	20 
573	1 
574	44 
575	13 
576	16 27 33 40 
577	21 33 37 43 
578	41 
579	7 12 34 44 
580	26 
581	20 
582	1 5 18 28 
583	30 33 34 52 
584	8 19 20 23 
585	8 
586	1 2 3 20 
587	14 
588	51 
589	9 18 33 38 
590	54 
591	52 
592	31 
593	11 
594	7 20 28 31 
595	10 
596	1 19 43 55 
597	12 
598	11 
599	41 
600	3 11 18 55 
601	16 
602	51 
603	16 26 32 35 
604	54 
605	13 
606	20 22 29 39 
607	7 18 23 46 
608	12 
609	37 
610	4 14 43 47 
611	20 
612	20 
613	21 
614	6 18 28 43 
615	48 
616	15 25 43 45 
617	38 
618	4 
619	3 
620	2 3 12 35 
621	3 
622	3 28 35 40 
623	1 4 34 35 
624	45 
625	28 
626	3 28 46 52 
627	11 17 41 49 
628	18 
629	46 
630	29 35 51 54 
631	15 
632	21 26 37 52 
633	38 
634	32 
635	42 
636	7 23 42 50 
637	33 
638	49 
639	22 41 43 51 
640	11 28 29 31 
641	32 
642	31 
643	12 21 31 53 
644	2 
645	46 
646	9 
647	52 
648	3 
649	18 19 21 26 
650	14 34 45 51 
651	13 
652	22 
653	33 
654	35 
655	28 38 53 55 
656	10 24 27 46 
657	18 
658	33 
659	5 6 45 47 
660	20 
661	19 
662	53 
663	41 
664	22 
665	9 15 26 34 
666	12 28 40 48 
667	1 
668	2 
669	33 
670	25 34 43 49 
671	14 15 40 52 
672	49 
673	8 
674	51 
675	6 11 14 42 
676	22 
677	42 
678	29 
679	12 
680	37 
681	50 
682	14 23 25 32 
683	51 
684	44 
685	28 
686	11 35 36 53 
687	40 
688	7 9 29 44 
689	11 18 37 49 
690	7 15 24 50 
691	1 2 26 38 
692	25 
693	48 
694	14 
695	6 14 27 49 
696	13 20 30 39 
697	6 
698	51 
699	8 
700	51 
701	12 13 38 41 
702	42 
703	11 
704	33 
705	8 14 34 43 
706	2 22 35 48 
707	36 
708	6 18 30 35 
709	52 
710	22 
711	45 
712	2 12 42 50 
713	12 
714	37 
715	15 25 29 39 
716	12 17 28 44 
717	40 
718	11 
719	9 18 28 31 
720	46 
721	19 
722	24 27 41 49 
723	40 
724	2 
725	51 
726	51 
727	53 
728	51 
729	7 9 10 14 
730	15 18 24 26 
731	14 
732	7 15 45 55 
733	49 
734	51 
735	15 
736	26 
737	37 
738	53 
739	25 29 35 52 
740	23 27 32 37 
741	13 17 25 47 
742	7 
743	49 
744	16 
745	30 
746	50 
747	8 18 21 42 
748	5 12 26 43 
749	5 
750	15 
751	48 
752	17 
753	4 
754	6 
755	12 
756	34 
757	14 15 21 38 
758	37 
759	6 21 29 37 
760	22 31 37 43 
761	16 40 43 50 
762	2 
763	39 
764	22 
765	4 
766	29 
767	20 
768	47 
769	9 
770	22 
771	14 26 42 46 
772	2 
773	14 21 37 40 
774	8 10 26 45 
775	12 
776	48 
777	44 
778	21 25 26 54 
779	50 
780	30 
781	6 8 22 39 
782	48 
783	49 
784	10 
785	29 
786	33 
787	46 
788	11 31 33 38 
789	41 
790	3 
791	1 17 29 44 
792	4 7 19 33 
793	47 
794	24 
795	49 
796	50 
797	44 
798	48 
799	3 16 37 51 
800	55 
801	51 
802	39 
803	27 
804	22 
805	6 23 26 37 
806	50 
807	11 
808	45 
809	38 
810	52 
811	33 
812	9 
813	18 21 50 55 
814	10 23 44 54 
815	42 
816	13 
817	8 
818	36 
819	52 
820	3 5 13 47 
821	34 
822	16 
823	13 
824	5 
825	29 
826	20 
827	52 
828	51 
829	21 
830	2 8 36 45 
831	7 
832	42 
833	55 
834	50 
835	31 
836	50 
837	7 14 30 47 
838	3 18 37 52 
839	20 
840	42 
841	11 22 33 41 
842	49 
843	5 
844	33 
845	28 
846	27 
847	19 33 44 49 
848	33 
849	35 
850	6 43 47 49 
851	28 
852	25 
853	54 
854	18 19 28 43 
855	1 23 32 44 
856	35 
857	33 
858	35 
859	7 22 24 42 
860	16 32 33 38 
861	49 
862	52 
863	4 19 26 52 
864	49 
865	3 
866	2 
867	50 
868	20 
869	4 9 24 54 
870	9 
871	8 28 34 36 
872	15 28 34 46 
873	11 
874	51 
875	45 
876	5 17 19 33 
877	12 15 50 51 
878	12 
879	20 
880	6 
881	7 
882	25 
883	17 
884	34 
885	25 
886	46 
887	40 
888	39 
889	23 32 48 54 
890	37 
891	4 12 17 42 
892	2 3 13 53 
893	15 
894	41 
895	52 
896	25 38 43 55 
897	47 
898	55 
899	31 
900	16 28 50 54 
901	51 
902	28 
903	15 19 43 53 
904	15 35 37 39 
905	4 7 26 51 
906	1 6 7 8 
907	8 
908	33 
909	50 
910	34 
911	26 28 39 46 
912	2 22 31 45 
913	9 
914	10 37 40 50 
915	19 45 47 52 
916	9 
917	5 
918	7 12 15 34 
919	47 
920	34 
921	6 
922	19 
923	45 
924	30 33 38 50 
925	35 
926	6 14 19 42 
927	43 
928	6 7 14 20 
929	10 12 33 49 
930	33 
931	23 26 29 40 
932	15 26 29 53 
933	15 43 48 50 
934	40 
935	34 
936	29 
937	6 
938	21 
939	8 26 30 36 
940	4 
941	39 
942	7 
943	22 
944	1 
945	19 32 49 52 
946	48 
947	25 
948	1 35 40 53 
949	3 29 35 39 
950	10 15 28 51 
951	34 
952	11 19 50 55 
953	11 
954	22 
955	40 
956	19 
957	11 22 31 48 
958	17 47 49 50 
959	43 
960	52 
961	17 29 32 37 
962	43 
963	38 
964	38 
965	4 12 13 53 
966	3 8 21 53 
967	4 21 30 31 
968	31 
969	6 15 20 55 
970	18 
971	3 36 43 54 
972	22 
973	22 
974	38 
975	55 
976	6 7 34 44 
977	18 
978	25 48 52 55 
979	45 
980	29 
981	18 
982	26 
983	23 32 38 44 
984	14 23 27 37 
985	11 
986	44 
987	14 33 49 52 
988	11 30 41 50 
989	1 2 3 38 
990	6 21 33 53 
991	28 
992	11 
993	45 
994	15 25 37 55 
995	9 36 40 48 
996	3 7 12 25 
997	51 
998	25 
999	4 12 24 52 
1000	51 
