14337 10757 5131 9744 1555 7188 11798 2071 2075 15901 13342 5150 11310 51 6708 10804 8755 6197 3638 11325 19518 10302 8770 19523 1092 16969 14927 16476 1116 15459 12907 15469 13936 7291 5245 13954 14979 11911 6792 3724 9872 7313 1683 8346 3228 12960 5793 2213 6315 18092 10924 4272 8371 18615 15545 13505 16066 9925 5323 1233 14547 7893 3285 7391 5343 9952 19172 14053 8934 8425 238 9966 1778 13044 19188 14589 17151 3841 6917 8455 1801 9997 5394 2840 18713 4891 6940 17693 13085 5915 16667 5924 17708 13103 6962 6450 8499 17205 13112 9019 12605 18750 325 14150 19273 10569 19276 11598 3413 3927 858 7518 19808 17768 11114 9070 11630 10103 889 5508 14730 2452 17313 8099 16292 11685 7079 16297 7081 18859 12209 11189 18870 439 7098 3516 19901 4544 9664 4034 1989 966 12230 3016 14281 17353 8649 10193 17875 12755 18902 15321 10206 7655 5099 11243 6123 10222 499 10236
7680 8193 6658 3585 7685 12806 8200 17419 19468 11791 9750 15383 15897 1570 9250 13353 17964 10286 15407 18993 15922 1073 9780 2101 14905 1595 61 3139 19526 16970 14413 3152 7249 15442 4188 19037 12380 11362 2149 7275 7276 1647 4726 3706 5264 4242 19602 19604 16534 5782 10391 9882 4766 7331 9893 2730 9899 11955 15028 15033 6330 5819 16071 10441 17100 209 18644 1239 8920 11999 5862 1259 12528 6897 1781 8949 762 16637 17149 7938 4870 18703 7955 12052 3860 7962 15643 14619 16671 10016 10018 14114 15138 1314 296 14635 4918 12600 2361 15164 12607 1344 5959 13641 845 17749 13657 14681 2906 17244 9564 2914 15715 3944 9580 14188 12148 3957 6521 19834 13694 9601 14723 9092 17287 5514 2955 15253 12695 4506 13213 418 3493 14246 16810 5547 7605 6583 6586 6084 9157 7627 16848 9169 18899 10719 9697 14819 3046 3051 6647 1529 13307
5136 8722 20 1046 12311 13340 7714 17447 15923 582 19527 10825 13386 2655 9828 17509 14951 7805 17023 9343 2175 4244 13464 17563 15005 3239 10925 3248 5809 18102 19642 10943 12996 4292 18118 9928 5321 14032 6870 10969 11486 3316 3319 6394 259 6415 1810 790 19738 7963 19752 3376 13113 19260 13632 1857 19269 11599 11603 19285 1370 9566 14699 2926 8564 11126 5499 12159 11136 12164 10117 15247 15760 3990 12184 12188 16798 13732 9125 6567 15283 1460 9139 17333 18874 18883 3533 10191 5589 4054 14807 478 11237 14317 7666 19448 5117
5642 8714 7696 25 15392 33 14913 16450 583 10314 2123 7244 19533 19534 11343 9298 16468 19543 16475 6243 18535 1127 15979 6764 2158 3703 4226 7306 7819 17549 10394 7325 11947 19115 8876 7342 18095 10932 16053 14523 11964 4802 5324 4301 18645 3797 2775 12505 14559 739 14575 3314 2811 9994 19734 13599 3874 14117 6957 7469 4917 11578 14655 15688 10570 13662 7010 4454 9067 4484 7559 15242 17808 5523 11687 3499 5549 952 18364 5064 17864 18889 14794 16846 12750 12773 12282 7165 4606
13323 2062 19989 17433 3614 8224 562 15421 6721 12360 89 4719 10879 10368 1160 6280 19593 4243 10900 10902 10401 6818 7334 1196 9389 9904 19123 4278 1212 1728 14019 5319 3273 2764 10958 12501 2778 10971 8415 9439 17123 8421 12009 6378 2288 18675 12023 1788 9470 4357 17160 19217 16159 808 9517 16174 3379 15677 18753 14147 19268 2386 18259 5970 10581 8535 12123 17245 2412 10098 13180 4477 10622 18815 6020 14215 8596 18847 10160 9141 14279 14793 14309 4587 8685 2546 14335
15885 16909 5645 12303 6161 10775 12313 2076 17958 13355 14381 15920 19508 3640 7751 13904 18005 7777 13927 11880 3688 19562 15982 2686 4232 8343 18589 11936 2729 3758 18097 18101 1228 15056 7378 8916 19159 5847 7901 6366 1251 16107 14071 16132 6418 792 5415 17193 304 19763 14649 6464 10561 9550 2912 10607 18804 15224 12667 17278 1919 3968 15231 9602 13186 3975 7573 19862 7063 3494 16807 15271 15276 941 14254 3503 3511 13242 10687 7112 4560 4049 18387 19412 18906 17406
13825 19459 19465 17935 19985 14866 14357 10265 4122 12827 12316 19996 15397 12330 16941 2102 19513 19516 1607 10824 19545 19548 8288 612 1661 17536 16003 664 11417 5282 14501 12459 18607 1203 1217 2762 11467 4817 3803 1759 8434 16628 757 19196 2817 5378 5380 18191 19222 9496 17183 1838 2862 11574 11586 17227 18785 7523 10086 15213 366 1903 14206 11137 1428 6550 11163 7069 10154 12717 14767 13744 5555 950 8633 10682 18366 3011 1992 458 4555 3547 2531 5098 9202 15350
5639 8212 16918 8214 10270 3111 5165 11311 13887 4165 6739 5715 10848 18532 2153 14956 6257 1654 12918 15995 18045 15488 643 155 13468 12445 15006 2722 11958 19134 12999 13512 7886 10965 1256 8945 13561 5372 19710 14596 14111 7972 11049 9002 3373 12078 2864 15161 11074 17225 12624 11091 4975 7024 15217 5000 13192 19850 5516 18830 19343 16272 3480 19876 19877 19367 6568 16812 8625 1971 13237 16821 12217 14266 19910 975 18900 15836 10211 4588 19438 9200 5108 5114 1019
15878 519 11 10254 9245 13345 5671 14891 2606 11314 566 5185 11337 9293 13906 3668 3158 19045 2152 1132 15980 6254 2160 14963 2684 2177 5763 18564 11919 13457 10405 19622 167 16550 14514 3261 3278 14033 9958 15595 17649 16114 2290 19194 5883 18692 6412 16152 6936 16162 17190 14634 17199 2353 2356 16194 19267 11087 9555 5460 19806 2911 5982 14178 17251 11622 6022 1929 17297 916 408 12202 11180 4526 15794 13241 11705 12219 5568 14790 1482 7115 15314 11732
15877 8205 14350 14864 7184 6678 537 11805 11299 13859 4659 15417 11835 14919 19033 3689 4206 1136 9849 8835 18056 10376 16021 15004 4257 3750 18598 13999 18099 10420 182 694 2757 1753 5854 19679 2284 13048 9980 6396 19709 19204 15627 19212 15631 12574 3385 12091 13117 18239 16197 1861 12617 10071 3417 7517 19300 9573 5994 3953 4982 19833 894 12678 11143 2442 14229 1432 13730 11181 4528 9145 15802 13249 11216 17365 4569 19934 18400 6120 14828 17397 10239
17413 13829 7174 4104 19480 15385 11802 11297 8743 7212 5167 5685 8248 7745 16454 17492 5207 8280 8281 19039 13931 6252 6253 8302 10870 9859 17029 9861 1678 10403 12463 5298 5307 13508 4808 19149 18127 9438 14049 1257 14585 13565 9991 7944 6409 19219 1300 15645 17695 14630 8495 18740 11581 9025 18779 4451 19307 14704 7026 7541 19830 9598 1412 16780 8076 12686 1431 14236 16287 8096 5539 17838 15288 16828 16324 19911 9672 7118 6607 19418 16890 9212 511
11786 9227 3084 18452 11800 4135 15924 9281 577 6217 14412 8269 16465 15960 6239 12384 2663 18539 12912 4210 1141 9858 7812 19078 18060 5263 18067 12435 8855 10393 17053 12446 7341 5310 1746 4821 1240 11488 15083 12020 5882 15615 18691 2312 5388 791 19737 291 9012 2871 17727 15692 4940 3410 343 14171 8540 10075 16232 17262 11118 15730 16247 4476 9094 16279 4508 7072 1450 19886 12718 12724 11704 14779 11201 450 6598 15828 14294 10201 986 5105
19981 6168 4637 9758 16934 18983 1083 573 15934 13886 1609 13903 9297 14940 17502 7264 7277 15470 4730 2683 15505 10389 18070 1179 8870 7343 14000 1713 3253 16568 15547 15039 11463 721 15570 14035 5846 15577 4827 8419 4838 239 758 2806 6905 2812 279 280 13595 2855 7466 19760 12632 4952 14179 19311 1391 3451 8072 16266 5003 13709 17308 16290 427 3513 13762 1475 15813 15308 17878 18903 17882 16348 3551 9185 16356 2535 8680 18926 7152 12794
1048 14875 6171 17436 1564 19492 7207 17981 6725 16968 1122 4706 11885 9332 2678 5238 10360 2174 17035 13454 9871 16533 2208 9388 7864 7868 190 711 15052 8911 13528 19161 3805 7396 16618 8938 14058 7416 11512 2323 5917 14622 806 15658 17718 11073 17219 324 19782 1369 1372 11107 5478 2420 12150 16250 6013 10111 18822 1423 15251 18330 10653 8116 10679 13754 12738 6083 4549 2507 4044 12241 12242 11729 11731 6612 16354 11242 13299 7157 7159 8698
14338 14852 1542 2061 18959 17425 6169 1050 2083 10798 19504 3634 1079 14394 6715 1095 7754 11350 6249 10859 17517 16494 11373 2168 14459 9348 6790 3718 8328 11410 19611 5799 4268 19632 689 17592 10944 9411 16594 13526 15080 14588 18707 7968 3365 10550 315 10046 8511 18241 8005 10059 1367 8030 881 7538 9079 7032 891 6526 15746 18829 16273 9122 11193 3007 11202 9667 5068 3535 15824 7637 982 15867 3545 2015 5602 6121 13298 9718 6137 9723
10753 19483 540 3612 7206 7209 7729 3154 9815 5209 15450 12379 7260 10330 7776 17506 12914 11384 2178 1672 658 8856 12955 2716 12984 2235 13500 8901 16077 6864 726 732 1764 1268 6903 16120 4858 7419 9471 7426 14089 782 16655 14609 6931 15129 14108 4382 6943 11551 17187 16682 6457 4415 9024 7502 14677 11100 5469 8546 15717 8049 16245 9077 9088 9095 2960 11665 4503 5528 409 410 4509 17319 6571 9670 15815 19914 12245 13802 14831 10226
7175 8718 14351 18961 2067 546 17962 18991 13360 18995 6196 8769 3654 12872 1096 11349 12886 8282 13406 10846 11361 11372 15493 650 19595 654 4756 9880 2713 11932 3741 10911 18595 3748 19631 695 19644 18620 705 1732 10954 13003 10956 12497 6358 11487 8420 17132 2291 2292 14598 2822 14601 5386 18714 18724 16173 9522 3393 8008 8525 6993 6488 11104 1895 18286 13679 3954 1924 14735 15261 430 17328 2485 9151 964 3019 12762 3552 5618 1015 8697
15872 1543 4617 14352 9233 5650 10267 1067 559 12852 580 15941 13902 14437 13926 10346 15981 2161 14451 3709 11392 3213 3220 7329 14498 16037 9393 7858 18105 6333 12478 196 16583 12499 14548 8407 16607 224 4322 4324 5876 18167 16635 13572 6426 13084 1824 19247 10040 18233 1850 7491 3909 17222 7495 9562 3426 15203 7527 16748 10097 1910 13687 9080 3461 14728 3995 12195 19364 6055 19891 4022 14784 16833 19414 13783 16355 9699 8688 5623 8190
11267 5638 7704 6698 13370 9800 19020 12892 4193 98 1643 6773 18562 18567 2189 9869 148 18597 6310 7335 6836 3766 13506 11461 11975 14535 15053 19668 7896 8413 14052 12005 242 15604 251 260 4869 4362 13580 5901 16142 4367 9489 8977 5909 14102 1312 2343 5951 4416 12106 13646 8530 10578 11607 1374 878 4983 11129 19333 1415 6028 9613 15246 19871 14239 7077 15295 13779 15829 18905 3035 11748 12777 491 16367 5107 3063 11256 17914 16892
11780 3078 4102 8725 1061 14376 18476 14897 4670 10822 15949 17491 1109 9307 10345 14959 3196 11903 3201 13442 6794 10398 5283 15524 5285 16560 11959 6335 2761 15051 17112 6874 15580 18140 3808 17121 3299 12010 6891 12019 7933 5400 17177 19774 18247 11594 6480 17748 9044 18267 5987 17764 19813 13674 4462 11631 2416 16243 14207 16260 7054 12689 8595 19347 404 10655 11680 8607 15781 1959 1967 1976 1467 17856 19393 14792 8657 3546 18401 486 13812
9740 2578 19992 15398 45 9773 12849 16952 1084 17983 17990 9807 16464 10324 15447 7261 106 627 13444 7817 3211 10892 19088 1691 18592 3752 685 19630 2225 17096 6863 7377 7897 10970 228 2788 3304 3821 17654 17155 16131 14083 3846 4355 17691 10529 7467 11061 14135 19258 318 5950 11076 14148 1350 12613 2378 2899 19807 6495 7009 11624 15211 4459 364 1392 13682 400 16787 2453 11673 1946 14332 17335 13757 18389 10717 4071 13308 2557
2048 4609 15368 10248 17931 18967 13854 14883 7216 8753 17970 9790 5707 12881 4692 6742 16985 7259 7775 1131 8844 17555 6811 11934 5797 3749 11943 11432 12974 3252 1205 16565 10938 7867 5840 5335 19692 12014 13039 13568 770 3334 12556 1805 15632 275 11557 2856 9512 9524 10043 2885 1366 7001 5977 14689 18274 8552 11632 14195 7544 15736 15232 5515 18835 15772 12702 15275 18348 18863 9135 5053 3022 2005 4053 2012 14301 4067 14821 15862
8717 14861 18963 8213 10776 15390 550 15916 6709 16954 7741 8766 5694 14400 18501 13385 10835 1108 15445 17497 15965 11874 6762 16497 14967 17016 1145 14971 2188 5774 19087 8349 5287 15017 6325 19640 4283 4285 4289 2765 2768 6869 13552 18683 5885 17670 3853 14611 4887 11547 15133 16175 5962 18782 872 18793 10603 14702 15733 2432 18820 6026 2957 1948 18342 8135 15817 3531 10709 17881 12249 19933 7648 10209 5600 996 4070 4585 3568 6641
16915 16932 7718 18470 5174 16950 7734 10813 15945 9804 4695 10852 8815 3189 7287 143 11409 19609 19098 16540 158 7326 11952 15031 4798 19135 16063 1729 1739 7883 4302 1238 1241 15072 13032 18665 1770 13041 3322 18684 14077 10508 8461 19727 14610 11540 18717 17698 11559 13099 10553 11767 12616 14156 345 7514 18292 7546 19329 1939 10645 11671 6555 19361 19372 12719 2504 15307 9676 9163 13782 10199 16347 18907 7643 12783 17906 14839 8699
4097 2054 3082 2063 7186 6677 14882 14375 15937 66 10310 9303 13401 5220 100 9333 19065 18042 10363 11900 17025 3713 12932 17544 13961 1161 4236 3224 15013 15525 19638 12987 195 7365 3282 16112 15601 12544 12048 10513 13587 14612 19746 6949 9005 13616 8498 11063 2364 19785 5961 19282 14675 7529 16747 3447 18304 7553 3473 10642 17312 16800 13217 15783 10670 16304 1458 8627 8628 10169 2492 10685 18367 8148 16870 18418 9208 2555 19454
12291 5641 16400 528 15382 13336 2611 16446 4166 7763 6748 13409 6758 1128 1642 2157 1135 5751 19577 661 10907 15015 18604 11950 3761 2745 699 9917 3785 17611 13524 19160 18652 12514 9446 10475 19183 753 12024 17148 13061 10510 1295 1316 12074 817 1844 6454 4924 11081 844 18765 6989 9567 8545 1383 16239 6528 3977 19853 5522 10142 8095 12192 9643 2995 19896 16826 14789 5581 11727 997 17382 488 9197 1008 7153 3578 19964
516 8207 16919 19479 5659 17442 15401 7210 12346 16452 7748 19017 6222 4183 15971 14443 3185 11905 14471 8840 5767 10375 17547 2702 9371 6817 2736 19131 15569 6362 6877 8935 19176 10983 9970 2296 4350 17150 15104 2831 17682 17685 17186 5922 804 18220 818 11572 9018 19262 9534 17728 12621 15706 10074 2915 17256 9579 17265 14707 18294 1913 2433 10625 11138 6025 8604 19358 954 6078 19391 2502 9166 3564 14324 18934 17403 18428 3583
9728 10754 18437 6664 30 7202 8747 7737 6205 19008 7234 14921 10316 12372 10325 5736 16502 2679 8832 10885 17548 11926 12457 1198 19634 4794 14524 9921 1734 212 10978 1264 5368 18689 1296 8467 17686 18716 8476 4895 308 9525 14644 17206 1334 5428 1338 10055 18768 13648 12628 1878 9048 864 1380 18791 4455 5494 16762 9084 3452 9103 4507 6050 938 12729 955 14271 12226 18372 12746 977 2002 17372 3039 18922 1525 7160
9730 8707 19461 3093 8222 1566 10783 7713 16419 10281 14895 12341 17471 17992 11849 14421 2650 11354 9311 4204 7802 8828 4227 17557 19607 11425 16552 9397 4793 12993 215 4311 15071 10472 17133 9456 18161 9459 10995 1276 2316 10511 19744 8993 7461 12070 6951 10537 10035 13623 15674 2371 16715 2388 18778 2401 5995 378 18300 11648 5512 15758 18834 10648 1447 4007 14761 431 6576 18355 13747 4019 3000 12751 11734 12761 12270 7154
10759 531 14390 15420 18510 13907 595 4698 2652 3167 16995 17507 13930 2154 14957 624 7280 18044 10891 14992 14494 8866 9378 9892 9381 3774 10437 14038 8918 219 19168 18146 9960 11501 17135 1266 16633 11003 8960 14603 14615 10010 4392 11560 9003 14126 815 3375 8512 14668 3917 7508 17254 1901 9596 8590 5520 13204 11165 5031 11183 7601 11186 5565 6590 3010 16837 9164 3024 7122 9684 12250 11740 10724 12787 3068 17405 17407
13830 14349 2573 2594 18981 4657 18484 10807 12356 6228 3177 2670 18038 10889 10890 13963 9881 9372 14496 7849 1706 16044 15022 19641 10951 15566 5332 2777 2266 3801 10973 6894 5361 19186 7411 14581 19197 9475 9993 14608 17683 800 17189 7986 9011 6462 6472 8012 6991 16724 879 4475 14216 10641 1937 4000 17314 13222 14252 13748 10676 1972 12215 15291 444 13767 7114 12753 4563 12759 11737 4061 4573 15843 9193 1522 19955 16888
17925 9736 10761 9745 16914 16408 9757 17438 8758 14393 17982 9792 3652 1608 2635 7250 18008 3170 11370 4718 4223 7296 19587 16518 12939 18572 7307 6802 16026 9886 13470 3754 9908 14519 18106 14012 14525 4286 12488 12489 3799 5341 6367 9443 14583 6916 3878 17191 12587 5426 19765 15159 15682 19790 18265 355 16743 9074 7043 13711 3486 16293 12200 14261 10183 13768 11722 14796 17366 2530 13285 6117 9195 8171 5624 12795 18941 9726
16393 11789 17938 13332 3100 5665 12841 8238 17976 11839 13889 19032 18557 10365 17534 12928 127 12421 8325 13452 13965 14989 4759 12439 8869 9385 6313 8381 14526 14015 193 11976 1229 12498 2261 218 16604 16102 231 9974 8950 9465 3834 8963 3335 272 8981 16664 16157 3891 8502 17729 14670 3925 12119 9051 349 17759 12644 4457 1898 17261 393 14224 9620 17302 17815 15254 16803 11177 15790 3504 11185 6580 10678 4536 5057 3570
15882 15883 16 5648 12826 13354 9261 7219 11829 571 7750 8266 593 9299 1110 3160 9818 4709 11369 5738 18554 1149 6784 10383 13467 19612 19102 14516 2742 6843 8379 14528 13002 2763 8398 14543 8402 4818 5844 19683 12515 7922 8982 3352 6952 16683 6447 16702 6979 3400 9549 17232 5466 13664 18277 17776 16244 6011 15740 2427 7036 4489 12170 13719 16284 19384 15801 7612 3517 3523 13255 3029 7138 15845 17384 5097 19951
13314 14851 5122 2568 18441 11275 18966 6679 4121 5147 15387 18988 13872 4152 3646 5192 10831 1618 12395 19571 7300 140 16013 4237 146 13970 3732 5276 4253 9374 6307 5286 174 8370 3764 10430 16068 17092 12492 3791 6352 6356 3286 13031 11498 3309 6910 10495 3331 15620 17684 16660 4888 9515 4909 6968 835 3397 9548 15708 19804 2920 12144 11634 12687 1949 11198 18885 12232 457 6605 3538 4058 5595 6643 10232 17916
13312 7169 17417 3596 8720 19475 5655 1057 9762 3627 11838 13375 8774 12363 5195 9302 15969 14435 19559 12392 13935 6771 16519 14473 145 1177 6826 4267 11439 9905 8882 19153 18648 3292 15582 13025 18147 2790 7418 6935 3865 7457 14632 13097 11052 1326 8497 3901 6469 8018 6995 7519 1377 17253 5481 5485 18798 10609 18290 11646 14214 13194 6034 412 17309 12710 6569 16305 7604 19385 19397 19402 4042 9691 4579 1521 8693
9600 2946 3588 1030 18312 18698 3851 11405 1170 8984 13208 14746 5784 156 14489 4378 1308 16542 927 1184 19233 15516 4511 9759 11812 39 13863 2344 15273 8487 15788 16045 3121 11442 12084 11957 4406 7608 12988 17212 12862 2115 9853 10181 3786 15821 13137 8017 19155 13268 12371 5077 10457 10713 3291 8156 7008 11491 1508 19686 1255 19048 6631 490 7660 17134 13171 8948 10741 7671 5496 6393 11514 4989 12542 1663
9985 7042 19843 16644 9990 18823 11912 18185 11660 2318 5903 12176 7572 11669 3992 9243 10784 416 16294 11817 17705 16553 10027 300 19374 4523 5294 8241 18866 6067 6068 12599 7992 19515 17980 10427 15549 8767 18240 4796 9155 17988 198 9926 5449 13387 10572 12749 11214 6990 1744 5965 2898 4428 5839 14424 8922 2779 10332 862 12512 2405 18919 13799 14056 5224 9196 17263 6512 13425 15858 11377 9328 6133 4086 13311
11904 19584 8067 17668 10501 11652 15239 9608 6151 1420 7567 12561 9874 4628 16921 5373 9628 19998 18722 18338 3108 8355 13862 16680 17577 19241 10280 5420 12847 9394 19124 17204 15286 18617 10298 11706 1980 15548 10174 17210 6969 2370 7106 19908 3524 4036 19146 17099 8142 80 3408 2384 13778 11344 15063 10584 12121 15613 19931 2139 5083 19552 3936 10469 16615 17515 17388 7661 14571 8686 18802 1272 8445 10493 3966 10623
7552 641 1410 18053 389 7304 19849 18314 18697 7564 13962 13710 2569 19344 12041 16786 14869 2967 8983 16666 2970 12572 18205 17054 4125 10651 4770 14758 10153 18730 14892 17582 1968 18226 11826 10931 12344 10557 5181 8639 12864 19137 5826 18627 1474 6467 3137 4803 18504 2632 462 12367 16080 3153 6783 19157 10716 6622 10335 10336 10590 995 16739 4345 8172 8429 9071 10355 5696 10739 3318 16119 17529 2172 7549 4991
13440 1 14977 17793 19330 17537 1794 17153 9351 17033 5776 16788 14360 1051 10526 18336 3617 16036 293 18343 10664 14249 11690 7851 18222 18352 17202 1843 13107 1461 5044 4151 6071 12216 62 319 3904 10433 15422 709 18887 199 76 8908 6861 7759 11471 5457 13776 3667 9172 14678 14808 6875 5468 13534 17376 1632 11619 5861 2918 11625 2669 17006 8304 18929 16498 19316 13429 4340 11127 14582 6778 16251 10878
8452 19205 1157 645 7177 17034 15499 14348 9743 10895 9875 5651 5910 6039 13335 17945 19991 17817 6431 11042 12194 16165 18984 7597 19758 18351 2734 687 6446 14646 10424 14009 14911 16706 3401 6090 13388 5838 15054 15055 1872 11345 11857 6351 10964 17877 3412 17111 7768 9429 7764 14299 18011 8667 15710 14433 13666 16227 993 741 3175 18152 13034 15082 1773 17392 15473 12530 17011 4083 7920 4084 7034 14203 11004
19458 2819 4610 11654 16648 13960 1677 2191 18706 5911 3994 12197 16678 295 13096 2473 9126 8748 13998 8496 8113 12337 3120 8500 7217 8752 7161 5306 11579 316 8637 9918 1471 6973 14273 11969 16195 11843 13892 15301 5573 14152 9802 12747 13262 14288 18001 11088 14800 11347 854 13655 4567 11351 16603 8797 13918 2143 15840 16481 6751 8547 10974 3558 18663 19560 18024 9706 5742 11890 2419 12278 10872 7545 13178
1670 7943 3976 16395 16397 525 15503 19469 16018 3603 6293 9109 12693 9368 16793 2329 18202 4765 4134 8871 19244 12846 15791 8111 5042 12342 10620 3770 11197 16062 2496 14530 4167 19272 3143 2890 203 17996 17868 14925 6862 15439 7624 19539 9685 16470 10710 8409 15578 12763 4186 1117 4313 18271 13152 10976 10210 3303 4845 11886 5741 17520 11121 9586 19699 6259 18677 16373 15351 18040 3826 10619 19324 9215
9986 1795 17541 12933 14086 8971 18956 1676 7821 9999 12816 1807 2194 3859 6421 8342 1815 4247 19994 18459 10654 18335 17696 13472 3358 1953 5668 14113 2209 2718 4394 3117 12336 7985 6322 10417 10548 4916 19254 2870 19256 18873 12087 10686 575 10815 9543 14539 6476 10189 18260 4949 15061 13654 17528 254 734 990 11744 481 19939 6883 15461 10213 7405 10734 11887 1011 4215 12152 14201 3963 2556 12798
7681 5377 16893 3076 7814 13191 8969 3466 2444 16269 1426 13715 16920 9755 13723 6429 16027 18973 7200 18081 2042 2212 6821 15657 9130 688 11824 12977 819 5040 3507 5172 18613 9523 6711 7220 16825 3641 8890 13884 7996 14270 6842 13504 5312 10816 2109 8261 14023 7037 1870 9168 15315 1364 16087 6487 17499 7005 18399 1119 19042 6885 230 5863 19306 250 10478 2544 12789 7158 2293 10744 13562 14205
7808 11399 11272 9992 17295 19858 12562 13076 407 13692 6681 6041 1947 19356 10780 11041 5153 5923 14628 10276 19366 7719 7464 16169 13226 17834 5802 18087 6064 4786 15539 2610 14258 12727 2233 2875 13244 17725 1851 9406 17473 18242 19015 584 3527 14536 11082 972 8145 17874 723 6098 14165 17368 9050 6879 8159 18017 1763 4326 14953 2410 13673 876 13422 13551 6895 15986 4468 13173 14584 1274 12284 9597
19713 898 6787 18052 16645 4228 19977 15500 19726 10127 15761 13205 7578 7068 17951 18080 10488 19106 8098 5154 3363 17448 1576 17578 1451 10025 3112 5037 7594 8626 8117 16056 4409 11067 10428 2621 3133 6717 704 13123 19909 14406 6854 2373 14405 15049 13771 8773 9551 18641 2642 11985 14164 18261 18262 17495 12760 9947 92 3326 5216 10466 18658 7139 4600 10350 495 2799 19698 3828 9462 2167 16760 3070
13185 16777 10 16907 11149 14477 18319 655 19472 13969 14099 8470 16407 6297 3226 7196 7837 12063 12449 5541 10022 16039 17320 15526 4649 6062 9646 12851 3384 9912 10937 18747 9537 11458 14918 16584 16713 3658 10828 19021 10574 13775 6609 13650 18131 7801 1750 16342 2395 13405 16606 19553 12258 16483 13412 17637 15587 15204 19688 15337 3434 3179 12523 10856 13680 8946 631 15097 12414 14587 10364 19453 6142
12288 4096 17922 4482 14341 5254 13 18317 17679 527 14994 1299 11667 406 13850 14747 4124 14241 15521 4386 10916 10407 4395 1966 17455 19248 12465 1455 11188 13876 16566 15415 5178 2876 14017 3394 10563 17604 18884 4811 204 1615 17622 13910 471 6617 14554 3031 15709 10845 477 9312 13665 12640 97 18145 11621 11101 4196 2016 1510 2917 13796 14569 6250 18666 12139 4456 10227 19706 15611 7804 8061
2305 130 17162 19594 3598 7439 4881 16402 14995 10517 534 12951 18199 12823 16665 16281 10140 17565 3491 165 4518 19495 9256 3247 12975 14384 6193 14387 18229 19766 5303 4280 2874 9914 5308 15678 5698 2501 1094 17866 4043 11212 8780 7800 14929 1745 9811 6097 1621 10966 2645 8664 4566 3675 18524 861 19805 12891 6237 9698 10730 19947 9451 7788 9326 19440 1648 13810 4720 10999 17912 15996 4990
12800 6146 11011 4351 16136 19082 5134 13328 9361 16659 12563 19995 2587 8223 13601 7587 19619 17828 15523 4516 8231 7332 6058 15020 18605 2349 17967 1327 5676 7473 13491 16696 14013 4928 18371 17347 19141 14531 10312 19787 13131 2252 6475 19919 10448 14160 19922 16851 1107 4950 1879 18904 14040 9816 4825 5210 3293 16479 9058 16101 15720 10602 5739 11758 10224 19059 19315 19187 1653 13305 2045 5758 1791
14464 6657 5890 16899 1666 16005 9734 13827 13832 8320 8580 15243 6923 19597 3726 3599 6284 10635 7061 3094 7446 4120 6810 7451 14492 3998 9119 13602 3110 12967 7339 1454 8367 16432 14900 19253 4535 19387 9532 11068 2622 6332 18496 11968 12866 1223 17351 9674 12362 13392 3921 5075 13013 9689 12634 7002 10460 2782 12639 11105 9957 7910 12029 17646 6256 17396 15477 12280 4857 18811 380 637 1022
4864 3074 5892 6 13831 6535 9738 4493 18704 19601 18960 5395 789 17813 4502 17432 27 15388 3871 15778 17060 19621 14245 8490 15915 7978 15537 13746 11059 11315 9143 1464 11450 19003 8764 9531 7616 14786 12227 6468 1860 7752 18890 6859 4687 14672 9683 19156 7254 16982 15702 19677 1501 10077 19810 4194 17892 14823 745 4843 8812 9963 3566 6892 16241 9075 9716 8819 12919 14200 7930 6655
13189 10502 13319 10760 12808 137 2439 14988 6029 4750 9488 18322 9364 19094 14104 14233 12186 283 13724 1304 9376 15008 6048 3616 15012 13476 6181 4902 5884 18093 2350 2608 14901 7735 6584 12476 11965 9278 12223 2879 17474 7492 15302 17487 10067 18516 12885 4565 13144 19035 4315 11872 5985 18913 10081 5988 19043 12260 16996 15590 11879 10979 16745 18026 358 18668 8554 1263 4081 19058 18936 6652
14976 4352 6915 6662 6919 10380 10764 2317 15120 19220 13848 8216 3101 9373 10275 19749 37 9767 10152 9001 6445 16687 816 1199 9648 10423 12983 11832 11962 14908 188 11070 18882 3650 10690 6215 17736 19784 16074 16201 6987 16845 3661 6992 16722 10579 724 10326 4824 9432 14942 95 4190 17889 6244 12133 12262 10473 4074 12780 1005 2028 17139 756 9076 14710 4981 6387 3577 630 14461 16638
19457 1284 13575 3848 5129 18570 9611 4488 5389 1166 9231 7187 14228 533 19350 9877 17048 12309 9495 3993 7059 12061 12830 12706 16547 937 18089 6186 11948 1578 17454 16938 10029 5682 17331 5300 7861 13621 18361 1466 8250 15423 4673 1218 8257 17861 4294 12103 11205 11210 12365 8397 14803 15062 9305 1121 10337 9954 3809 11875 16486 18790 2024 7657 5352 6379 1900 3184 18420 19574 17017 15230
11521 14210 12419 6529 13317 5126 18951 7436 12822 9239 15896 17561 6554 12310 152 3997 11038 5921 5666 1572 4004 11814 16172 12972 15534 11184 6194 2227 5940 7862 14520 1592 1981 7614 1983 2240 2494 17218 16319 5700 6595 12742 5960 15050 19530 6988 717 590 4944 8277 5590 3579 15195 9435 16998 10087 18409 19308 7532 9324 17136 241 18034 19826 2676 2549 2931 4722 8690 8571 15100 12543
19969 8065 11908 6661 14854 10887 1928 12677 3083 7948 19598 15507 16916 12312 14745 2330 18329 16412 5272 10782 18424 163 1829 2086 4905 2478 13489 563 13750 9016 16698 12090 700 19390 192 3649 12743 587 2124 12110 6606 4175 5713 7504 15955 15316 1235 9556 8055 17752 3673 15834 987 7256 9179 2654 351 2783 3818 3436 237 10477 3693 16753 15346 18803 16117 3445 19319 18168 13945 8318
6272 6016 8195 12676 4998 10632 8585 6793 1551 2448 5137 16022 922 5149 15264 14626 803 8996 4260 5794 12071 9639 11305 299 557 14766 564 9654 11703 11834 9662 191 959 9535 6463 4671 7358 5316 1221 5189 12871 8134 16330 10702 10960 4050 5845 9175 18264 8921 16088 16729 10840 17884 7645 9950 18911 18655 14048 14812 6621 6749 16226 7145 19049 7658 9711 16369 15735 10490 14973 11391
17664 7936 10241 5379 19463 9737 7947 1293 13582 6548 10519 7193 541 8606 2466 9638 4391 9641 13996 6956 10156 6704 11511 19892 12085 4660 18871 17720 2359 1978 10171 2873 16189 18878 9659 2880 12224 11840 2243 6459 13637 5574 6087 9414 10953 6600 18379 15948 14669 11852 79 17361 7127 9304 4055 1756 14814 15198 18016 18527 8160 17124 14310 13544 15850 12138 11502 19954 7030 4343 1786
16769 18306 3203 2564 1796 15749 4733 14088 18057 1162 4105 7049 18062 11918 5777 17049 6937 14235 925 14110 5279 19872 35 17444 16551 1320 16041 6059 16563 19511 19768 9657 7866 15929 60 19389 10681 6456 11973 5957 19400 5705 3656 10697 3789 3959 18129 11988 16597 12375 15065 19034 6235 17886 1758 11360 7909 17002 17772 17260 12654 112 12401 2928 3191 3450 18171 12924 11261 17662 6399
18178 12812 16781 4110 1168 657 13456 9340 1940 2836 13846 13564 19868 6045 19230 9375 18720 2593 13090 10908 36 2852 9255 7720 10108 298 17579 15274 13613 10669 11823 14640 5938 820 14903 7738 14141 4801 8129 6851 8644 18757 8265 13898 11341 17360 10456 8285 4577 18914 15719 11881 17258 12265 15340 17901 9708 19695 6761 8189 9971 9843 629 6774 1783 13302 13433 5877 13820 17917 1790
13059 2051 2947 11398 16264 13321 14346 12171 2059 5897 5646 4498 3475 18196 150 7321 14362 2331 3615 10912 8608 3234 19363 2851 12450 7075 17066 3883 17068 1325 5164 5036 19889 9399 3644 16701 2110 19647 320 11713 6525 19011 14915 3140 16070 17863 5832 11977 8771 9030 12358 15441 466 5720 7384 863 7778 7783 13800 19433 13801 4329 12396 10091 19055 8559 5745 4470 7420 11005 19327
3969 15236 14597 16902 17927 5769 8074 19218 8979 4500 9493 7320 2845 12831 19875 15395 6308 935 15402 4010 13229 11822 18864 18865 15284 19252 3902 15038 832 7360 9922 9920 9028 839 16716 9933 18893 11726 5968 14798 18512 15825 10833 339 13652 341 5462 10711 4051 16850 8791 2130 6878 735 225 3042 12643 4833 18661 7906 13418 3562 18541 3565 2516 15347 13301 9335 120 13818 18556
896 17282 7298 16004 13705 11017 3595 19596 11788 11155 6291 5013 8600 12443 8348 12573 16418 12834 18084 10404 7462 5798 19243 13227 2605 16046 17326 9263 177 1075 5939 6460 3645 12479 9407 3777 16835 4552 13000 7370 9161 3916 5198 17103 2001 18515 15060 10837 4439 2649 13146 17371 14169 17250 14947 14051 3939 11238 13414 6756 236 17645 3308 10992 19441 2418 3699 8433 14843 11516 10749
19072 11394 1029 15366 9479 3591 10374 8331 2445 14223 9616 5398 11929 8220 6300 18846 17567 8992 3104 17702 12839 10665 7980 2607 14769 179 6838 4791 17209 5434 10426 14397 13246 12734 6848 7617 14402 2114 8775 9425 17106 4819 17620 2900 10066 17751 18520 15193 6359 18908 11229 11997 9692 10079 12769 2268 12259 3425 17765 9183 2794 8173 3311 17521 18546 13043 10359 10745 13691 3836 13439
9346 12547 17543 15111 15113 13193 8199 7816 907 11150 10000 1682 10899 3218 8084 17558 7444 536 13594 3483 5530 6174 12575 2082 3364 3237 10661 10535 2216 5800 3623 1452 2351 9008 1841 2224 16182 3126 18362 5692 1854 7615 15936 6206 5954 5571 4806 3910 13127 14537 18378 4424 17479 8014 3415 9560 3929 474 9187 3816 14187 17390 17010 2162 6901 18678 12279 10614 18682 17532 5374
16514 7684 9349 11400 9610 2315 908 7949 8466 3219 13590 19615 8479 13607 16296 14379 12208 1457 5425 16562 14515 9778 54 18746 9148 12093 18880 11328 3528 11853 13390 5712 18513 2512 13267 11476 13908 3030 13271 13527 6361 2138 12243 12767 16736 15328 16738 11363 12388 13410 18406 2913 10596 4073 8426 15467 12256 18799 10735 3056 506 755 16756 16758 7543 17784 18938 508 17789 3967
4353 10499 8964 16261 19590 16774 3336 2440 16650 3720 12427 9221 9747 14740 1173 16153 154 8987 12828 10013 19999 18468 17445 9000 9513 18219 19628 2092 11567 1072 17712 14386 6065 10165 6966 15670 2999 5048 13628 6077 17342 1856 4545 67 16964 19654 2508 15694 5070 7376 16337 12625 14292 15326 8158 7774 5094 14183 17130 5101 11757 15599 6127 16881 15219 628 7672 2937 19579 1277
13187 517 262 10503 647 8966 17546 11531 7180 12429 6801 9746 4371 18580 17173 11158 12820 8472 532 12568 1812 5012 6299 5148 2332 15646 5407 12832 1313 7453 13219 4388 1189 8227 8745 1195 1839 12592 15026 3383 18457 16193 9539 16588 10829 9038 17745 18514 15831 2263 1113 2009 7387 14684 7512 865 17378 1633 3553 7785 5997 4205 2159 5743 8045 14837 1397 9719 10233 1147
17281 19714 18690 15748 513 4098 13697 1927 12296 12681 1163 13966 17424 8850 3862 2328 2714 2971 15262 12959 5278 17315 1827 169 4396 19757 14510 12460 4912 2609 16303 11443 6834 4150 8889 11069 17854 16703 830 12735 8386 579 5448 1356 18640 6867 19671 4185 16988 9948 6108 3807 5089 12387 7140 1253 8933 18920 4330 5357 17008 4464 6000 19443 7540 10487 8056 5754 3835 1789
18945 2692 646 11145 7694 3215 6163 5141 16406 11030 14361 11676 1693 7327 15777 18979 1958 9511 425 10793 2348 18098 10418 8886 5945 17726 6212 15558 3015 19912 6216 17738 12235 9031 16973 16975 17359 18384 9938 13266 3028 10839 1624 8537 1751 7769 6489 222 1630 6882 12771 7423 13286 10214 7656 18537 16235 13803 13805 9710 11761 498 10354 2165 7670 19703 3195 18429 17279
5888 8833 7937 391 2824 10377 12 18579 11411 4245 10904 16536 17306 19484 16668 11292 16672 2210 16423 1407 3881 426 5290 7853 10671 11825 18996 5813 14004 5557 5691 12861 12352 19395 17221 19014 2758 713 1353 5708 17229 12493 13008 16849 7633 12627 5459 5969 15192 15961 9319 10857 17514 11755 619 18410 2282 17774 13807 10092 16622 4844 11763 3827 1271 763 4348 12030 16511
1031 16009 8201 11915 16146 5906 18454 16535 18587 15644 9630 9631 31 6814 4255 6564 1957 19238 2341 13608 12072 7215 3760 3122 1459 6069 7228 17213 18110 3518 13373 7362 4420 11717 10438 18509 15951 19280 848 19023 12240 17236 10708 17231 3796 13911 11353 16346 18395 12635 5716 8541 8440 13921 19812 14565 9962 16875 15854 12018 4725 375 760 17146 10747 9852 3325 5630 19967
19841 12162 13058 9473 10245 18950 15494 19208 2953 15370 2187 15238 15756 6158 14470 2833 19860 9365 11285 19735 8599 9112 4634 6812 16925 6687 13344 18082 6178 14756 4133 934 8489 11307 5291 7854 15793 10162 7092 13111 16058 8122 16447 4160 10817 18243 12484 15045 13254 8010 3663 14042 5086 13415 8167 4842 3052 18029 13549 18672 9072 9457 16116 17014 10615 3960 10361 7675 9599
128 13824 11906 6147 9220 15881 17929 19856 16017 12819 10266 7328 12576 18850 12321 6692 4773 19498 16170 1708 7214 8883 14388 16949 14260 5433 6204 16830 2111 12354 17603 2628 11589 18758 3911 18633 19788 716 463 15057 15103 469 853 6613 14937 18266 1881 6233 6873 10078 5599 13922 4599 3560 16744 10601 13164 8942 752 11504 6258 17268 19317 12917 119 376 14716 1535
18688 8192 6275 14084 9860 5255 13833 6922 8202 5261 8080 10392 15513 9113 12189 2206 14238 2597 4775 4522 6700 2476 13485 4656 13873 6195 8629 15798 13367 2486 3128 10810 18877 4799 447 19522 13891 4804 5955 15814 5191 17865 18505 15305 12622 14030 19536 4945 851 4307 6229 14551 17496 10843 9182 9057 1890 3554 5476 15336 1899 8558 13937 9842 12405 2422 11513 18301
7554 12674 7556 10631 4873 18827 18828 14476 14199 15504 12178 7315 2072 4633 9242 10139 13604 1317 8741 9252 17065 15223 16176 7732 17975 14391 5559 9783 15675 11322 7356 8632 6719 19009 13893 8647 19016 17224 11079 11464 2892 6604 19662 10961 979 2389 1496 2014 5855 7520 16482 10467 18276 11747 16614 5479 8038 9081 18285 494 17264 19057 4848 1779 2295 4088 19705 18943
19586 9603 2436 18181 16006 2961 17939 13973 17814 7831 3229 4510 3232 18593 16675 548 4005 9766 9635 19496 1193 13994 16557 13102 12589 19888 8879 5049 11066 16700 19261 10814 7743 2365 9795 5828 16456 15562 10447 19026 16082 11860 15317 9942 599 2515 5717 11482 10202 19036 8666 6614 2144 2529 16610 5091 3556 7394 11751 875 8556 13933 9837 9460 15990 3831 12922 18810
3456 13316 5893 7562 10251 269 5135 11151 1425 14613 2965 9749 8728 6295 18842 8602 14364 6561 14370 17571 2723 12327 15272 10538 7723 10539 18477 10926 3757 12081 1330 7859 2226 2612 4020 5427 14008 17721 14521 13371 4539 2617 7097 19777 6465 2122 3148 9036 14286 8656 1368 6619 15327 4575 17635 7144 13929 6634 11628 18413 4079 6639 13554 11253 16630 2038 121 10494
10755 5507 5381 1292 19342 4240 10386 7702 10263 1307 18076 1053 17535 14112 4256 12322 14373 6311 13997 16816 1712 11828 821 18614 6967 14522 7739 18363 14781 4414 5050 3520 5055 7100 7361 3269 327 16072 9415 9931 17612 588 14157 3534 11388 16602 12507 13795 17508 18917 14948 10468 2278 10860 19949 9582 7792 4465 18293 7414 13943 8437 14714 5755 5500 11517 8062 8446
9344 10496 17538 16386 3970 17415 6924 12173 5517 656 403 18324 4886 10774 6425 1562 8860 15260 5534 6301 4896 10788 10151 8618 15787 1068 19629 813 14127 2988 14129 2865 11827 1716 12597 6321 8240 15806 4033 10308 18373 10054 16455 19403 13516 13901 2257 13142 6620 605 9569 2017 4961 17380 19429 12774 14563 18664 8620 7149 14062 5617 1265 15863 8442 19963 16765 11518
1153 17154 1923 12036 17797 9865 10762 13197 3855 2575 13329 2704 5144 19097 10105 5021 18077 1950 15393 13858 2977 17663 11433 5421 432 2993 9395 5683 693 12214 18103 10421 9276 9533 10559 18624 454 8902 11386 969 10703 978 13395 11134 9431 8152 3287 15322 2522 12281 18270 14174 17120 13793 17891 8808 11496 3692 18157 3310 1519 4077 3448 17657 5242 7931 19198 17147
14978 11013 19077 17805 8463 18576 18198 19740 16924 3870 6685 19616 8612 38 8999 6440 18217 11182 2866 11444 3765 5560 17466 14590 16577 15809 16451 11459 6082 3142 17223 8259 7369 11260 2641 16338 5587 12025 10582 11865 19291 1246 16862 1379 4836 16357 1254 17636 8555 12267 16877 6637 7279 6767 14833 16882 2801 12916 12147 12158 16503 3057 2425 12026 19068 4734 6271
386 4485 17542 6791 1289 19338 2443 4235 3341 10766 12437 18328 8859 926 802 11043 1698 10789 15910 12068 16168 3113 10282 11429 18862 5295 10161 16570 19259 698 11195 4932 968 6603 14285 1741 15229 6737 4434 2258 19798 344 5849 4570 3034 5213 3806 7006 9824 10849 5729 16613 4197 18151 104 16361 14442 11367 3315 6389 12533 16887 18680 12537 14842 6908 5629
14080 1026 4867 6150 12680 18058 14986 5752 18447 2832 16403 9236 149 7190 19095 5913 13465 8730 14625 419 18339 1701 13737 1835 16556 2604 16433 3762 9267 16435 12850 1462 2744 14264 9275 12092 4029 5693 11841 4291 14660 12357 70 455 5197 13007 19664 5200 19027 17493 11222 1112 2011 11232 18405 13157 6119 616 17400 3825 11381 19446 18295 11000 14202 1278 9727
2691 17030 5383 19464 16776 7046 19467 17164 15373 4109 4621 15376 2577 3728 4877 10132 3221 8089 15514 11294 7967 17825 17826 4387 12835 3489 6056 6958 19887 9006 1585 1202 17839 3636 5497 5302 189 4797 15166 18368 11712 12611 6981 11462 11211 12748 1486 9940 2260 18776 10586 9563 13020 8670 18656 13411 15844 18662 9577 12011 18671 17519 3060 13431 16889 17018 15485
17794 4742 8967 9998 4111 15379 18582 11543 10264 2198 5786 9883 12957 4512 11684 294 936 18987 16811 15532 15023 18609 9010 17589 8120 19004 10429 9277 5823 834 10307 8006 4810 4682 19915 16203 14541 13518 11725 14799 1230 19410 1359 5204 18392 16728 6360 4571 5981 11364 5348 14054 7143 1384 8569 10476 16750 17904 17778 19572 4597 13047 18937 1405 6014 8703
2688 768 6913 5894 6795 12172 18702 3216 7312 17170 6546 8468 14997 10262 14616 1311 9760 9505 4129 7973 8357 14631 2727 3624 12206 50 19380 18228 3637 15158 12089 1468 4668 14656 6594 4169 2379 3915 11982 18642 5971 11348 10194 6871 18136 8792 860 14430 12895 17760 18273 99 5734 6633 19050 8169 18031 4729 12658 19702 17270 1016 18041 17531 18558 19455
16768 4866 12292 2567 17672 17673 2055 5259 6282 19470 13563 16912 10003 16276 9492 6036 15127 7445 18585 19353 3611 798 19743 14499 3109 7205 6696 1321 7976 4140 11821 4920 5818 17853 4543 17088 16448 4288 10180 1605 8389 8262 328 19019 16844 332 13391 8912 3543 16858 347 12508 16734 3424 10981 15465 15851 9835 6507 19185 13553 13300 15221 7673 4731 8956
1411 17284 17669 2182 12935 18440 16520 14858 1034 8843 1421 1294 9097 4499 5271 12824 17692 13596 14623 2424 15655 18856 19369 11688 2987 8493 5806 17841 13366 8887 7095 5052 5054 18495 10047 6338 4551 75 19148 10061 17998 9988 17873 11089 4306 14293 10198 17115 4699 14429 6626 483 10725 1766 7659 748 2923 6638 6769 10100 1911 4216 9211 8444 2813 2046
9091 5251 14342 8839 12936 16778 9098 5260 14093 13326 18320 6162 17427 4114 9235 5014 5138 6428 13855 18848 16929 11296 19235 18980 16422 18985 15018 6443 12332 11437 11568 10930 13362 3387 7229 1472 17345 19010 14657 9797 17350 12744 11209 19659 12876 13389 16591 4178 17108 14552 9434 15963 607 17248 13536 19299 7011 14693 3301 3174 10726 5353 6890 12276 16121 11002
13441 18305 6018 7044 17157 7558 14727 7171 16522 6540 12558 15759 18832 6929 12050 3858 7826 12694 662 14491 12060 11164 19870 15902 14880 5280 2220 7340 561 2994 12213 11062 15671 9400 3008 9280 13636 8518 9673 202 6347 19663 16211 9812 15959 4312 10841 8025 8925 15581 16478 3935 17503 13670 9062 2538 2283 5867 10863 18800 2034 11510 19831 13814 4986 17020
10627 131 4230 15110 12553 18316 10637 16783 17044 3476 12315 8091 19487 15647 9503 5410 17955 16679 6823 18473 2474 8872 9129 15533 2044 9775 16047 5552 1204 5047 6712 185 8504 16955 15293 2430 12483 6723 16198 6856 12233 5706 9288 19150 18639 19024 9808 9935 8915 4430 18390 3672 3930 10331 7003 8802 17898 1771 10604 12141 11250 9464 1402 4603 17276 18686
19456 17152 16896 6531 11268 15240 17422 2192 10769 3346 6294 7450 19226 1055 7712 551 168 3370 429 14382 4654 10797 2992 6324 4277 18488 18360 2362 9146 9913 13118 14014 7488 10945 961 6980 6341 15174 16839 14149 14926 9039 19281 14418 17235 10836 17494 18775 18647 12247 8410 12374 18525 11745 9189 9448 9961 5610 2413 17902 16878 15728 6640 8822 7548 2814
8710 3209 11659 14860 6414 12947 8986 17818 1180 7323 18588 9885 10400 9887 9506 1315 9380 1445 3238 12199 7459 8739 16298 6955 44 8874 8110 1200 10290 948 12340 1846 16311 4282 17723 18623 12481 15810 17859 7364 14275 1224 18249 2506 15693 13525 4822 4442 13658 3420 15453 19166 9436 8800 11489 12768 7014 15208 8042 15084 12269 8430 4211 2803 8441
12930 5635 3204 7429 14982 19591 19976 268 18833 12434 9752 11160 4377 9115 286 8735 16288 19105 8736 10023 3496 13225 10409 8235 8492 9897 19376 6960 10422 7222 824 15930 2749 19392 10432 5315 8900 19525 10309 8260 15690 4172 15183 1104 4304 19154 10064 4815 7895 8539 16349 11873 2402 7526 12410 11754 3563 7791 18417 12657 9201 15732 7793 2936 1914
16128 1921 4354 12163 12160 3205 15754 1930 15114 10252 17290 3338 5133 12817 9230 3091 5625 277 5527 15384 7832 18715 10652 18464 2465 6946 7203 9507 4643 14502 7084 48 6833 2099 13364 953 16697 12475 6458 15933 16967 15176 2247 9799 14664 5966 2127 8401 4689 10322 11609 13788 16222 5472 7521 19687 13671 2919 363 17771 7020 5880 2041 2687
2306 19971 8708 16259 1675 12300 9105 13331 5908 12696 3737 13851 7579 4636 7709 7843 5030 12840 12585 1577 11309 3119 5045 12854 13626 3771 3643 8762 4800 11970 3778 13258 1994 12107 8395 12496 14289 12626 9682 18774 470 11990 14809 3418 8923 11390 13278 3171 12772 15974 11750 12648 3431 3435 7789 12015 19697 15985 882 12404 4087 6138 16381 16254
9219 14212 8837 520 14472 6410 16656 18577 15634 11152 3092 19606 4248 16416 14754 19879 6953 16554 9260 2093 7598 19119 13869 10673 4146 6831 16694 19127 8121 7865 14395 11324 13631 449 15426 8391 18763 1360 1362 19835 14420 2004 14295 13529 9561 13659 12253 2785 3302 16871 19820 14829 13550 12268 7409 14834 8307 8438 8183 3832 9850 16379 4093 16383
17921 6273 12550 4871 6279 14217 9355 1036 18446 12559 3214 7314 11157 2326 14232 2586 3485 9246 13856 16034 1702 17837 12591 16561 3381 9658 446 9409 1347 5445 10440 17737 6218 12491 2251 3788 16334 5583 4046 9681 16212 8404 2518 14039 19929 18393 731 17116 4316 12766 14938 5340 226 484 15972 8036 1767 9192 234 7410 6131 3442 9847 17021
15876 902 14478 17299 11925 13720 18073 11290 14873 15770 13339 11036 13726 15136 19490 19107 17188 17061 11172 19239 1960 8233 2603 8501 4662 19512 5944 10299 19396 8004 19270 18245 6724 14280 15819 15436 1740 7371 4180 16981 5208 601 18521 7646 9823 10720 11359 6371 15076 11877 18282 5483 10731 14700 14705 3569 18547 17908 17909 8178 1143 249 6780 8575
7041 11010 18307 12165 13574 18952 2825 14987 17037 16398 9870 2321 1938 10004 15381 11159 12697 14074 8347 14621 9629 13216 6179 1063 11818 1965 16564 15797 3895 18491 13883 5563 13514 11850 12108 14029 13005 10188 7632 18897 11466 7758 7245 8924 14686 17504 11620 2021 17641 10858 12652 6382 17391 18415 2672 4078 2933 8826 5365 11641 1146 2300 765
12289 15875 19973 12037 16135 11530 19979 18444 13068 13450 19471 653 529 6154 13717 9370 15259 6430 15906 7588 15911 17707 13995 811 46 1710 6832 7603 6452 6582 12728 14776 7482 5179 16188 6329 9924 5958 15946 7755 1490 19801 5339 4444 16477 5085 4447 7899 17634 10083 18020 3428 3300 16999 5100 17393 12406 11383 632 16249 18170 10877 15358
17540 19972 15369 4233 18571 19341 6670 19857 19092 5396 2197 6296 4890 17435 11421 19486 17950 290 19237 13861 11434 3628 5680 314 3005 12480 14785 4164 1862 13897 16202 9675 16586 16972 12619 8907 5326 17233 4048 7888 2131 14036 2773 10070 2134 19288 3542 6102 7128 15583 12513 8291 15462 2664 17259 19436 7787 1390 10352 3312 2547 19701 6777
12545 4741 3462 6665 8075 16145 15378 4627 15125 16277 2455 6424 17305 2462 5791 19489 18466 10147 675 17573 15141 14118 7590 5289 9134 19503 3759 4144 18738 9398 6326 570 2620 6588 16191 17985 10177 16069 16838 11896 18894 19791 1874 9046 17370 16220 4572 17758 19937 737 9571 4068 8292 9830 16880 10866 8051 13941 7799 6264 19962 13438 4095
18049 13702 4487 3464 2314 396 6541 11406 3342 12431 10135 5145 10397 7586 14119 18216 16424 18858 12586 11431 19116 684 16814 7592 12721 4017 5169 7347 9781 18998 3003 7742 1727 15935 3651 8519 15178 6735 19920 16721 6999 19928 12633 2010 11356 9309 13022 16094 3423 18529 17890 3942 7015 18794 16108 5358 4335 4080 14576 6134 9078 16124 12925
6656 16766 1286 16903 14857 395 526 2576 3089 10514 4883 2581 5403 797 2079 3105 674 16291 12324 7845 3497 3626 19120 3506 16436 16445 12350 4290 19139 3779 14021 7108 4809 9546 13009 3541 16855 12765 10334 18783 4829 11743 13281 9053 9825 6752 10854 10727 15078 4327 9834 5864 9452 623 7407 12274 1908 7284 5239 7162 14972 16253 14974
12931 5764 6920 14475 7950 2193 278 12185 6682 14106 11162 10141 13982 16543 5408 14367 10658 18723 5795 12964 18854 1440 8613 8873 13352 6188 14125 4399 17330 15667 7475 1590 9405 15165 14529 7489 15555 7109 6471 2634 19147 10444 11083 18254 2766 5455 8783 18643 84 1629 18019 10212 6373 14055 5609 19821 8687 7539 12661 5237 504 16634 123
11009 13958 19847 1671 11274 16140 17934 2830 14225 18450 7185 17171 9491 5016 8989 18206 9508 15912 1192 10411 3884 2477 8366 1071 17585 178 6449 4534 311 13622 2363 7611 7099 12098 13763 14151 9929 6221 2382 13647 10832 1106 15704 4441 13530 1627 9306 16608 17633 7522 611 19940 18021 17257 15978 2542 2032 9968 4594 13040 4472 11387 5887
14208 2307 11523 11269 1159 15880 7432 8332 5772 11276 19855 5775 16657 913 4753 8727 153 16410 2074 14753 7842 11170 7333 4774 11302 7463 16937 7850 7852 16813 18606 16302 9133 19506 16050 5941 14906 4026 8765 13382 7239 15944 11593 330 16460 10062 2126 7120 14296 2525 19298 5218 16869 17640 19434 11883 19953 6515 12660 4727 13816 18299 10367
19970 9090 12934 15495 17930 9229 7053 5647 10256 2447 8976 10770 12564 11026 13975 8601 8474 9502 13727 18719 8226 1707 6649 8878 14511 6577 12082 4914 18744 10297 11710 19195 19776 2112 1091 13507 2118 15175 19657 18636 16589 16718 7760 17362 6741 18518 3926 4320 10723 16616 8937 9194 11500 14446 3697 18164 1526 9975 1912 7289 8314 9339 10109
512 385 12034 14467 16011 10765 6798 3471 9359 16401 14485 1692 12704 4003 5412 8358 2345 15914 11691 7465 1662 10801 17590 5558 440 5561 15290 14651 2490 12221 2372 5956 4038 9413 4429 6478 13777 15058 468 11861 10714 3163 4445 15838 5215 15073 19428 1126 12391 7016 5225 3817 4855 10220 4463 497 625 7665 8436 17398 18423 12926 3071
14081 17411 18948 14211 14085 10886 10371 9989 14347 9742 4752 8209 5140 9754 9627 17055 11809 5026 6435 18212 13477 676 12708 11298 11312 10416 6579 17332 5180 12991 13376 5440 2368 15169 12737 840 3145 17355 15739 4820 3924 17110 14422 11484 12125 19551 13663 6881 2279 11752 5482 4715 19182 11759 12400 16115 8691 18165 13684 10356 15608 17019 9342
10112 5120 3460 4997 17414 3719 11144 10244 12299 11279 7440 12946 19987 2195 4115 4116 5785 8988 7581 3367 2984 13484 18349 17201 11700 5686 7993 18490 7999 1473 13381 15303 2377 16843 18251 5709 8141 12754 211 7507 13780 15701 17367 217 1114 4697 15584 994 19555 3938 12898 9704 4200 12266 6632 10732 16620 15342 18548 16629 10484 13175 7421
16641 6786 19716 3717 390 6149 16138 9102 16527 15248 10638 9467 2451 11028 7316 10646 17431 13083 3356 1436 2078 7198 4385 1058 421 11173 7975 428 5423 4400 2097 691 4661 13369 7875 6982 18761 16459 7117 13774 15827 1747 2387 4310 2908 2269 16863 19427 19046 19431 19816 15592 13290 4841 5865 19184 7536 11378 12402 10998 11515 18940 19837
6144 12420 4875 2571 2060 16526 1424 1297 18325 1813 3991 19867 9117 11424 5538 11300 5029 19236 2471 16808 2601 10794 5675 6441 14509 16429 19882 306 15030 8631 3768 18619 5437 13374 9665 15043 17732 13896 6986 18764 17357 1869 12882 8788 5719 6107 6492 9184 12642 13026 16100 3812 5606 8679 1641 14441 8175 6513 17522 13176 10362 1916 3197
4745 1802 13835 16779 17932 3989 15766 6042 13600 6688 9636 15142 15531 18480 18225 15155 3124 17463 1848 4023 1210 6971 3260 16317 8638 12865 14787 9284 19653 965 5831 10567 3268 1865 10696 4935 11980 2893 19918 17742 13133 11085 10192 17363 19924 3157 16723 6750 13790 12663 8804 1765 6502 16103 1385 4973 16365 17780 19959 12664 17402 6653 18687
2179 17545 12042 5130 17291 10509 13455 4624 4751 8592 1811 11288 13082 4379 12058 15522 12709 3622 10024 17069 5677 16943 13875 17972 3129 442 3131 3134 2239 19649 9153 6853 5063 11335 13130 9420 6608 15954 14932 14804 8026 15067 18781 6115 8678 2534 17001 2409 1772 17004 17516 8560 8305 10994 18163 15220 373 13555 12151 6776 6265 7035 8188
10626 19715 8197 15750 14983 16137 10250 1169 10905 9626 16795 7452 1181 12062 19617 17057 11553 19748 8868 2849 6053 13992 5416 7724 15660 16684 10547 5429 10170 13627 17852 13245 16187 9404 16704 10305 10941 8388 201 15309 974 14671 5584 2769 4432 6349 6095 1237 7506 6745 11615 3172 10215 12776 15210 10481 14067 14966 18935 10230 13435 18303
13184 10881 16002 16130 1668 13573 6788 17671 8961 18569 14218 9487 4885 16278 5658 2973 9247 6304 417 5796 11941 2091 17965 12461 15919 560 18481 12723 1589 13879 9655 12604 574 7231 4031 3136 10184 1354 19661 1358 9421 17744 11981 13520 85 17238 18912 15329 8930 16997 16230 15593 12905 16364 10353 370 14838 7031 12792 5881 15355 15357
4480 4737 6537 15371 1685 8088 9240 12698 17180 6557 3362 14330 2342 6824 5930 11051 10410 4653 17327 9519 14001 1074 18867 8881 19637 3631 17847 3896 5173 17338 12731 19130 701 13629 15807 12220 11585 4161 5699 5188 5942 8399 14544 19540 12246 18263 4057 16986 96 10464 6880 12647 12137 3691 1517 15984 19313 11891 19450 6523 3453 13695
19328 15491 3463 5640 18442 10634 270 17296 13584 14226 19732 3861 19993 16538 12059 12444 7710 2595 7460 10021 15014 176 19251 19636 8885 3892 13494 14648 7609 1337 19643 1593 2107 5562 8760 2882 16963 10818 16453 1225 6733 16852 11093 5078 3931 17756 7903 16480 5222 617 3946 7019 18028 2924 19567 6642 12659 14962 12920 18043 4605 4607
4225 11012 5511 16905 14602 12298 4238 15121 7569 6675 17428 1560 7449 4761 17434 2974 4128 9761 7970 14372 5927 14505 13993 5166 5041 18741 17462 9911 1723 8123 9660 11196 10304 1601 17094 17993 3704 17743 16079 6738 15059 340 8275 19158 9427 7892 11483 6109 5471 13928 14057 2921 18928 19825 19189 11638 19576 16378 9595 11644 13949 1279
5249 1925 16647 19337 8846 14095 7954 19223 18455 19225 19865 11675 9891 7715 18853 9257 18602 14250 13483 18347 3888 12978 12726 7479 4923 6972 1469 10684 703 12736 5060 17349 9541 7623 15304 10185 12873 12874 17228 10056 16207 6736 5329 8786 6099 8661 7293 7773 2142 6623 11869 12646 17385 3433 12655 14449 14835 15988 8566 3833 6141 18430
10880 18561 15106 8579 1409 7430 13836 13453 9868 1681 10257 5268 13849 17690 669 8221 9889 18978 13603 2468 16549 4258 18215 11046 3241 16043 14508 1197 11694 8369 434 2482 2996 11190 16574 8383 9158 17608 17610 971 7887 16592 17623 2776 11993 13532 8799 9695 13919 1378 14691 19044 17893 3176 19177 15468 6380 15216 8050 11122 7927 18427
3971 15621 12805 19717 775 2311 17418 8329 7437 16399 3600 5521 9363 17556 11541 18326 1817 12314 14874 7456 1443 11428 8364 6190 56 4408 9529 16441 18234 3898 19517 2493 14527 18625 6722 6340 13765 16582 10311 8778 14847 17617 18130 10069 12503 8794 7772 4318 8294 871 13672 19945 6889 17003 5871 15856 7807 6007 19960 11898 17791
15617 17288 2701 8206 13202 11546 15900 11678 415 16928 2848 8481 15779 12579 13605 549 15143 9254 6312 4782 2991 15024 9982 18610 15156 16820 3893 16823 312 17593 13495 5175 13758 15938 194 5187 71 7879 8263 15435 3920 11477 15190 11228 1885 2653 7262 12770 12775 15977 10729 17387 1388 2155 13038 16879 14703 16755 9205 3066 13822
16256 1793 3329 17667 17412 18311 2057 16523 19724 6283 4492 15510 539 15771 11677 5535 8614 13866 16555 7083 19249 16177 1715 1970 18997 11057 4919 18616 2234 18235 10554 17085 16958 13116 578 707 19524 13380 12486 16585 2250 17739 6731 18383 5072 11862 4184 12122 11647 13163 5616 1650 16501 19318 16374 1270 18425 7163 5240 2301 255
8704 19202 4739 1154 4486 10126 12177 2449 8340 538 5660 6044 16286 13086 11554 17829 6439 16299 16940 2807 8622 5551 5296 3632 12722 13488 6066 3002 3772 17214 18370 3395 15812 19144 5199 8015 2897 10450 7126 13784 16218 7132 5724 3683 11753 618 7146 5102 3055 15214 12285 18931 6516 8053 17271 9594 16763 6012 12797 14334 11007
3075 11781 8968 4106 10768 10898 15762 18068 2066 18971 1435 10525 18590 15903 12319 5022 930 2463 15140 807 555 8237 17710 10802 2867 1842 5690 10940 3389 831 13120 14018 8002 4676 16841 6473 11595 11339 5456 18007 19800 8153 12889 3162 91 15325 3166 9696 16864 14564 10597 3305 7786 11374 5487 18035 14325 14709 17401 3323 14333
6274 14213 138 5005 17294 6416 8464 19346 787 914 19478 794 14107 8862 12447 11168 13474 10150 9128 13736 13609 3886 10164 18357 10036 11319 7994 2877 13121 14658 5313 8130 17480 3017 16719 17488 15185 10704 6225 3324 19289 12254 14688 5088 3429 15077 15207 15464 2536 19690 16491 8939 10090 1774 14191 2677 17142 6519 5750 4598 14076
3840 9609 7690 14605 11917 3469 3597 8975 13842 4754 13588 14614 9625 14363 16028 14493 8478 9890 18467 15653 8101 2857 8362 17195 13741 4013 14389 4538 7483 15036 13759 10435 14917 10565 19145 2889 13772 13517 17869 11468 7372 12620 3149 18133 598 16857 3036 9440 19173 3047 9576 14827 8315 11252 8821 18806 12923 4217 2171 1534 18047
13952 14850 19076 8324 9224 10124 5773 3472 17041 11794 19986 2706 3474 15891 19227 15003 12707 4644 19620 9124 19623 9768 1837 19246 10541 9645 14841 10933 8509 13377 15298 11971 3067 4936 5066 18898 9043 16085 214 18522 19165 11230 5087 11616 6369 12900 10084 13287 18538 7274 4971 16109 12399 11119 13170 754 19314 4467 13177 15098 19323
12033 13570 11393 16258 11397 5498 8079 5008 785 9618 3986 3604 12179 14354 18071 14105 11420 1569 15394 14458 18727 3629 2358 18231 12601 8124 1598 13630 18752 967 2887 19913 11338 459 16210 16471 6103 5465 6743 16219 5597 14941 9310 5856 5473 7902 15333 18408 16493 14574 9327 12013 16372 9973 6644 3317 6648 10617 1018 15483 1660
6530 900 19844 11526 5643 14733 16654 11534 13712 17 5780 10133 9751 8471 9851 6556 7455 1056 12193 15010 14884 6185 10038 9526 17081 4922 6970 10939 17470 4421 12361 19786 7761 11858 9810 8790 87 5848 3161 19162 8536 5852 15197 19424 608 14432 6242 18660 11106 19558 8681 10219 5868 750 12786 13938 17141 17526 6646 10491
4608 16643 12175 5391 3605 3736 9497 5017 795 10138 2717 6302 6816 15016 9769 13482 6574 4911 6961 9907 15799 16956 18365 17340 5183 19907 200 14028 4814 3151 6223 1619 1875 13269 13400 14680 16345 4191 6624 15330 9955 17763 867 5605 4965 743 359 14950 11882 12906 12008 8432 3824 6003 6132 18549 4596 3576 6651 11006
4995 19081 4108 15245 16524 13586 9108 1305 1825 15650 5027 5540 12837 12458 9004 19501 942 5039 15538 11699 1974 14137 16061 17862 10568 13259 15564 17740 16076 9422 13393 10449 18003 5842 17621 1365 12118 13016 2137 6491 604 18909 9308 1506 12003 19557 17126 17255 14696 15721 18155 17005 8048 15089 17395 2550 18679 13560 11130 12539
6532 5 13060 11402 10379 6538 13583 5525 13334 7447 18456 12442 4251 1820 6172 4767 6434 15396 14887 18603 6572 18990 15150 15921 19575 16186 7355 17084 12348 8252 7878 14025 1234 9301 1622 5463 1880 8027 14939 7388 2399 15968 13667 8163 7013 11366 7018 4460 365 12397 6510 13811 2804 9589 247 2681 9468 7038 5375
4224 10369 3974 12684 13325 15502 18064 7827 17429 18069 11287 6933 8985 3355 8605 17311 5792 10272 4130 15907 12066 14889 1324 6701 9138 18485 6453 19255 19773 3392 2625 3906 1477 9542 14538 2891 9162 4176 1489 17490 11859 6484 12757 19926 5461 11611 17629 3165 19297 17122 1635 1893 5350 12016 9846 13303 15609 16764 2685
2176 14849 4736 16388 8454 11784 4490 7691 14219 19086 4878 14480 915 8723 11413 3733 8211 24 5019 3743 2336 161 16289 2725 13479 3882 17196 16301 1582 10289 1973 17978 9919 5439 17606 11974 456 1866 8782 18896 12880 6354 19283 596 1749 12376 18009 4440 15323 6363 17117 17118 16865 18416 9844 4212 10742 10875 18431
11522 16390 19336 6927 15887 11542 13598 16927 1952 15649 5537 12453 10406 2217 13740 2860 4273 7218 1587 18100 5812 6837 5043 6072 14777 14268 12989 13888 960 11131 10820 1479 15433 13770 206 17616 19921 11090 5714 16731 10715 3297 1634 13027 18404 8568 17512 9833 17131 9707 14189 5870 2415 5232 17523 16504 8057 18939 6268
19585 15234 16639 19460 9480 13066 12940 15123 7830 12054 16537 8861 17439 10786 13475 13991 13481 5417 4012 5171 7988 16313 12858 8251 7101 10564 16965 836 10948 4039 17994 18125 18255 19409 10705 8403 4309 15446 16598 9814 2521 7389 19294 7904 12283 1000 8940 19565 8941 14958 16366 4978 4851 6136 634 10107 764 18813 895
1536 9604 7686 5382 9353 12428 5006 6159 4880 9617 11278 8339 11029 19866 285 1821 5919 5281 8228 1322 3372 17070 19761 4402 13745 15281 12733 6334 16064 2497 17860 11844 10439 3144 329 7242 3150 2128 14545 4437 7511 18651 18780 11870 15199 8803 3811 2275 10342 5229 14577 17267 17653 3062 3701 7033 4218 3454 3199
17027 6148 12549 2438 7557 7563 13690 14096 5649 1044 1942 16663 11034 4635 11035 15775 16415 18091 13742 6063 945 15410 13620 16309 1333 2743 5304 19899 16060 7873 9668 1733 1606 8007 18760 12359 3141 16331 2248 18637 16078 4303 3666 3155 1492 5976 7271 10216 19181 5999 14320 9585 1009 3698 1013 4984 18426 9979 15999
5121 3714 7170 10500 7305 17168 1021 14355 2070 4760 8473 7066 19229 19104 8229 5543 19753 5929 12075 13865 5932 9390 15535 6320 6835 3510 16438 8505 7487 6592 15685 8646 6085 7497 714 592 7509 2006 16090 2651 11742 10463 17125 17638 1512 16233 1386 10861 6126 3965 6898 18291 1906 3190 17911 7926 1275 15356 6909
0 13826 6403 16773 16263 12425 19210 17680 7574 3223 2200 10778 16541 13597 12703 18849 7717 12069 5670 4393 17067 17325 4529 11128 6710 9527 2106 1982 19263 5822 452 581 12231 5193 460 13004 10446 19407 1743 18386 4947 3414 7130 19421 15201 19041 8313 14692 869 13413 3948 7151 4337 15859 12915 3192 1785 13052
10240 8321 16642 3586 10756 2309 4359 15372 6800 1045 4757 18844 1444 10155 13868 7595 18994 437 5311 17601 17986 5444 18630 12102 18119 14662 14922 18123 9160 2511 7247 9167 14806 7766 15707 17627 14304 18402 7266 3173 18150 10598 18918 744 4582 5096 6888 12909 9454 8301 8297 14322 15987 15731 1656 633 5626 18302
10242 18947 15492 9732 2181 9222 12297 3593 1422 8336 1041 15252 10005 13718 1814 19610 7706 15265 8225 10915 47 14512 10674 19507 692 15541 10934 16439 15928 5943 8506 18748 4028 12992 10946 3266 4035 2120 16974 9296 18770 16595 12116 14805 9171 19547 733 14685 9826 16359 5480 7534 3694 1651 4469 11125 18552 6140
1664 2823 17032 15241 14729 2058 7689 9356 19352 4380 8991 15776 8609 4513 14115 16548 17700 6054 2215 13870 4655 6650 16307 3512 16572 1853 17087 2623 18497 1345 7110 1099 12364 973 19029 13785 5082 12251 13023 2272 12386 4195 2150 15079 8550 11241 11626 16363 10988 4076 12527 6385 9714 115 117 15353 11642 2428
5633 13700 9478 19719 5128 17163 8333 10640 11795 9369 12187 8990 19359 7840 11681 8353 1787 15652 678 423 17324 173 686 2222 9774 16817 16695 16569 4153 15035 4921 4672 16576 9410 16322 3908 14534 15431 6346 591 8784 14417 8789 2902 11610 9180 19167 3815 14439 18153 15215 12273 5873 2548 3962 5243 3582 19583
9347 15364 6278 13195 9612 7056 10002 15638 2710 6040 2457 17566 1696 17953 14242 2339 4002 9253 4266 12973 19502 5805 15152 16819 3254 1341 18238 16190 9026 12995 15811 17733 1858 6852 16962 13250 715 18635 461 10573 8917 86 4182 12631 17755 16732 1375 15970 1252 17896 496 6899 11636 6645 374 18681 14204 14079
15235 16134 10123 11024 6545 10644 16405 16790 11799 6423 11672 11803 9249 18211 16931 2084 4646 19751 11939 16681 5028 12331 10796 3245 9776 4531 7990 5815 9273 4295 15561 842 3530 8521 16590 18382 19538 1620 475 15068 988 1755 2526 13147 12536 13283 8675 9959 8168 1134 13168 15345 5492 6518 14840 13689 12154 11772
19201 9857 5509 134 13318 8327 12168 3087 17689 14237 670 14749 2976 9377 15137 7201 8998 8360 1066 16300 16052 15157 4537 826 13498 18751 1984 10053 14278 11208 7241 17997 15311 208 4946 7253 11095 5337 7641 8283 16859 11355 352 7136 9186 17379 8033 10592 12263 4201 16874 12778 1133 16624 12532 9977 13306 2939
1281 261 19974 136 14985 1931 16908 5900 14862 8465 10134 9494 10008 4123 13215 19232 2335 10659 18852 4901 10666 10415 14513 12083 2360 2366 12097 9282 17607 18632 2376 12490 2896 465 14162 16083 1748 9686 2392 1373 19295 7392 11490 4708 13540 1640 12140 16368 18544 2033 1780 12149 5364 503 8309 12540 13309 14463
11777 9474 7811 9607 13065 14090 13071 18193 5778 12307 7700 4117 6422 16023 19354 9116 3744 6305 8611 15529 1705 15403 4521 19373 17587 4532 4404 19000 6461 958 15427 10436 12105 15818 8267 18769 3793 8659 12115 6481 8665 859 14172 16989 16990 8671 12126 6497 14306 9956 1124 10343 2666 19822 4846 10610 5621 14327
9984 9477 19845 16265 10381 7182 14863 2319 13844 10518 17047 18838 12700 11933 14624 3235 4900 16933 1579 3115 7213 814 11313 4148 568 17465 17722 3004 14143 7233 9666 14020 2246 8520 10057 1617 3922 6994 19796 6868 6106 9565 13791 14175 19426 4964 6629 9318 870 9450 6251 10990 7408 7795 19444 9461 9592 2938
17410 7683 8068 13576 19209 12683 11916 13585 15377 18451 7959 919 9367 14872 2201 16539 19101 1049 9765 1574 10534 5035 9901 10414 1711 7088 15666 7476 13881 7230 11711 4032 5825 962 15172 12870 12487 3529 4812 3277 9294 337 3416 6236 1886 10462 19680 5983 4578 13155 11493 2922 2540 16495 11764 7292 16509
18432 4483 4614 16268 2829 14607 5524 14741 18551 11801 13978 1178 1954 18596 2087 7471 14130 14003 1918 12086 2108 448 1859 15684 10693 6596 15991 6857 2000 10321 9170 8147 2901 16214 4438 597 4954 6490 17373 13277 17374 12511 8293 874 10733 19950 6511 19696 12913 110 5236 13815 15992 17788 1150 19839
18055 3079 9 779 2572 19213 17551 5007 3857 10260 3351 17816 6683 4638 5928 17064 17449 5545 16171 7470 7087 18736 7600 16822 13499 6203 15805 1349 6983 4557 4179 10197 8150 855 6615 12506 10587 10204 11996 8542 16095 12128 8161 10082 11103 18148 11485 7782 19175 17639 14952 8166 2545 4852 17275 15101
18946 10507 2699 14737 6674 8851 6803 11793 5526 2333 17437 6686 11040 19745 12705 14116 4389 8108 2989 8877 1201 4405 9656 11323 11583 3903 10175 2626 7618 19528 5322 10443 15947 8653 12494 11133 14928 6610 6355 17239 6104 2394 3419 11358 4834 5732 4839 17900 15343 19828 500 7542 4090 18172 11901 7806
1025 14855 12039 2570 19980 3468 9615 2325 12821 19481 18204 2469 11558 297 809 2347 2858 15917 9770 3500 2480 14770 18227 12470 8119 3001 3386 15931 17598 18498 13251 18248 13001 4553 19917 16720 16209 18132 14428 18013 7135 4192 9190 6504 7400 7150 368 15349 16886 886 13432 17785 8058 19580 4349 13182
3844 4100 8582 2695 9096 7433 9354 13706 12557 5393 18841 15131 8732 14366 9633 10274 7716 4262 15144 4265 4270 12207 7856 4658 15285 8118 10295 12856 19770 8763 9147 2236 14398 14144 11460 4934 1484 17486 15950 18128 8016 8276 17240 17241 15832 14683 15324 9056 11234 615 12264 14825 18927 19824 13169 16507
5248 12673 12803 5125 19207 9228 10896 8208 16661 10137 1306 16923 5916 8733 16797 1567 2338 4899 677 17957 1062 10662 4776 5801 6316 301 3249 1080 7354 15676 12609 13379 12745 17230 334 16336 8143 3281 9173 1623 5592 14045 18014 1503 2400 10465 4449 10217 18283 109 5998 1776 243 15093 124 8317
3589 18821 12038 15886 17681 12180 19093 19863 5273 12057 17697 12065 2724 11044 679 15656 5160 5034 6697 7080 16685 8365 3889 12339 10293 14006 8888 14653 9663 8899 18380 8781 12878 12495 19152 17237 16217 17242 13915 5850 7257 7642 15839 9701 6506 13420 3180 13165 2800 15090 4724 11893 7285 8825 17659 4221
13571 12804 6408 5004 1680 5753 2450 8338 15637 4630 13206 3864 16155 11422 9763 4261 16167 6828 6830 18096 16688 1586 12725 11191 7863 16059 16320 6211 1220 2630 5833 17354 1610 14924 3918 15184 5586 6482 13396 13653 5974 19199 18137 15200 19169 15457 11235 3044 13030 10470 11116 13296 15095 16632 17913 1023
19712 17665 15362 16133 15751 19721 19466 3850 8974 3727 18965 3222 18712 11931 15773 8094 8864 18465 2978 12836 12969 10928 16948 13238 1721 4025 4412 7486 11326 19264 18881 2881 5835 2640 10323 11220 10196 15574 984 12888 17626 18139 15579 10461 5725 10847 4581 742 1894 9065 1644 14701 19060 11509 18422 7029
18050 8066 1158 3207 18184 5258 19723 16910 2324 3740 10017 16802 6052 18213 7844 13735 15146 12843 12462 13874 2228 14645 14774 10935 10936 12472 317 7869 1342 8256 7872 16580 18759 6094 719 7251 15318 4826 10203 10076 5979 11618 7779 3555 8805 5608 5740 12910 15087 12271 5747 8312 19449 7676 16382 13823
19975 19720 3721 5001 3339 4494 6671 3088 13714 9107 18964 17303 13847 11291 7070 18591 15904 17699 18083 18469 17701 14244 5284 3498 11820 2094 18735 16944 6959 7860 7736 3514 17855 323 16711 13384 17609 3914 11721 7889 19666 10208 14050 13028 9572 6375 7399 17642 12779 18156 17773 14061 4338 3193 11899
15105 3458 2435 16772 2053 2694 12811 13708 18574 7311 659 12569 7834 7835 28 9248 13987 12963 3876 13606 19627 6829 19764 16692 8884 1339 14909 6846 2752 1348 7111 5325 12630 13403 11867 8414 14943 5601 17377 11113 3306 19179 8682 13934 2671 8562 12531 14964 18421 11380 11255 1784 4222 4604 11902
1280 5506 7555 7813 1544 9225 10120 18059 16651 19851 3470 19599 17687 14620 13852 12577 13986 16035 11556 17318 5419 13356 11308 19378 4018 11698 7221 19771 6845 11582 3135 19778 14661 11206 11720 2505 16461 18256 1873 10452 11735 9690 3298 17769 9321 19051 14315 14954 111 14448 4979 372 11251 5371 19708
17795 13448 9352 2826 8586 13324 5902 17553 917 4374 7703 4375 281 10269 16670 6433 19874 8737 18085 1191 14121 2218 9516 10285 17198 7344 10675 16824 8891 18108 10556 6718 11071 17858 3267 19781 6344 3913 13644 11724 3532 5967 13522 13787 13923 12516 16741 1507 8041 4473 15086 11375 1905 16118 2553
17796 7172 14474 4619 11404 3982 271 911 6033 1808 13201 10897 5269 1658 3608 2040 13349 19750 5925 41 15147 17836 13871 15542 15418 16315 13114 11453 15429 18376 19529 15864 847 19793 16081 5843 19799 3288 1498 18396 8412 18398 5346 2147 10853 15463 18407 3178 11246 10862 14706 19700 15096 1530 13947
13953 19842 12290 10882 18695 19592 14984 7687 6413 17677 9485 2320 5265 7565 11927 14617 4250 19357 5277 8995 10020 9383 19368 19375 7345 18745 11833 9403 16829 2751 16959 2753 6208 3783 9805 4813 11601 9041 11733 9433 2523 19038 1760 17249 9570 13678 3054 3440 1137 17650 11123 3186 14453 6775 14073
2693 18309 18826 1546 1165 7953 17298 17937 4625 3096 18075 13091 10533 9510 11304 19755 11053 17072 8115 17717 6965 13749 16961 3525 7238 18375 2431 3018 6477 10830 15438 12370 13914 7770 19292 17630 15205 15975 18792 7272 13545 5354 620 8300 2798 9712 1520 16127 17524 15606 12791 19064 5370 15484 3327
17920 11520 10758 13704 17161 12169 6281 12302 13462 7191 8603 2204 4639 17952 18976 16545 14752 2080 14120 1832 14762 10032 14133 1845 17464 19136 2754 15428 8133 9286 6855 16840 9801 9932 5972 19417 19803 4828 19935 3169 4450 4452 12389 9703 9836 16749 19054 7404 16625 15857 5490 13556 19191 14328 16255
8448 16129 13313 17539 3206 17040 10128 7443 17300 12566 13722 14748 8734 14879 5411 6180 19110 10918 2600 14763 4269 3246 3763 951 2105 10562 12741 15942 6088 14666 10699 1996 12623 17105 15699 15957 16725 14935 11995 14813 1376 5344 1250 2404 13291 18030 3951 18162 17525 3829 9590 4601 19325 10238 5503
9472 12801 8577 12044 399 639 10643 17172 12699 7324 2205 16414 10527 6560 13346 14243 11940 17831 1575 4906 13867 10540 17329 19890 11058 14140 15932 11708 12094 18886 2503 11080 18121 9035 331 10317 1485 19030 7382 15191 17498 4059 5728 13035 5228 3819 2667 2289 16626 1010 17012 1012 3069 4478 13567
11264 14465 8849 9106 3985 4504 11289 2844 801 8354 10277 7078 18729 16042 9514 19756 18733 10795 16559 3250 8754 10110 17848 11960 10811 956 10176 12612 13126 10826 15697 7505 13651 15573 13398 1242 19163 15451 2524 5980 17887 16991 2786 11876 1382 5223 2027 12524 19309 4461 1902 13037 6770 14580 766
15618 3587 8834 18949 19718 3715 11529 12043 11021 2958 7183 10385 14481 5907 8852 4762 10524 292 16166 2983 16942 5807 5679 16180 19002 7227 957 10050 1991 2633 6602 18892 17101 17104 14801 1616 16976 8274 18012 13021 17246 9568 9315 4711 232 877 2541 7662 2929 16885 11254 16380 893 6654 18175
17028 4999 7561 11403 11532 18958 1040 19091 10388 14999 19351 15511 921 13591 6009 413 4640 7074 19371 7468 7979 19759 17456 17074 1331 5438 10942 322 451 1476 13764 12485 16332 3660 14542 4174 12752 17746 12373 5591 11099 12385 4321 19811 15716 613 9061 3559 233 7401 367 17779 14326 18169 14078
16384 515 7173 6789 777 15625 652 16525 8591 12432 1167 4623 4239 17430 9366 15128 13976 3739 542 10145 19747 13990 13095 19112 10408 3756 15148 2479 7089 17207 17341 4157 8253 7747 18500 5578 10577 18772 10968 5594 5214 13153 8034 13416 9320 16362 12394 18284 2927 10608 1777 2680 19193 7164 1017
17026 8829 3592 17675 19339 13968 3729 11538 18711 10649 9114 15139 19880 16936 8107 3502 17969 11830 10552 9530 7485 16957 1343 17344 3776 19519 10303 11456 9029 4423 10827 1995 15182 9936 16726 12758 10712 14297 2140 19423 11746 13668 13156 3943 10218 3053 16238 3439 2673 8052 2934 11639 13819 3837
11525 2437 5253 12809 8462 21 2582 11928 3610 18970 10522 1437 8482 16806 4903 15400 1065 554 14765 13358 4525 11570 2355 9396 9266 6578 18743 1596 19646 17089 9027 16836 16709 15943 1742 2510 3409 16593 4691 16596 12883 18006 5585 7265 15458 4323 3940 18534 13033 4974 7278 12921 8958 12671
13688 7302 18313 2698 11277 6287 18192 7057 10516 12438 5274 8731 6941 10528 1185 5664 6944 12326 8359 9771 10413 14780 8255 13248 8131 3270 6086 18253 14287 8146 8660 16853 4181 13143 3032 13531 8284 10207 15714 14307 16484 6760 19180 10093 14832 11376 13809 5619 15478 18808 9593 17530 12668 12927
2816 11148 9101 14094 17167 9360 18449 12688 11284 15893 17533 14490 16282 4892 9632 8100 4006 18471 13100 5935 3509 16183 5176 184 15552 15681 69 11334 18631 4040 15820 7116 17358 16466 7638 8919 14298 12894 17632 12000 6114 8573 18789 2533 8809 9705 14059 9839 12784 5622 16375 9337 2298 9469
771 15747 14732 4366 6032 13338 3227 10268 15774 18721 19618 3746 2472 17833 14378 5418 11564 4014 10543 15792 19762 13490 19257 7998 9791 12225 1730 4933 13894 19143 4296 13515 15691 13261 12366 3537 7380 17754 12124 1757 5726 4959 4832 12257 14561 8543 14434 19303 13546 13932 7794 19445 8957 14975
1027 772 7299 2185 10506 3979 2700 14736 6420 12308 14101 13463 7448 7194 16031 288 5024 10657 6562 10015 2085 9642 4781 15025 13106 5684 19381 19383 7351 5436 7484 10748 11075 8132 18120 16971 13260 16467 1363 5211 10589 13024 1505 4710 9575 12651 4716 19312 11760 14960 4723 4860 13310 2815
642 1155 8709 18694 10763 15244 1804 8973 12045 7055 18836 12436 16283 667 6184 19497 14586 11563 6573 13230 9903 946 14771 1332 13109 2231 14136 7995 16573 10558 2498 18117 6214 3784 18377 8909 3665 14034 2772 18135 7294 8289 5990 18279 13158 14445 15860 10869 14455 505 15866 4219 12286 7295
6534 18568 6030 2835 5401 18586 5914 9500 19741 10910 18975 5536 3873 14886 14760 553 14507 11446 19128 9272 1214 12608 19521 5441 12228 18629 16708 5067 1357 8910 5201 10453 15958 10072 14041 15833 11866 12378 473 12153 17767 487 2665 11244 8816 8561 5106 3059 4602 3061 10102 8182 18553 15482
8576 2 514 388 15107 5895 904 3984 7952 10007 3479 17304 13593 15132 15518 19878 10026 10542 8368 11318 2682 10952 8011 14540 14797 12236 3027 13781 14933 10327 2133 14170 10459 15069 223 12641 9059 5860 12899 2406 8807 7912 6246 12650 15852 8944 244 18037 4085 15476 16122 16123 19838
16001 14594 9729 13701 1800 7820 10893 2446 17423 1298 3731 13460 13203 5142 7064 4769 15266 13218 19624 11050 3116 13233 3378 1717 6070 9270 2998 5689 10874 10555 19007 19904 15553 15040 1346 8772 1352 13136 3540 18773 1877 7258 17500 13789 1118 13407 5986 6754 5221 17655 2810 19452 2558
14345 17658 7695 15633 19859 23 2584 9623 2712 411 7195 3107 13347 40 4904 42 12714 13739 12842 11949 8239 8243 8895 6210 16326 15689 10701 17614 5453 5073 14679 19936 19809 9953 3427 16485 12520 16104 17770 8557 10223 4850 5491 2036 10740 6006 3446 7027 4985 18298 7547 8060 11263
11776 4229 10118 16649 521 9996 3090 1556 12949 5652 6807 11544 14871 2966 11295 5152 6566 6183 680 18601 17322 7338 14636 17453 19118 15918 17715 12347 17343 6337 5443 18244 9416 16457 4939 6091 11854 3536 6997 6746 11868 7137 19301 8424 17897 11756 17647 5235 10104 8185 6522 16508 383
15745 15489 5252 2707 276 12055 17175 3735 3098 18843 17052 3996 3488 6690 18731 1456 14768 10544 1977 64 18113 14718 18756 18122 3403 8139 19022 10190 14290 3539 12500 12887 4187 14300 9181 16223 9441 7652 3686 11110 4584 16105 1130 5227 19310 18158 18033 7283 8308 14968 2809 11771 15998
14848 2308 7176 18315 5116 16271 19474 8598 1174 12567 18331 15391 5023 673 12067 6438 9894 12073 14259 6964 13751 19895 6714 5567 2884 19783 8903 78 7510 19927 5079 14426 14810 16092 15712 9444 7141 7654 12134 5735 10985 7402 1003 8043 7917 10864 12403 13558 8567 12409 9338 13948 18814
11265 8450 18180 16516 12423 6536 7047 16139 3981 14734 9622 2454 9756 6689 5155 14380 10028 16815 17584 8244 11317 15796 1335 14016 2886 13895 16712 5576 19658 16458 16205 11346 9554 19028 9557 8538 18268 18143 13280 2018 12131 8162 2792 107 6509 5615 4592 1649 1138 13427 6520 5241 15870
2949 2950 14220 3344 17552 18321 7571 16148 918 1558 13080 18969 13337 18718 671 18340 13734 10791 16425 10158 9651 10166 1719 16440 3900 10300 12863 8897 15170 11588 8777 1483 10751 589 8654 9040 14674 19923 14166 3671 11096 14556 18528 1762 7781 12518 2277 11368 17643 1004 2802 18807 17919
10114 11270 17926 1674 19211 3852 10125 7438 10255 18 1301 8469 3353 7707 2077 5533 16799 12323 15145 5033 2475 5937 16179 18868 822 18999 7606 16185 10809 4155 16065 14914 10691 9930 4564 7381 8534 603 7528 3048 2411 16876 14961 7156 10613 10996 9209 7290 11259 19965 7934 8959
4738 17799 14343 9226 19852 1934 15763 19477 14998 8086 5402 2842 12961 6947 13092 3621 14504 19881 16686 1840 4785 4530 14899 2741 14517 18236 15037 7876 15044 19406 1231 19025 11480 9176 5598 8801 3682 4091 16746 18923 2796 19437 5359 5872 7537 7281 4721 10095 16631 12408 14715 6270
1024 10243 10884 17283 4358 12679 17928 8460 15117 10767 912 1171 26 7454 12833 19362 16930 14369 2598 17576 17452 6317 12333 7981 13231 16181 15925 696 11836 19005 10819 5318 18891 3790 17489 6100 14550 18391 13916 16350 10338 15206 13548 9198 13294 369 114 1394 8692 4856 636 8063
7682 8069 12807 6152 10633 11527 6926 5009 8594 6166 18332 1052 414 11039 545 12971 17451 9644 10923 9007 2096 12464 1076 2237 9149 17600 15939 8643 17475 4550 13773 10957 4559 12237 4561 7501 14167 8663 14557 7007 10721 14181 7142 8295 1769 7017 3945 13421 8689 17652 14836 9725
18817 6401 1285 12422 10373 1427 12692 19605 15765 7319 15640 13211 13473 15908 9637 17446 6437 1449 9387 10419 6963 11320 17849 7357 8126 13503 8385 12482 5827 13124 19142 14409 1098 19278 3919 210 16987 13794 19171 16612 10982 5991 10600 7273 19178 1002 7914 13295 7923 3444 1532 9855
19200 11008 4740 5765 10249 7179 16141 15757 14865 15250 15506 14227 8083 17688 1561 7833 5529 8344 5158 8105 17706 6442 19377 4789 14392 6073 9021 3390 14659 7493 11213 2638 207 3664 19537 11986 13649 17750 15703 15585 9316 2020 3814 10855 1513 1515 7403 1646 17007 15602 5620 16891
16898 2821 19334 1548 16012 3212 14482 1554 19608 17179 4383 5669 7847 3240 14633 12970 5672 13612 2861 4910 14385 17075 13236 4147 11065 14650 6075 3132 4162 9283 5702 11592 15816 4426 10442 19916 2637 4047 15312 10195 13140 14037 14549 19932 1628 15454 12382 1248 13282 12645 16872 2030
3072 8319 12552 6667 14222 15249 15890 8082 9341 12954 17820 18463 6309 13478 10920 4397 6061 9647 6706 8372 7094 3256 17083 12351 10560 3521 3138 13635 17987 9923 6726 6860 11597 6350 15313 12120 18394 2916 9829 8548 10088 6248 13419 14572 1387 10868 16757 12021 5369 6267 13181 15871
13057 14082 1282 7945 17804 7692 6668 7825 15767 4771 2854 6695 2090 2732 12205 5804 943 1975 6201 3258 4156 2367 5824 2369 11199 12229 18503 19401 5065 17485 9934 464 8273 9049 11226 1754 7900 16221 3932 4089 4576 19943 11239 15848 17648 113 1395 2423 3961 8701 5118 12415
9733 18182 5127 19462 15623 7560 8715 8584 16782 16143 7570 3734 10647 4632 1945 8351 10271 13729 13343 5288 7722 12077 5936 14518 5046 13625 1722 18494 4547 11333 16966 1101 2253 11983 11472 11218 980 8532 16601 13017 1115 15452 4955 10718 7651 101 16229 14826 14444 16240 9330 8951
2689 10628 15367 4749 12430 12174 8597 1557 7829 2585 18074 2073 18845 17694 9120 12064 16038 18855 1448 12454 18224 1328 9264 11187 2740 9013 11573 4915 16571 2491 2624 321 14532 2629 15179 4941 1614 336 12368 2136 9052 1884 10080 11233 2658 11884 17518 9715 2164 10106 8702 6527
16770 16515 6276 8836 19846 4103 2827 7308 1042 6808 3097 5247 16032 18474 2859 17197 6318 7085 9649 307 19510 17079 13878 18875 16192 8513 10688 5697 5704 8905 8264 13265 13402 14043 14046 10593 15074 3813 14697 18154 11371 4586 14314 12649 3567 2031 11249 19442 3830 15610 15102 8447
1792 18819 644 11015 12040 12046 19473 4884 13589 5399 796 3742 10530 10148 3753 3371 10287 1583 16431 13618 12212 15544 15546 19900 17857 2499 712 19275 18252 3021 3659 11855 720 4558 15187 9558 16089 17883 5084 18536 4458 11117 17903 4976 17777 14708 13428 18550 12662 2552 1020 12669
12675 10116 1809 12691 15380 5151 19873 15011 17704 11561 6699 19500 11954 7607 19639 1849 6331 11837 1085 4927 14912 1985 6974 7363 4037 3655 13640 1100 15437 2639 6611 9688 2145 5090 3941 12390 19304 14955 4207 11120 4209 18288 15475 18036 19829 4213 11888 9199 2297 13434 19707 17274
7428 18183 17674 4874 783 3345 16019 3477 18840 7577 10656 6177 3106 1955 6563 17961 7082 17963 1580 15662 2863 16689 15669 19894 15926 10039 2619 11845 1480 13642 6474 18508 19789 335 1361 7890 17107 15575 11352 10328 6876 6364 17119 1888 9442 15075 16611 13798 18667 1262 6907
15619 7941 3847 15115 9867 1038 17943 10903 17559 15898 2846 287 3360 8610 5667 12966 7336 8234 17082 5947 11966 14783 8382 2631 4171 16977 1105 6101 983 856 1626 5978 2267 10588 2013 9055 2784 14173 356 14949 18278 362 15723 14192 3952 13808 10738 15605 15479 1400 13054
384 769 6660 17159 17801 2697 17807 5904 6288 17554 16789 2968 18594 14627 11171 16164 8103 9132 3123 9652 14134 8634 12222 1219 708 12869 10695 11092 4693 2007 3928 4951 7167 2909 15070 17631 15455 4831 14818 5731 8164 9445 3430 13417 12521 13167 3574 8952 15228 13693 12287
17792 14721 14853 1287 5002 8589 9486 12305 18962 3601 10772 16532 22 10399 13348 16805 2602 12716 17586 4787 7987 1077 5810 183 9271 15163 5435 11452 7359 65 4293 7880 8009 9290 6345 6479 6227 1111 9687 17501 2271 2276 17252 2287 17394 18419 2039 16248 17915 7677
2560 3584 11779 18436 1545 12685 8335 3231 10402 1190 3879 4780 1069 10034 1718 6199 16567 5177 17851 15804 17597 7103 5695 4422 13511 9033 4298 12618 10060 19535 1236 5333 6230 4694 2907 12764 15964 2527 4448 17894 15729 11505 5875 2932 8954 6779 11132 3581 18942 2943
18433 10370 1539 19340 14606 4495 13327 16147 10387 6037 16025 19355 15519 17056 3618 1060 9509 11942 8616 1834 19883 4908 1453 10030 6570 1206 7352 16443 18879 15168 833 5834 16208 6616 9177 18784 14177 10722 4453 1896 4713 8044 18159 16113 14578 11766 6262 19322 1915 3708
16257 19074 776 17036 12941 12047 2065 13713 4370 14356 10006 19482 1819 2720 4897 4514 3875 16935 8232 14123 17716 17973 3127 10680 569 6713 5817 3263 1215 8384 10179 11972 11590 5447 13899 4433 6740 12629 2135 1371 3037 12001 19817 19689 5488 17266 16499 15989 17273 15743
8705 8706 7939 2566 7431 11785 19085 8831 8210 9753 17947 10273 16801 13985 19240 11306 17580 11692 9520 10546 12979 53 4024 13885 16578 12739 8517 843 3787 5580 13134 4435 19797 18646 15194 7004 7908 5733 12901 8936 2026 4202 13166 8303 18032 9334 15737 2043 19070 19711
6145 18054 397 19854 5390 12945 15122 12049 7442 2583 8217 2203 3868 16285 2334 19488 17316 3877 10279 15785 9898 2223 3890 52 12468 5301 12602 2429 17605 11078 14791 5061 8394 8523 19404 10063 18653 2910 17247 14303 3295 5727 2148 10094 15088 880 3058 12277 9845 12157
18816 8196 4613 13828 6930 16917 1429 13079 3225 19099 2589 19360 18851 10660 17450 2733 13486 4271 15664 6703 19645 16575 8642 12997 5701 9292 15572 10580 1625 5338 15196 3164 16737 16353 4835 19556 1509 6118 18023 13797 3438 5233 626 3187 4980 2805 10997 9082 16252 10750
897 3457 18565 8581 906 7435 19215 6164 18581 7708 1822 7071 1568 18977 9121 18207 5926 13619 13755 19133 1216 4548 12740 3272 14024 17995 2381 15310 2383 2129 13010 7636 11098 14816 12897 18018 6627 4325 6503 19944 2793 13804 12653 16752 9587 7415 15354 5367 638 6143
11141 5513 4234 9099 17165 4241 402 6419 17944 3481 7711 11810 11045 18726 15153 14641 17334 2487 17080 7224 11961 2618 445 11455 5056 5569 2374 7753 11851 1997 7635 4052 3284 16216 11739 2396 13533 18530 14694 16106 4332 18670 8047 15472 8817 13042 9713 9848 19961 509
14592 14340 18566 13198 5518 10261 3099 5531 16669 14877 3102 160 2464 5413 11816 15913 13617 16051 8374 5946 19902 13257 17867 3147 11340 8651 16335 8272 5071 5074 18771 729 3802 15962 19546 16733 3550 9827 7780 8931 1129 8170 235 4590 1007 6128 11633 6005 18173 15614
14720 19203 1669 8326 14087 649 3081 8073 15501 6673 9234 9490 788 19861 11412 13466 12570 17051 7197 7073 1699 13860 19365 11176 13234 3635 19893 5814 3767 19001 8377 15554 16067 15430 6343 7243 17613 12111 7771 19549 19422 19682 14440 10089 16489 7915 19827 8694 252 19966
10752 11649 4611 13188 10630 4107 11020 11661 2828 10639 5779 19733 19990 16791 18710 2969 5275 2980 15277 18223 17459 17588 17845 19125 8508 19006 16832 6976 4546 9927 14667 10187 2636 9426 16469 1495 6105 15837 1631 7905 7649 6245 9832 15339 5611 749 6766 7413 15993 7935
15112 1417 267 3980 10384 2834 1430 9879 11032 18584 8090 5018 16029 17822 4254 16033 8484 5032 11819 3885 18478 7984 9777 3382 10551 15672 16953 2615 3775 1602 7619 17477 13006 15822 17872 6234 11102 15841 16740 8165 13542 2025 12525 8431 3955 7028 18166 9463 12793
8962 16771 11140 10372 8965 2565 1156 17802 9484 7824 7062 8087 8854 11930 5404 10663 19242 8494 1329 13235 3894 15416 4284 10045 9661 3647 3009 18115 11847 6089 14154 14155 8144 16086 9946 18272 2657 610 3432 17128 5737 14698 8811 12275 17269 2294 759 11769 2047
6402 14468 14725 13190 3077 8712 12937 8588 18448 12304 11666 6035 7701 17942 5015 1183 1442 1700 12968 17323 18479 10031 8757 15029 17719 5305 576 19656 7630 6734 1232 11600 6231 5721 18138 4703 16098 998 3687 4331 18412 14316 6768 13681 9458 1523 11382 12790 15997
5634 3590 5768 905 266 12555 12943 2841 3484 17182 6559 12320 18334 6303 13093 14757 8619 19117 3630 5430 1591 9782 13497 11831 6589 1087 2495 12095 11331 17476 3012 5710 16473 13786 4953 16860 5853 3678 12132 19430 4970 13547 16492 18287 4593 4977 13944 12412 9085
4364 1037 147 18837 14486 4629 13980 11808 2592 5025 13733 10790 683 556 5681 18483 17460 19382 4792 3897 10049 6209 6593 14408 2760 4938 9291 205 16339 18649 1497 5467 1244 7513 10980 3045 1897 15081 6635 18925 12526 7021 9331 19957 118 3064 12665 12541
5504 6017 6019 4612 14599 10888 10505 13067 7693 8847 10777 6170 12317 12190 6306 164 3620 8361 10284 5550 4783 19635 14775 9787 3648 3522 8258 19780 19013 1222 12615 18116 17481 5190 3275 3404 3657 15696 3025 6096 11478 12509 6110 8929 16111 7417 19578 11774
2690 2818 17156 19079 4491 6539 4893 12958 15528 13224 8488 18861 14893 15278 15795 13363 8378 2747 10173 5182 8898 1987 17735 970 12239 18257 8662 16983 18650 7898 3676 18397 13150 2528 6240 4580 229 485 14824 19561 8298 18411 17389 15725 15348 4342 17272 11257
5762 13699 11142 1291 8077 15119 11537 12690 8721 11668 13333 10136 17564 11550 3359 11169 3490 12965 13864 12584 11566 11055 18353 14262 8376 4027 12606 4674 11207 2895 3669 2519 8023 10200 18269 6493 6625 19305 19819 10987 3181 9207 3188 15861 7286 12407 18555 4220
19968 14336 1920 13443 1540 18700 15255 15641 11549 16546 6051 6948 1573 11175 13480 4264 12076 18221 10929 16434 15154 17974 1089 7105 19398 16717 17999 7634 18134 19673 346 5593 4189 17888 6496 868 8806 12908 9073 8306 4082 14965 246 15480 9210 1917 5119
6912 12161 9476 6918 6023 4744 18187 13839 11281 4497 9238 5143 5405 1695 2847 1823 17443 15270 3495 15399 5161 8106 3755 9772 15659 7610 4030 15940 3398 17102 16847 9430 17628 19296 4960 5217 5603 18659 4069 16360 11497 377 8427 6517 6391 16377 11519
17031 8456 13845 17176 17568 11937 1187 2340 16677 17192 12713 18986 11435 15661 17966 13232 15411 12469 1209 4925 12353 2113 15300 17478 2888 17356 2125 5582 19408 8785 3026 11987 7765 600 985 11357 7263 6498 14182 6630 5356 12017 18674 7412 8953 2940 7166
17024 6785 773 1797 11655 6405 11536 17809 9619 8980 15636 10395 7582 14759 552 2731 4524 1588 13752 1465 19514 10296 9279 9538 4675 18888 16200 5579 13521 11602 10963 852 2774 17879 6747 19164 1502 14436 103 9066 7919 6260 11124 5878 13050 8187 14460
3340 18575 16913 16149 16411 12571 6043 17059 11811 10787 11945 7977 6954 18608 15027 180 309 18358 14011 6978 13378 5572 9412 14153 74 7498 15952 19795 3159 2904 11479 4056 8155 4062 9951 992 14817 14562 15713 4966 4075 13424 3571 3839 5628 19582 3455
7425 11651 6796 11535 18578 10773 535 3609 15899 1563 9501 16030 1318 302 5934 8751 4275 19897 8507 17468 14267 16960 10306 5450 7374 15823 4177 13138 10451 1876 2517 7894 16344 606 9822 10594 2146 10085 7535 3823 2421 17143 6904 19066 13436 253 3710
12672 5505 15874 11907 2310 14344 15753 1673 14859 9482 13838 17301 10390 15639 18201 15002 2843 8480 2337 17827 11813 2088 812 18992 9009 12594 10037 4279 12603 8635 17599 6213 1611 19930 602 9949 10850 1636 18149 102 7653 7911 14196 13940 17783 15352 6781
1408 16513 4993 16389 264 19978 19083 9866 3854 16144 17169 2199 151 11166 2081 1571 14888 15019 19884 7725 11693 1709 17968 18622 6847 13890 11640 12109 3662 19665 2385 11989 16854 7767 3674 2019 18403 11749 19432 4203 15855 9455 3573 12534 19704 8316 8191
1665 135 19084 524 17293 18065 8978 7697 19348 15894 1176 668 10396 15389 17569 15780 2981 2599 3625 4141 2098 10808 14139 7871 4417 7620 13513 7113 8652 7248 15953 16213 11992 8668 14044 12638 16609 1123 2787 10595 18280 9325 4591 15600 13172 884 6782
5250 17286 4743 2952 4360 5510 11787 8716 11022 14353 2962 12306 9110 15769 11161 11293 171 1964 9900 5933 12590 18356 12857 8125 1470 8254 11330 6342 4807 16587 13900 5452 10065 9809 14931 13015 5975 15835 4704 883 13683 13430 5879 1273 890 14075 4859
10113 3202 6659 19589 13063 14600 12682 12938 11280 10512 19603 1684 16150 6934 12182 13721 282 4384 9258 4138 17581 5297 17461 16693 13880 2616 17724 11718 1351 4680 8528 849 725 14936 13273 13145 3421 8673 11492 19942 11494 9453 6255 3313 5874 8181 8695
5123 6404 11909 7942 13959 6024 18061 17038 2705 3350 1816 17307 17819 6942 6046 17185 420 17830 12198 13223 4263 9262 7477 827 12477 5309 16449 8645 9289 1999 16084 9300 2390 11608 14553 2905 2780 3680 16866 2532 8037 16487 14312 3947 7664 9336 11258
8064 8322 3973 9739 17174 11033 7580 19869 12448 8485 3751 3244 7857 16946 2100 17077 16184 6591 3905 7367 5320 4041 4686 19670 5081 17243 4443 16351 3681 1637 19302 11495 6247 4969 15341 12781 2285 10225 16627 15222 10231 9206 17145 9466 16636 13053 767
18048 16512 7810 8070 5384 5644 18189 9358 16015 16014 5262 3863 5656 7705 5788 19613 10012 11804 4768 17575 15786 7211 3255 15800 58 14269 2238 19394 3274 17226 3020 1487 8022 10458 5470 1761 2659 3684 2660 1638 8932 11627 9068 12782 5234 19062
3328 13056 2183 14604 14479 17810 14100 15768 12953 13853 19231 17824 928 12581 11436 4145 12467 7093 17078 55 7480 1594 15679 3264 18754 19651 19012 963 2116 2242 16714 10571 17615 9813 3548 6365 9820 19170 738 8674 2795 7025 3443 3700 11894 9214
13696 7050 8078 6038 5542 9131 15789 15405 15408 10288 17714 14970 59 19388 829 5566 18112 14145 1090 11336 10186 8138 14546 5205 6357 13660 4701 14302 16225 19554 9314 16228 19685 3041 10471 15209 18025 19435 13036 17137 1907 16883 6004 19958 9720 6010
1413 18438 9481 780 5010 13459 16404 10130 14868 793 1565 5661 12318 16544 18209 4127 15527 1704 2221 8750 6191 12338 17971 13877 15927 18872 63 15296 16196 13256 19277 9680 12113 3411 19544 17624 1882 19425 1381 12517 16237 13297 17527 14969 19836 12670
15873 16646 19848 1288 12426 15628 8845 19982 6544 16274 5139 7828 15892 6549 6298 12701 159 5920 6693 10536 4778 14124 18860 8242 949 11327 5829 17991 16328 15560 4700 16994 14184 5993 19946 5996 15597 10606 19952 17905 8176 11507 3958 15607 761 7803
651 6286 11025 18709 14743 6173 11167 2975 1951 1826 2170 4907 7982 17711 10618 14772 14132 16827 6716 15167 15808 11204 6728 6601 18507 77 7503 18385 13523 10068 19925 13909 727 10329 10339 614 5351 17766 4968 8040 1261 12143 7797 2166 10746 15741
8453 14981 9735 5770 3725 12433 2964 1303 284 931 13988 16421 9379 9382 15406 3887 13361 14002 9521 17979 8514 17348 197 1988 10955 7500 15565 12238 2255 2256 5069 8271 11984 88 2393 9178 16992 4583 15853 14830 17775 493 15983 4334 7023 9967
8842 6155 14731 12810 4496 17811 18968 12191 2211 14885 7855 16947 16054 14902 11064 10041 18876 10044 3006 16199 14407 14159 14291 6998 6232 8669 15966 13920 6112 866 7393 15460 5092 2662 15591 16236 6508 3949 16496 12146 6386 17140 6130 11506 4344 5113
3972 2948 4356 10629 392 265 6411 1679 7951 8853 3606 1686 16280 16409 4501 3236 15782 12845 19121 11569 12211 2357 6581 5948 8128 14146 7746 11716 15683 6339 12875 14284 6866 9047 14427 16352 6370 6628 360 13160 15466 108 5489 7668 19447 4988
17666 18308 5637 12294 3333 1803 18188 6799 786 11796 13716 2202 1310 162 15149 18737 4021 18487 697 11194 11707 17984 9536 12610 6336 13125 9159 4173 14031 6483 6872 3038 12002 7267 2274 489 7530 2539 18289 10099 14068 2037 17015 126 12028 3198
1152 14722 15108 901 14092 17166 2574 1935 1552 4112 14483 18708 14484 2580 1433 15648 10919 1584 18354 2738 17844 14265 572 9916 7288 3265 19274 6093 14414 1491 11991 15064 2141 3294 12135 19052 5869 2414 3711 9969 7796 3956 2551 3320 17022 1151
12032 12417 9731 8583 1932 10894 16911 11663 8719 16154 19739 17948 14234 19103 6945 9384 16040 13098 16428 13487 3633 305 11447 17339 6844 16834 16327 6599 17097 5711 2771 11994 8154 5212 350 1120 354 18916 8676 6886 4199 1258 7406 10871 381 5631
394 16396 10129 9362 1559 5783 923 5020 14495 805 3114 3374 944 16690 7730 438 12855 11702 12985 3899 15551 4287 17731 17091 4419 2883 5575 8648 8387 5194 3405 15440 15576 1883 18141 13917 9693 9437 13539 10599 3437 19566 8818 15091 7667 8054
11783 18824 17800 522 16275 11923 7699 9878 11031 4505 12452 4645 18214 1319 18344 2985 5673 7596 6060 17200 12088 11451 11329 19138 2627 4805 14663 7885 10318 5330 15443 13012 10706 9694 479 17762 5219 9191 14568 9449 3049 17899 5362 10483 17144 2173
10497 7045 13446 7688 1290 1547 1418 13581 15629 19728 19729 1302 1689 5246 8477 13857 17959 4519 13351 18046 15021 12720 3377 7350 11576 15160 1213 11203 2500 3526 8904 19532 2380 13135 16979 18517 9944 9817 3679 16231 12007 622 11248 13051 16894
3200 2954 139 4747 18573 3983 8593 14867 15508 16662 2711 19997 6815 8104 4650 19114 5803 11056 7091 9268 3508 8756 11445 5952 18250 586 15434 6348 15186 17747 4436 6744 11738 19675 2270 12130 6884 13292 10221 18543 10351 12022 15094 10234 19069
15744 5124 4101 15109 5898 3978 16267 1550 1043 17946 17178 4894 18208 15009 11683 16420 6825 8491 18734 5678 14131 6079 9794 16579 14788 15686 7496 13139 11221 11227 18910 7390 1768 7913 7147 16621 11503 5744 17009 18930 12529 17781 14454 2935 6524
15616 2944 8451 19332 12548 9591 18445 16784 13977 16413 16163 1188 10531 18600 4398 5299 5442 15299 8515 1093 8140 11604 15189 11223 12636 19293 11613 16224 3937 10977 2403 18022 17383 9063 13162 3307 19564 5355 5614 4336 501 11637 502 7932 4479
4996 14726 10504 11657 15755 12814 18831 19600 6417 19731 19228 16926 5406 16417 1441 7585 9902 9392 3505 8247 13624 16442 1211 6975 8640 11473 9553 10834 15830 16343 5464 4314 11871 2273 13538 4963 5349 14190 5360 14452 6900 13559 7928 11897 8443
3 17923 13956 9093 13703 8458 6666 1936 6547 15130 8994 15268 6694 1064 7728 18482 16691 10677 4149 7991 11449 10689 16321 11457 9287 16462 7631 14802 7252 11614 18142 8927 4063 6753 12155 11878 14567 3561 12522 9583 14447 14194 15099 9213
17408 18954 12554 15 17940 2196 5270 14487 15257 11419 6820 18341 7846 7848 10921 10157 15279 19633 16310 2746 16699 9023 19520 13634 2755 10949 5062 18126 8526 16978 18004 14555 13661 4064 1889 19938 5093 8180 888 1528 10489 507 4092 17277
5385 6027 3349 18583 2456 12825 19736 13081 8858 10523 2715 12829 5662 6049 6182 11303 13104 14642 10549 1082 14010 7104 11714 3782 13383 841 1867 7756 19792 19669 13270 19287 9941 8793 90 10333 6494 16093 8798 17510 9831 14060 9964 16370
3073 11395 3716 133 13957 9614 9748 7958 18839 13212 9118 13984 18337 10144 11552 17790 9895 7593 13359 2352 1969 13615 14898 5554 3130 12986 2748 8000 17602 14533 10315 9803 8270 1752 3549 14431 5989 15334 10605 8179 10228 18812 4094 16767
5632 11778 3210 141 8334 15635 6427 13725 929 11555 5156 18857 19113 16427 2614 18104 2104 6587 6207 17216 16707 3396 1227 7884 18381 718 11470 10576 11856 1499 17885 14687 480 14305 999 4072 13161 15594 9578 887 14579 8823 14844 1533
13698 3843 9862 9100 142 4622 4755 5653 15126 6938 7964 8092 9634 10278 12711 19370 10667 6444 10800 12848 12853 4926 9793 10434 18499 3780 1355 1612 18511 7125 11736 2265 9819 14811 13276 14558 2656 19941 16358 8549 2281 5748 17786 14719
15361 11653 523 9483 8972 7310 12815 7568 273 9237 15256 7065 19494 681 1833 9259 12334 11438 19122 17843 6198 7096 6074 9540 13510 17483 976 338 6486 13912 12893 11231 5347 14180 9188 11109 2151 12136 10474 1516 10479 4728 6906 4863
13315 6533 15626 6669 9357 6672 6804 18458 4763 924 13214 7204 11686 2726 18475 303 12976 7731 15540 4533 1207 15034 18107 1724 10821 15046 2245 3399 3912 14795 19405 1998 15571 8408 11481 5596 10205 4956 5103 6772 4341 5110 15225 510
9089 13579 6157 16653 11790 3086 10253 14097 18197 14744 16792 544 9127 12201 14251 14637 6189 7090 19129 16314 3013 8390 9418 6219 11770 2942 7124 8149 17369 7386 8157 12381 15589 19174 9064 5612 6124 16110 9838 8827 8696 4474 6395 15486
17280 3723 13837 17933 18957 18066 14738 12565 6551 1943 7067 4381 1694 3361 18090 11565 9518 8624 2868 2997 15162 16318 8894 4931 12998 11591 12104 4297 17098 1868 7246 15695 14930 3798 1494 728 2398 8031 5984 14695 1909 7798 1401 16126
7809 18434 11396 9606 12424 16906 10378 15118 14991 16528 2963 7192 6813 16158 2461 13728 14750 2850 8867 9764 1446 17835 15543 12218 4159 3519 19652 9677 11730 11606 19415 10844 8796 6111 1504 3040 5858 15338 10347 18796 8174 19190 19192 16505
5760 15879 16394 7822 2703 7441 530 3347 8337 9624 2458 5146 17181 6047 12456 12329 940 8236 6702 11696 10291 7348 10805 18742 12471 15032 1336 9653 19650 710 13638 15181 11086 2008 16096 19681 8553 4717 6381 19569 9972 5495 15738 19071
16000 10259 17941 2838 6806 19234 14890 17709 4784 9137 8114 10803 3380 12981 10545 6200 15803 6466 3907 7235 4427 7629 11469 19151 12369 13656 5080 10585 1247 5095 19691 2156 10989 2797 18160 11889 6384 13685 1142 13813 5112 3705 15868 16895
15360 16897 11524 13449 11018 6156 18701 19983 13967 3348 2327 4252 5502 11174 4401 15282 19509 3125 17977 7226 19898 9402 57 19905 15297 14274 17093 5446 8776 8393 4299 13264 7121 4568 3290 348 16488 3690 9965 7533 11762 14712 15742
12929 6797 13072 2064 5244 2579 11924 10131 17949 4126 10913 12328 1194 6187 11440 14257 15409 14462 18492 9789 19140 11846 1738 9547 8396 1102 4305 18258 3795 2262 12255 3168 5345 1125 9574 19568 14066 13939 6135 6392 8700 382 4735
2052 9350 8203 10515 11670 7836 1186 6819 12196 17703 4136 13357 4142 16306 9910 9274 17472 16323 68 1478 15559 2119 10313 18634 18762 11596 10700 11084 13263 19284 15956 16856 12383 15332 2537 9323 15212 7790 4466 7669 16246 14329 6269
7424 3712 11792 19345 401 19476 6932 6805 18327 15512 6809 11674 9884 19100 19491 7589 12582 1070 16308 6327 19386 11842 4930 18628 15173 15177 5837 8914 7255 3033 16474 5722 19040 5857 5475 12902 13543 13288 11240 12903 14064 2163 10873
14209 4994 14595 12551 13320 1033 13834 13577 7815 18194 11416 15134 11682 6950 7591 8617 12588 7726 17076 17337 3769 5949 18114 12868 15557 5963 4431 14163 5718 2647 15448 3810 7268 6887 11623 621 1645 6383 5613 18673 10480 9976 3065
12416 16385 4865 5889 15622 2056 3594 5132 1047 18972 18462 6432 8097 7974 18599 5546 4651 8623 17713 7474 12982 14138 1599 4163 3653 15048 4681 8400 13905 15700 5076 14934 16599 13399 19290 1500 15842 13154 18542 2543 6263 13179 6398
14593 19335 12813 1039 2322 2068 9876 13981 11935 7583 12583 11562 7472 17846 9020 18111 6080 6081 10052 10182 16073 2121 17484 9295 9424 11217 8024 4317 6238 13151 8287 13537 8417 13925 7270 1511 15724 1389 3441 9588 17399 6008 4862
899 11139 11782 13578 18955 6285 7566 1933 17936 14221 15630 19485 18078 3745 2979 14500 3369 19626 1714 10167 19769 11587 16329 15563 8013 2132 18519 15359 736 4705 18786 15973 4967 15976 3820 16751 10991 15218 19956 12156 16510 12031
15363 774 9863 19080 1032 10122 10636 910 4879 13073 660 16794 3357 17310 17570 16804 933 2214 17321 2346 4779 5808 2484 13493 15419 12860 15680 8896 17090 13122 15047 19541 8405 12129 18788 746 9069 19823 248 3707 17660 7550
19073 6277 13447 4615 17289 5256 11273 11528 10382 12944 5787 4259 8486 15536 947 4403 17336 5816 14778 13882 13115 10048 18369 12994 15432 7373 2894 18767 4943 6224 6996 17109 2646 13397 19419 8926 740 19056 10865 18805 11895 2808
16640 18435 10247 11153 14993 7575 5532 14331 18088 4008 1836 5292 16049 12596 18486 8503 7481 4665 443 6076 12990 12096 1604 5317 7625 16842 11465 5451 15826 7123 342 18526 4830 9060 6372 12393 3183 6129 4595 19573 4853 1403
