1	22 
2	54 
3	29 
4	14 17 21 24 
5	49 
6	28 
7	20 
8	51 
9	4 
10	6 43 47 49 
11	19 
12	1 23 32 44 
13	13 43 45 55 
14	36 
15	7 20 28 31 
16	14 23 24 32 
17	12 
18	6 7 14 20 
19	3 13 44 55 
20	55 
21	51 
22	22 31 37 43 
23	4 6 28 54 
24	9 16 18 34 
25	53 
26	12 30 31 32 
27	2 
28	19 
29	1 
30	54 
31	7 9 29 44 
32	9 
33	15 19 37 50 
34	27 
35	17 
36	29 35 51 54 
37	52 
38	8 
39	6 9 14 37 
40	4 
41	14 
42	48 
43	11 
44	3 
45	48 
46	18 
47	33 
48	12 14 24 36 
49	6 23 26 37 
50	20 
51	5 
52	13 
53	6 18 26 48 
54	9 
55	39 
56	3 
57	26 
58	33 
59	34 
60	54 
61	25 
62	2 
63	31 
64	50 
65	33 
66	51 
67	1 5 21 26 
68	16 40 43 50 
69	34 
70	53 
71	49 
72	52 
73	13 18 21 43 
74	19 
75	8 
76	18 
77	7 10 18 24 
78	37 
79	22 31 45 55 
80	24 
81	35 
82	54 
83	18 20 21 55 
84	50 
85	14 
86	40 
87	11 
88	6 
89	15 23 32 38 
90	1 
91	1 
92	51 
93	1 16 18 37 
94	6 29 37 53 
95	24 34 37 44 
96	29 
97	37 
98	46 
99	6 
100	3 
101	20 
102	7 
103	1 2 26 38 
104	8 
105	18 
106	21 
107	16 32 33 38 
108	51 
109	54 
110	40 
111	7 12 18 40 
112	22 28 30 31 
113	41 
114	15 
115	44 
116	1 24 25 43 
117	7 12 13 47 
118	51 
119	21 
120	9 16 20 37 
121	7 12 19 37 
122	2 
123	4 
124	25 
125	34 
126	9 11 18 32 
127	11 13 14 41 
128	13 
129	28 
130	5 29 49 53 
131	23 32 48 54 
132	3 
133	41 
134	4 30 41 43 
135	16 29 34 54 
136	8 
137	24 
138	1 10 16 18 
139	39 
140	25 28 43 50 
141	52 
142	50 
143	8 18 34 49 
144	19 45 47 52 
145	30 
146	8 26 30 36 
147	21 37 52 54 
148	21 42 54 55 
149	6 23 25 32 
150	15 
151	26 
152	13 
153	48 
154	3 16 37 51 
155	28 
156	11 16 31 35 
157	49 
158	45 
159	44 
160	10 
161	5 6 14 21 
162	51 
163	30 33 38 50 
164	11 
165	26 
166	17 
167	6 21 31 34 
168	27 
169	32 
170	32 
171	11 
172	18 21 32 44 
173	17 47 49 50 
174	4 45 48 55 
175	49 
176	37 
177	11 
178	38 
179	15 18 24 26 
180	18 
181	39 40 45 52 
182	37 
183	34 
184	2 
185	48 
186	25 
187	44 
188	9 14 21 28 
189	10 
190	2 
191	49 
192	18 
193	5 
194	5 17 19 33 
195	21 
196	16 
197	14 21 37 40 
198	14 23 27 37 
199	33 
200	7 12 15 34 
201	6 18 30 35 
202	35 
203	7 14 30 47 
204	9 36 40 48 
205	34 
206	6 22 32 43 
207	21 
208	12 
209	15 31 43 55 
210	7 
211	54 
212	42 
213	42 
214	3 9 35 37 
215	1 
216	1 
217	32 
218	28 
219	32 
220	37 
221	3 35 40 53 
222	17 
223	34 
224	16 27 33 40 
225	23 
226	43 
227	16 
228	11 18 37 49 
229	36 
230	24 
231	32 
232	7 23 29 33 
233	15 25 43 45 
234	51 
235	46 
236	12 
237	9 
238	29 
239	15 35 37 39 
240	8 
241	6 46 51 52 
242	44 
243	26 
244	51 
245	21 
246	47 
247	23 
248	21 
249	34 
250	7 18 32 34 
251	16 
252	50 
253	4 
254	55 
255	48 
256	15 
257	41 
258	20 
259	19 
260	52 
261	39 
262	24 
263	52 
264	52 
265	25 
266	23 
267	49 
268	38 
269	38 
270	2 3 13 53 
271	30 33 34 52 
272	15 26 29 53 
273	28 38 53 55 
274	5 
275	29 
276	15 
277	51 
278	25 38 43 55 
279	43 
280	13 
281	3 
282	14 
283	39 45 47 55 
284	40 
285	33 
286	8 
287	4 7 26 51 
288	5 6 45 47 
289	1 
290	52 
291	1 19 44 50 
292	39 
293	3 
294	18 33 45 52 
295	31 
296	19 32 49 52 
297	7 12 34 44 
298	49 
299	27 
300	26 
301	1 5 15 42 
302	30 
303	10 12 33 49 
304	51 
305	6 7 21 34 
306	42 
307	37 
308	6 8 22 47 
309	51 
310	11 
311	4 
312	51 
313	42 
314	20 
315	11 
316	1 5 18 28 
317	28 
318	19 33 44 49 
319	25 
320	4 11 25 43 
321	12 
322	7 15 24 50 
323	18 21 50 55 
324	24 
325	54 
326	7 12 34 50 
327	39 
328	2 22 35 48 
329	11 
330	34 
331	12 
332	3 28 33 34 
333	6 14 27 49 
334	42 
335	17 
336	19 
337	14 33 49 52 
338	28 
339	40 
340	44 
341	4 9 24 54 
342	1 2 3 20 
343	53 
344	16 
345	7 19 31 55 
346	15 25 29 39 
347	36 
348	46 
349	2 
350	26 
351	55 
352	2 
353	39 
354	14 19 20 39 
355	28 
356	9 18 33 38 
357	26 
358	11 22 33 41 
359	32 
360	42 
361	18 21 34 37 
362	30 
363	14 
364	22 
365	50 
366	8 35 39 48 
367	54 
368	38 
369	48 
370	27 
371	30 
372	8 10 26 45 
373	47 
374	25 
375	6 11 14 42 
376	18 
377	48 
378	48 
379	3 
380	52 
381	12 17 33 51 
382	36 
383	19 
384	52 
385	7 15 45 55 
386	2 6 31 37 
387	7 
388	23 26 32 54 
389	5 
390	3 
391	53 
392	17 
393	12 
394	41 
395	50 
396	28 
397	46 
398	46 
399	2 12 42 50 
400	8 
401	1 15 18 28 
402	35 
403	6 14 50 53 
404	5 36 38 43 
405	27 
406	6 
407	9 
408	33 
409	36 
410	43 45 49 55 
411	35 
412	41 
413	1 12 18 47 
414	12 
415	49 
416	45 
417	49 
418	43 
419	8 19 20 23 
420	11 31 43 48 
421	54 
422	14 26 42 46 
423	6 26 51 55 
424	33 
425	51 
426	7 9 12 19 
427	53 
428	50 
429	49 
430	26 
431	37 
432	49 
433	51 
434	44 
435	1 3 38 55 
436	23 25 34 53 
437	19 
438	35 
439	20 
440	43 
441	1 
442	38 
443	19 
444	6 21 33 53 
445	50 
446	55 
447	44 
448	22 
449	14 15 21 38 
450	42 
451	15 
452	41 
453	10 17 24 28 
454	20 
455	21 29 37 43 
456	5 21 44 48 
457	44 
458	21 
459	15 28 34 46 
460	12 
461	47 
462	51 
463	19 
464	26 
465	22 
466	29 
467	26 
468	8 18 21 42 
469	25 
470	14 15 17 46 
471	20 
472	50 
473	13 
474	20 22 29 39 
475	51 
476	3 28 35 40 
477	38 
478	18 19 21 26 
479	17 
480	49 
481	53 
482	30 
483	25 
484	44 
485	31 
486	30 
487	15 28 37 51 
488	46 
489	38 
490	31 
491	26 
492	49 
493	29 
494	52 
495	46 
496	33 
497	26 
498	10 16 24 34 
499	7 
500	14 34 45 51 
501	37 
502	32 
503	1 
504	44 
505	12 
506	13 
507	2 6 12 27 
508	1 39 42 55 
509	33 
510	15 
511	16 
512	2 6 49 50 
513	50 
514	25 40 43 50 
515	7 
516	37 
517	31 
518	47 
519	5 12 26 43 
520	1 
521	46 
522	22 
523	22 
524	10 
525	18 
526	12 
527	2 
528	53 
529	21 33 37 43 
530	45 
531	20 
532	54 
533	46 
534	1 25 26 28 
535	46 
536	12 
537	22 41 43 51 
538	31 33 50 53 
539	26 35 44 54 
540	15 21 29 45 
541	15 
542	17 
543	41 
544	10 
545	54 
546	33 
547	19 
548	35 
549	33 
550	22 
551	9 
552	50 
553	21 
554	7 15 21 47 
555	11 35 36 53 
556	19 
557	3 
558	3 
559	8 
560	22 
561	23 
562	38 
563	50 
564	7 
565	48 
566	1 
567	22 24 27 45 
568	3 36 43 54 
569	27 
570	10 37 40 50 
571	3 38 40 53 
572	13 20 30 39 
573	2 
574	3 18 37 52 
575	1 19 43 55 
576	45 
577	31 
578	7 12 14 15 
579	43 
580	53 
581	47 
582	53 
583	26 28 39 46 
584	10 24 27 46 
585	43 
586	22 
587	44 
588	12 
589	12 
590	1 
591	12 
592	16 19 37 53 
593	31 
594	7 23 42 50 
595	46 
596	37 
597	49 
598	11 
599	51 
600	25 
601	33 
602	3 28 46 52 
603	22 
604	42 
605	9 
606	15 
607	14 
608	48 
609	14 
610	13 
611	2 
612	4 19 26 52 
613	42 
614	36 
615	49 
616	27 
617	21 
618	2 23 32 54 
619	29 
620	34 
621	12 21 44 51 
622	52 
623	14 
624	28 
625	54 
626	48 
627	50 
628	9 11 45 54 
629	9 
630	48 
631	33 
632	52 
633	45 
634	51 
635	45 
636	35 
637	41 
638	22 31 45 55 
639	17 
640	7 18 28 34 
641	41 
642	34 
643	48 
644	25 34 43 49 
645	12 21 31 53 
646	19 
647	41 
648	6 14 21 34 
649	24 
650	1 14 21 27 
651	44 
652	15 43 48 50 
653	50 
654	2 22 31 45 
655	45 
656	25 
657	30 38 41 45 
658	11 28 29 31 
659	50 
660	30 
661	12 28 40 48 
662	6 14 17 33 
663	47 
664	29 
665	10 
666	2 
667	22 
668	18 19 28 43 
669	36 
670	14 23 25 32 
671	43 
672	38 
673	11 31 33 38 
674	24 27 41 49 
675	4 14 43 47 
676	21 
677	11 17 41 49 
678	14 
679	9 
680	39 
681	48 
682	9 
683	11 13 28 37 
684	3 11 18 55 
685	18 
686	16 
687	38 
688	11 14 17 34 
689	53 
690	39 
691	36 
692	38 
693	6 7 34 44 
694	25 
695	45 
696	10 
697	26 
698	55 
699	41 
700	21 25 26 54 
701	2 
702	52 
703	20 
704	5 12 33 49 
705	8 
706	32 39 45 47 
707	12 33 44 52 
708	25 
709	10 18 43 50 
710	7 31 33 49 
711	28 
712	44 
713	4 6 17 52 
714	1 4 34 35 
715	2 
716	49 
717	42 
718	17 
719	49 
720	49 
721	9 
722	31 
723	4 
724	7 
725	5 
726	11 15 27 47 
727	9 
728	16 
729	40 
730	20 25 50 55 
731	39 
732	20 
733	4 12 13 53 
734	6 9 10 15 
735	22 
736	25 
737	1 16 33 36 
738	55 
739	11 
740	51 
741	25 
742	38 
743	13 
744	28 
745	20 
746	52 
747	46 
748	49 
749	43 
750	8 29 41 47 
751	13 
752	11 
753	11 
754	5 
755	49 
756	46 
757	29 
758	42 
759	15 
760	26 
761	22 
762	4 
763	52 
764	48 
765	23 52 53 54 
766	11 14 17 36 
767	1 
768	11 
769	48 
770	44 
771	13 
772	28 
773	50 
774	5 
775	23 27 32 37 
776	5 
777	6 21 29 37 
778	6 14 21 37 
779	28 31 33 48 
780	19 
781	4 7 10 12 
782	37 
783	40 
784	52 
785	43 
786	5 
787	22 
788	50 
789	2 9 15 52 
790	26 
791	6 18 28 43 
792	45 
793	27 
794	2 7 39 51 
795	18 
796	6 23 35 44 
797	5 
798	39 
799	6 8 22 39 
800	6 
801	25 
802	33 
803	1 26 28 42 
804	21 
805	21 26 37 52 
806	9 15 26 34 
807	34 
808	4 
809	1 17 29 44 
810	14 15 40 52 
811	45 
812	29 
813	14 
814	51 
815	11 
816	41 
817	12 17 28 44 
818	29 
819	2 
820	55 
821	27 
822	6 
823	9 18 28 31 
824	13 
825	6 15 20 55 
826	4 
827	50 
828	48 
829	52 
830	10 15 28 51 
831	31 
832	29 
833	31 
834	51 
835	1 18 29 31 
836	2 
837	3 5 13 47 
838	20 
839	41 
840	48 
841	34 
842	28 
843	33 
844	24 
845	12 
846	12 15 50 51 
847	6 
848	17 
849	48 
850	45 
851	9 
852	25 
853	2 8 36 45 
854	15 18 27 37 
855	14 
856	16 28 50 54 
857	7 35 44 45 
858	11 
859	29 
860	34 
861	3 
862	1 
863	18 27 51 55 
864	12 
865	22 
866	23 
867	22 
868	2 3 12 35 
869	14 
870	25 29 35 52 
871	15 
872	54 
873	49 
874	48 
875	2 
876	22 
877	50 
878	3 4 39 40 
879	40 
880	18 25 45 55 
881	20 
882	16 
883	40 
884	1 18 38 53 
885	33 
886	8 28 34 36 
887	4 7 19 33 
888	33 
889	20 
890	15 
891	15 23 35 53 
892	3 35 53 55 
893	49 
894	35 
895	40 
896	11 
897	1 
898	40 
899	2 
900	28 
901	38 
902	32 
903	34 
904	1 15 26 39 
905	4 12 17 42 
906	12 26 34 35 
907	45 
908	43 
909	18 
910	22 31 37 43 
911	40 
912	52 
913	38 
914	7 9 10 14 
915	29 
916	51 
917	15 19 43 53 
918	6 10 21 50 
919	29 35 45 53 
920	1 6 7 8 
921	7 
922	50 
923	37 
924	25 26 35 39 
925	13 17 25 47 
926	26 
927	6 7 14 20 
928	19 23 29 37 
929	33 
930	16 44 47 51 
931	11 19 50 55 
932	43 
933	53 
934	25 36 45 55 
935	25 
936	6 14 19 42 
937	50 
938	15 
939	7 17 42 50 
940	10 15 40 52 
941	23 26 29 40 
942	7 18 23 46 
943	19 25 41 55 
944	52 
945	11 
946	29 
947	14 
948	50 
949	12 13 38 41 
950	52 
951	19 
952	4 8 44 50 
953	22 
954	1 35 40 53 
955	3 29 35 39 
956	6 7 30 34 
957	29 36 42 52 
958	45 
959	3 
960	50 
961	11 22 31 48 
962	16 32 34 49 
963	22 
964	17 29 32 37 
965	37 
966	19 
967	25 
968	19 
969	33 
970	16 26 32 35 
971	18 20 39 47 
972	4 21 30 31 
973	7 
974	10 23 44 54 
975	52 
976	33 
977	6 
978	7 22 24 42 
979	29 
980	52 
981	34 
982	14 
983	7 
984	13 18 23 37 
985	25 48 52 55 
986	52 
987	15 
988	23 32 38 44 
989	3 8 21 53 
990	2 7 10 31 
991	11 30 41 50 
992	1 2 3 38 
993	9 12 29 45 
994	52 
995	15 25 37 55 
996	33 
997	8 14 34 43 
998	3 7 12 25 
999	6 
1000	4 12 24 52 
