385 129 789 661 919 23 535 405 406 21 798 166 299 942 174 434 50 692 51 566 312 825 445 959 960 967 584 970 77 337 594 980 852 985 351 353 98 99 355 872 744 121 507 895
3 387 131 523 11 653 270 399 15 274 791 283 162 932 293 294 423 296 44 688 950 696 569 571 61 321 193 966 582 74 210 599 215 606 94 999 617 250 491 748 881 246 762 767
896 769 516 517 645 10 138 525 33 34 35 936 41 426 939 817 820 824 440 952 187 699 189 64 451 461 846 343 216 473 219 478 737 738 996 997 743 875 108 109 622 115 891
640 770 898 900 773 774 386 905 778 920 281 25 671 289 930 550 169 47 308 565 694 438 56 185 826 827 956 962 963 708 198 851 212 348 991 232 504 237 751 760 633 892 765
2 390 518 265 139 529 914 915 282 668 30 801 547 548 806 422 302 687 183 317 830 190 449 197 586 976 848 465 723 84 218 731 475 474 611 616 362 879 111 118 251 252
130 264 393 782 783 19 659 407 279 794 927 292 805 941 179 437 55 441 957 958 831 837 971 462 335 595 725 989 479 610 612 102 742 876 753 244 117 501 381
513 520 398 276 532 664 795 284 925 670 544 545 810 684 814 943 690 819 691 186 453 969 845 720 977 338 472 217 89 346 861 993 870 104 107 759
514 776 781 142 655 18 792 667 156 675 680 938 172 45 813 948 564 58 842 460 207 979 85 982 889 995 101 231 110 241 245 761 635 509 254 639
641 775 12 909 278 536 669 290 37 678 429 177 433 821 698 444 572 702 63 832 191 192 450 965 968 328 76 205 719 341 600 860 614 885 888
132 907 140 788 149 918 541 804 937 300 560 62 320 578 324 452 581 840 717 847 464 469 986 349 869 998 487 747 364 365 494 880 120 508 253
391 648 650 652 141 272 916 660 151 542 926 32 414 295 809 561 443 322 964 454 329 972 589 588 79 83 724 236 621 366 625 371 247 376 764
512 263 780 786 662 922 29 159 674 180 54 568 313 59 834 194 710 326 585 204 974 593 984 356 486 233 882 370 628 757 887 248 379 637
257 899 772 134 262 137 910 527 784 158 416 419 167 43 944 436 184 954 333 78 854 983 857 988 350 95 992 864 97 736 230 488 363 629
392 777 9 524 397 143 144 17 147 20 929 935 554 173 303 689 946 331 332 978 211 855 732 863 481 354 489 877 238 373 502 766
646 908 396 657 787 403 793 160 439 953 442 570 72 203 975 468 856 344 222 735 352 865 360 873 746 619 878 750 496 755 503 632
768 897 771 268 145 533 153 665 928 551 425 298 431 176 945 307 693 955 188 841 467 345 867 103 492 113 754 883 498 506 638
636 1 519 779 656 530 155 673 38 947 52 311 325 71 199 459 336 721 726 730 224 609 483 868 745 493 368 380 893 126
256 260 904 521 906 651 654 150 408 800 418 934 940 815 304 695 961 202 458 973 603 375 994 613 361 620 239 374 631 127
128 5 7 14 277 280 799 802 163 427 428 686 818 182 828 319 576 69 714 850 340 92 234 106 242 372 630 758 763
259 135 903 528 409 537 796 287 161 39 682 555 812 432 49 951 315 711 73 722 82 466 470 728 220 96 624 756 122
901 6 266 395 273 402 663 24 288 291 552 301 305 562 829 318 448 712 80 596 605 862 105 623 495 243 116
133 394 269 531 275 923 924 31 679 297 703 833 706 705 67 580 196 327 456 457 577 849 81 213 858 634
644 401 534 26 413 286 933 557 175 816 949 446 835 843 716 209 853 471 601 602 93 866 749 626 500 377
0 389 271 404 539 27 285 803 36 677 811 178 309 707 206 208 339 90 608 227 485 752 627 890
384 642 4 522 790 28 157 165 168 681 556 567 70 839 455 587 334 342 607 225 739 615 367 505
8 146 917 154 538 540 672 420 683 823 701 447 709 201 88 859 476 733 874 499 249 123 382 383
647 136 913 549 807 430 48 563 53 822 181 60 704 66 579 583 214 87 221 359 490 618 884 125
13 16 666 410 417 553 170 46 310 316 323 838 75 590 597 987 604 484 229 886 124 255
643 902 526 546 164 558 314 700 575 195 200 715 591 592 226 482 228 358 497 114 119 510
388 148 797 543 424 685 559 306 573 836 713 330 86 729 347 734 480 871 240 378 894
65 258 515 676 40 808 463 112 369 400 697 22 727 57 91 412 574 223
171 235
