0 4 31 39 149 168 193 226 237 259 272 299 329 404 418 447 456 465 466 488 505 594 623 674 688 691 696 728 740 778 802 838 957 
104 170 172 181 220 228 233 267 303 326 405 408 430 463 467 489 515 528 539 546 549 556 578 595 602 645 656 666 671 679 683 721 727 731 745 863 882 900 932 958 
33 76 111 139 188 206 242 248 253 274 291 292 328 360 363 364 378 379 435 445 446 454 460 523 570 580 604 607 649 668 678 741 754 762 777 848 849 857 873 891 901 937 965 978 995 997 
1 5 7 21 37 46 64 83 113 116 127 146 167 173 210 245 246 249 290 310 318 342 348 349 357 385 406 421 429 436 450 464 486 521 525 544 551 563 567 577 628 665 672 697 742 747 761 769 781 785 798 804 836 867 879 904 935 959 967 970 983 984 
15 22 94 110 137 200 207 275 279 283 307 332 344 358 366 368 376 433 476 501 532 548 569 574 597 610 627 689 692 735 755 770 886 892 894 914 955 987 992 
48 62 66 81 102 109 115 122 126 131 143 151 153 154 191 198 254 261 294 323 393 431 455 475 487 502 512 542 559 575 609 673 685 715 732 758 768 794 795 811 822 833 841 907 944 949 
24 25 101 148 216 331 372 416 425 457 482 614 618 624 637 739 792 810 829 835 924 938 
54 63 96 105 123 152 159 194 195 239 280 305 335 353 370 401 414 423 424 443 449 472 510 514 541 547 552 561 591 613 615 617 651 655 662 664 686 698 701 712 719 724 737 749 750 776 787 788 817 837 839 852 856 866 868 872 910 918 920 927 929 966 968 969 979 981 985 991 
2 88 103 119 140 176 236 306 355 374 375 383 413 428 452 477 531 533 537 572 638 658 660 695 707 708 716 743 784 834 860 864 869 871 887 915 974 994 
57 87 144 204 222 230 256 298 361 381 391 462 490 493 496 520 534 592 598 630 633 700 723 763 796 815 884 921 934 960 
26 75 117 118 302 507 587 626 652 705 773 800 846 908 947 
3 27 38 58 77 145 157 166 169 182 212 217 338 341 356 432 479 497 573 584 659 670 703 772 793 807 859 885 897 980 996 
12 55 69 97 121 135 180 277 285 300 327 352 394 415 439 453 483 495 499 508 536 606 612 622 646 677 713 714 786 801 803 813 875 941 
16 20 67 70 138 183 190 218 225 257 263 301 324 334 461 494 516 524 625 738 827 847 923 946 950 956 973 986 
10 35 42 43 71 100 107 125 129 141 158 165 192 271 295 347 367 382 386 411 420 437 448 480 503 513 601 611 629 644 648 718 744 760 780 791 809 812 821 823 844 889 902 916 948 
56 73 79 197 211 221 240 247 260 269 304 313 340 346 412 444 451 458 527 529 555 562 653 667 706 709 710 748 775 819 825 870 905 906 926 933 976 
17 29 132 264 273 518 632 634 676 720 757 805 840 854 945 
6 13 53 86 92 142 177 186 189 241 321 365 402 409 434 438 550 566 583 585 647 654 675 684 711 717 729 734 767 816 845 911 928 942 964 971 982 998 
44 49 61 68 78 85 155 185 187 289 316 395 426 471 582 636 730 751 783 843 851 876 880 881 943 988 
28 36 90 156 175 184 201 208 215 252 262 268 284 286 287 288 296 317 319 330 337 343 345 380 399 400 407 410 441 481 498 526 530 553 560 596 600 619 639 640 643 657 661 680 681 699 733 752 766 771 806 830 832 855 861 877 890 903 954 961 962 989 993 
8 84 98 163 203 213 214 223 229 244 266 278 297 308 309 315 325 351 396 398 470 558 564 642 650 693 702 736 753 756 779 814 831 862 909 922 963 990 999 
34 51 59 80 89 112 150 238 282 419 427 568 571 599 605 631 690 764 799 824 842 853 972 
19 41 91 124 128 258 314 354 359 442 484 500 509 517 535 538 608 682 797 858 899 913 925 939 
9 32 52 99 106 136 160 205 234 293 339 350 369 371 392 506 519 593 603 663 818 865 874 878 977 
18 74 82 171 231 265 469 491 581 774 917 930 
23 50 93 95 134 161 164 178 179 202 209 219 224 232 250 311 322 387 388 403 417 478 492 540 557 576 579 616 694 704 722 726 789 820 826 828 951 
11 60 120 133 162 227 270 281 336 377 384 474 504 511 635 725 746 765 782 790 808 850 893 931 952 953 
14 45 47 65 72 114 130 255 276 362 373 397 422 440 459 468 485 620 621 669 888 896 919 936 
30 243 312 545 586 
40 108 147 174 196 199 235 251 320 333 389 390 473 522 543 554 565 588 589 590 641 687 759 883 895 898 912 940 975 
