0 4 39 49 131 149 168 170 193 224 226 237 259 272 329 418 447 456 465 466 488 490 505 572 594 623 674 688 691 696 728 740 778 802 838 871 957 
6 13 23 36 37 53 66 81 86 90 92 94 104 115 122 142 156 175 177 181 184 186 189 191 198 201 208 215 228 241 254 262 268 284 286 288 296 303 321 330 343 345 365 393 400 402 405 407 409 410 431 434 438 481 528 532 550 553 559 560 566 583 585 609 639 643 647 654 657 675 680 681 684 692 711 717 729 733 734 738 752 766 767 771 794 795 816 821 832 845 861 863 903 911 928 942 954 961 962 964 971 982 989 998 
33 76 111 112 139 188 206 242 248 253 274 291 292 328 360 363 364 378 379 430 435 445 454 460 523 570 580 604 607 649 668 678 741 754 762 777 848 849 857 873 891 901 937 965 978 995 997 
1 5 7 21 46 48 62 64 83 109 113 116 127 143 146 154 167 173 210 245 246 249 261 290 310 323 342 348 349 357 385 406 421 429 436 450 455 464 486 498 512 521 542 551 563 567 577 628 656 665 672 673 685 697 715 732 742 747 758 761 768 769 781 785 798 804 811 836 841 867 879 904 935 944 949 959 967 970 983 984 
172 220 233 267 326 408 463 467 489 515 539 546 549 556 578 595 602 645 666 671 679 683 721 727 745 882 900 932 958 
15 110 137 200 207 275 279 283 332 344 358 366 368 376 433 476 501 548 569 574 597 610 627 689 735 755 770 886 892 894 914 955 987 992 
24 25 101 148 216 331 372 416 425 457 482 544 614 618 624 637 739 792 810 829 835 924 938 
16 18 20 30 63 67 70 74 82 102 117 118 120 123 126 138 141 152 153 159 171 183 190 195 218 225 231 238 243 257 263 265 280 301 305 312 318 324 334 353 370 387 388 423 424 446 449 461 469 472 475 487 491 494 502 510 516 524 525 545 552 581 586 615 617 625 651 664 698 712 719 737 749 774 776 787 789 822 827 837 839 847 872 907 910 917 918 920 923 927 930 946 950 956 966 969 973 979 985 986 991 
2 28 88 103 119 140 176 236 306 355 374 375 383 413 428 452 477 531 533 537 638 658 660 695 707 708 716 743 784 834 860 864 869 887 915 974 994 
17 26 29 75 84 132 264 271 273 302 507 518 587 626 632 634 652 676 705 720 757 773 800 805 840 846 854 908 945 947 
3 27 38 58 77 145 157 161 166 169 182 202 212 217 299 338 341 356 417 432 479 497 573 579 584 659 670 694 703 722 726 772 793 807 826 859 885 897 980 996 
8 31 98 163 203 213 214 223 229 244 266 278 297 308 309 315 322 325 351 396 398 399 404 470 514 558 564 642 650 661 693 702 709 736 753 756 760 779 814 831 862 909 922 963 990 999 
12 55 69 97 121 135 180 277 285 300 327 352 394 415 439 453 483 495 499 508 536 606 612 622 646 677 713 714 786 801 803 813 875 941 
35 42 43 71 107 125 129 158 165 179 192 295 347 367 382 386 411 420 437 448 480 503 513 601 611 629 644 648 718 744 780 791 809 812 823 844 889 902 916 948 
54 96 194 239 335 401 414 443 541 547 561 591 613 655 662 686 701 724 731 788 817 852 856 866 868 929 968 981 
56 73 79 151 197 211 221 240 247 260 269 294 304 313 340 346 412 444 451 458 527 529 555 562 653 667 706 710 748 775 819 825 833 870 905 906 926 933 976 
44 61 68 78 85 155 185 187 289 316 395 426 471 582 636 730 751 783 843 851 876 880 881 943 988 
22 105 252 287 317 319 337 441 526 530 596 600 619 640 699 750 806 830 855 877 890 993 
34 51 59 80 89 150 282 380 419 427 568 571 599 605 631 690 764 799 824 842 853 972 
19 41 91 124 128 258 314 354 359 442 484 500 509 517 535 538 608 682 797 858 899 913 925 939 
9 32 52 99 106 136 160 205 234 293 339 350 369 371 392 506 519 593 603 663 818 865 874 878 883 977 
10 50 93 95 164 209 219 232 250 403 478 540 576 616 704 820 828 951 
11 60 133 134 162 227 270 281 336 377 384 474 492 504 511 557 635 725 746 765 782 790 808 850 893 931 952 953 
14 45 47 65 72 114 130 255 276 362 373 397 422 440 459 468 485 575 620 621 669 888 896 919 936 
40 108 147 174 178 196 199 235 251 307 320 333 389 390 473 522 543 554 565 588 589 590 641 687 759 895 898 912 940 975 
57 87 100 144 204 222 230 256 298 311 361 381 391 462 493 496 520 534 592 598 630 633 700 723 763 796 815 884 921 934 960 
