0 17 47 97 102 126 163 186 211 224 423 454 520 532 697 721 744 748 779 809 933 
25 39 40 48 52 56 62 68 83 89 162 164 172 173 175 195 202 204 207 250 270 277 309 338 347 353 360 363 378 379 387 407 409 429 433 437 440 461 463 469 490 494 527 536 544 549 550 552 572 576 580 604 623 640 645 646 651 659 660 665 710 712 715 724 730 734 740 753 766 772 790 794 818 827 833 838 852 858 860 889 964 966 987 996 997 
27 32 45 61 70 108 141 160 190 203 229 269 272 285 303 323 355 368 369 395 415 431 478 497 505 518 574 612 633 683 780 820 872 873 977 
2 3 26 71 90 161 184 243 248 267 278 282 284 329 334 336 342 346 383 384 390 421 426 441 466 467 472 482 498 499 507 519 528 534 561 585 605 613 636 643 650 653 674 678 684 685 693 722 732 742 768 784 788 798 802 804 825 841 848 855 874 879 885 907 937 940 956 965 968 971 974 982 984 994 998 
1 33 72 188 192 196 215 247 286 295 343 364 374 386 398 411 419 474 493 495 529 559 600 601 624 647 676 687 694 714 750 795 823 832 878 887 915 951 990 
60 75 130 154 170 180 242 256 291 305 318 391 399 434 455 487 496 502 546 563 564 603 713 761 762 910 960 961 986 991 
18 46 69 74 76 100 109 129 149 187 298 302 319 326 332 452 453 462 481 537 562 565 615 638 688 689 743 749 769 791 861 870 926 927 935 
77 84 111 142 144 148 171 189 208 226 237 274 439 444 451 500 503 510 512 551 587 591 618 656 692 776 797 822 851 905 911 923 945 
6 58 98 118 119 131 138 179 185 205 206 217 230 240 262 288 345 351 377 385 428 436 491 492 568 611 696 707 816 894 902 904 941 978 
20 73 94 156 181 222 308 330 357 470 477 484 508 517 582 631 700 755 793 884 897 922 928 953 
8 10 63 65 78 85 86 87 91 93 96 115 120 122 155 157 166 213 223 227 232 236 241 244 257 266 273 279 280 299 311 313 322 325 327 328 340 354 356 359 376 408 414 432 435 446 485 489 506 516 521 531 533 541 543 579 583 588 597 598 599 606 625 626 635 658 662 663 669 680 682 691 703 704 711 718 719 727 728 741 757 758 763 792 796 803 815 828 842 850 859 862 869 871 875 896 898 920 931 938 943 947 950 952 967 969 970 972 973 983 988 992 999 
12 13 50 82 113 255 259 260 283 293 300 324 402 479 504 558 571 608 619 630 668 679 699 739 746 864 890 895 932 936 944 948 989 993 
15 57 81 169 238 246 261 263 389 397 442 586 589 648 675 716 738 783 813 913 985 
4 21 23 59 104 106 116 158 197 212 216 258 297 301 341 381 410 416 464 480 511 545 548 573 578 620 632 652 695 745 759 764 775 800 814 836 843 857 892 903 908 914 975 981 
54 137 145 153 214 310 335 394 412 438 456 468 542 547 595 771 781 830 849 918 
5 24 51 178 220 221 296 307 317 365 406 422 445 471 535 592 621 627 637 654 726 751 777 835 856 881 891 955 976 
22 34 37 55 67 134 168 183 200 210 219 225 233 235 239 275 314 344 349 352 358 400 401 430 509 581 590 649 686 729 736 778 787 819 834 899 925 929 
7 19 38 42 132 140 147 276 306 315 375 403 447 570 614 666 673 737 760 799 801 811 863 868 886 900 959 
11 14 125 146 304 418 420 449 522 526 785 805 839 845 866 909 921 
9 44 49 79 139 174 249 316 320 321 361 405 448 473 554 622 657 661 765 770 786 853 888 
36 53 95 117 127 176 177 218 234 265 294 373 380 425 443 539 557 596 609 634 642 672 701 702 720 774 782 806 810 821 840 906 942 954 962 963 
66 99 105 121 124 128 136 150 167 201 228 245 289 331 333 362 417 427 459 475 523 671 677 709 756 829 831 854 880 958 
16 29 30 133 135 193 199 271 337 367 388 396 476 575 593 616 725 767 817 826 876 995 
64 123 312 366 514 540 560 602 681 708 747 752 867 924 934 
194 209 231 348 457 458 486 488 501 538 553 556 607 610 641 670 705 789 837 847 877 882 901 949 
112 182 191 253 254 264 371 392 460 513 525 567 569 584 628 644 655 698 717 723 735 754 807 808 844 957 
28 31 35 41 88 92 101 103 110 151 152 165 198 252 281 287 292 339 350 370 372 382 393 404 424 450 465 483 515 555 594 617 639 664 667 690 731 733 812 824 865 912 917 939 979 980 
43 80 107 114 143 159 251 268 290 413 524 530 566 577 629 706 773 846 883 893 916 919 930 946 
