0 1 4 9 31 32 33 37 39 40 49 52 63 76 99 104 106 111 117 118 123 129 131 136 139 141 149 152 159 160 168 170 172 178 181 188 193 195 205 206 208 220 226 227 228 233 234 237 242 248 253 259 267 272 274 280 291 292 293 299 303 305 308 311 318 326 328 329 339 350 353 360 363 364 369 370 371 378 379 388 392 395 404 405 408 418 423 424 430 435 445 446 447 449 450 454 456 460 463 465 466 467 472 476 488 489 490 505 506 510 514 515 519 523 525 528 539 546 549 552 556 557 570 572 578 585 593 594 595 602 603 604 607 608 615 617 623 643 645 649 651 656 663 664 666 668 671 674 678 679 683 687 688 691 696 698 712 719 721 727 728 731 737 740 741 745 749 754 759 762 776 777 778 787 802 818 837 838 839 845 848 849 857 863 865 871 872 873 874 878 882 883 891 900 901 910 917 918 920 927 932 935 937 957 958 965 966 969 977 978 979 985 991 995 997 999 
5 21 116 167 249 348 349 385 406 421 436 551 563 567 577 628 672 747 761 867 983 
10 15 35 42 43 71 98 100 107 110 125 137 158 163 165 192 200 207 275 279 283 295 307 309 325 332 344 347 351 357 358 366 367 368 376 382 386 411 420 433 437 448 501 503 513 548 569 574 597 601 610 611 627 629 644 648 689 718 735 744 755 760 770 780 791 809 812 821 823 844 862 886 889 892 894 902 914 916 948 955 987 992 
48 62 66 81 102 109 115 122 126 143 151 153 154 191 198 254 261 294 323 393 431 455 475 487 502 512 542 559 575 609 673 685 715 732 758 768 794 795 811 822 841 907 944 949 
7 46 64 83 113 127 146 173 210 245 246 290 310 342 429 464 486 521 665 697 742 769 781 785 798 804 836 879 959 967 970 984 
24 25 101 148 216 331 372 416 425 457 482 544 614 618 624 637 739 792 810 829 835 924 938 
2 88 103 119 140 176 236 306 355 374 375 383 413 428 452 477 531 533 537 638 658 660 695 707 708 716 743 784 834 860 864 869 887 915 974 994 
17 26 29 75 84 112 132 264 271 273 278 302 507 518 534 587 626 632 634 652 676 705 720 757 773 800 805 840 846 854 904 908 945 947 990 
3 27 58 77 145 157 166 169 182 212 217 338 341 356 432 479 497 573 584 659 670 703 772 793 807 859 885 897 980 996 
12 55 69 97 121 135 180 277 285 300 327 352 394 415 439 453 483 495 499 508 536 606 612 622 646 677 713 714 786 801 803 813 875 941 
20 67 70 138 183 190 218 225 257 263 301 324 334 461 494 516 524 625 738 827 847 923 946 950 956 973 986 
54 96 194 239 335 401 414 443 541 547 561 580 591 613 655 662 686 701 724 788 817 852 856 866 868 929 968 981 
56 73 79 197 211 221 240 247 260 269 304 313 340 346 412 444 451 458 527 529 555 562 653 667 706 709 710 748 775 819 825 833 870 905 906 926 933 976 
6 13 23 53 86 92 142 177 186 241 321 365 402 409 434 550 566 583 647 654 675 684 711 717 729 734 767 816 911 928 942 964 971 982 998 
44 61 68 78 85 155 185 187 289 316 426 471 582 636 730 751 783 843 851 876 880 881 943 988 
22 28 94 105 175 199 252 268 287 317 319 337 399 441 498 526 530 532 596 600 619 640 661 692 699 750 806 830 855 877 890 993 
8 203 213 214 223 229 244 266 297 315 396 398 470 558 564 642 650 693 702 736 753 756 779 814 831 909 922 963 
34 51 59 80 89 150 282 380 419 427 568 571 599 605 631 690 764 799 824 842 853 972 
19 41 91 124 128 258 314 354 359 442 484 500 509 517 535 538 682 797 858 899 913 925 939 
16 18 30 74 82 171 231 238 243 265 312 469 491 545 581 586 774 930 
50 93 95 134 161 164 179 189 202 209 219 224 232 250 322 387 403 417 438 478 480 492 540 576 579 616 694 704 722 726 789 820 826 828 951 
11 60 120 133 162 174 270 281 336 377 384 474 504 511 635 725 746 765 782 790 808 850 893 931 952 953 
14 45 47 65 72 114 130 255 276 362 373 397 422 440 459 468 485 620 621 669 888 896 919 936 
36 90 156 184 201 215 262 284 286 288 296 330 343 345 400 407 410 481 553 560 639 657 680 681 733 752 766 771 832 861 903 954 961 962 989 
57 87 144 204 222 230 256 298 361 381 391 462 493 496 520 592 598 630 633 700 723 763 796 815 884 921 934 960 
38 108 147 196 235 251 320 333 389 390 473 522 543 554 565 588 589 590 641 895 898 912 940 975 
