0 52 254 262 336 363 431 447 497 499 557 585 601 632 633 635 671 673 742 771 783 787 800 826 869 878 890 932 950 968 971 
11 49 68 81 146 171 175 196 210 231 237 241 250 259 296 311 329 337 344 349 358 388 461 506 510 619 634 649 694 747 769 774 799 813 816 835 842 856 924 933 946 947 951 
91 121 151 182 192 223 272 345 408 439 458 477 487 496 525 551 577 609 669 697 704 846 881 927 948 
17 56 73 90 188 220 246 270 282 297 398 410 444 485 495 538 583 591 592 620 653 665 667 680 689 750 776 779 828 885 894 955 975 
1 39 48 105 172 177 195 198 213 216 225 243 274 276 284 309 321 339 359 373 378 478 521 590 594 610 637 645 658 664 666 720 730 758 817 824 853 857 859 884 922 937 964 
2 12 15 23 101 124 127 179 261 287 291 298 314 315 379 391 420 436 450 502 505 549 556 559 595 641 678 681 796 839 905 941 962 963 985 989 
19 27 28 33 61 67 80 87 99 103 117 194 200 207 214 235 238 239 240 242 278 299 310 331 346 351 355 360 364 365 372 415 417 448 466 473 474 488 504 513 517 527 536 578 587 631 655 663 714 722 723 735 739 740 756 760 778 801 820 841 844 847 874 919 920 923 967 970 972 979 991 999 
9 53 65 82 139 159 162 178 199 268 280 376 389 402 526 627 743 757 862 875 899 900 909 959 977 
3 40 54 79 94 102 111 154 168 185 248 279 306 320 341 343 403 406 449 509 515 562 563 687 698 732 762 811 814 819 823 825 833 836 864 887 907 916 938 
66 112 140 153 160 167 197 212 227 244 273 283 286 294 323 326 395 484 522 541 544 550 558 586 650 702 708 711 775 810 850 904 906 910 
6 26 32 38 45 71 76 78 110 122 125 144 145 148 155 158 165 184 277 285 300 312 338 340 356 385 401 427 441 443 445 457 459 464 468 472 479 480 482 494 498 539 542 548 574 598 608 613 615 625 630 644 651 668 677 690 699 707 716 733 759 766 784 791 793 809 815 838 855 858 860 865 866 868 870 889 897 917 928 953 969 974 981 994 
4 30 34 109 116 133 163 191 193 263 289 295 463 512 566 692 706 715 734 753 790 871 925 952 957 973 
8 16 25 64 100 104 108 137 181 189 217 305 348 357 370 394 397 429 442 500 508 519 530 580 643 648 654 701 717 721 767 782 789 818 832 840 863 898 913 993 
5 18 29 55 58 75 150 203 234 266 281 288 292 367 393 421 475 492 520 547 584 710 712 725 765 772 936 944 960 961 
22 50 107 170 209 245 290 399 528 529 555 569 571 607 672 674 695 737 764 912 954 983 
20 31 37 83 84 190 218 260 307 386 424 467 469 476 507 533 593 626 703 719 731 792 852 883 921 984 
10 41 95 118 130 141 161 180 256 265 327 333 354 407 432 460 489 560 567 612 616 624 679 744 795 827 849 901 942 945 990 
97 98 252 253 302 313 371 390 400 425 561 691 727 745 746 748 752 770 781 926 
7 13 43 72 85 86 115 128 205 257 264 269 352 384 418 430 454 490 491 537 553 568 618 642 726 761 802 807 829 830 893 934 
42 57 62 74 114 123 142 183 226 396 405 414 423 446 451 470 573 581 603 611 622 639 640 685 700 773 788 806 821 872 891 908 918 935 976 986 
36 63 70 136 143 152 229 301 377 465 481 483 511 531 570 600 646 686 729 736 749 768 777 786 794 804 812 822 831 867 877 886 903 914 915 939 988 
14 21 46 59 119 120 132 135 169 204 208 221 232 236 293 316 362 426 428 434 453 456 462 471 493 545 572 579 582 588 599 606 636 659 661 688 709 751 837 851 876 930 966 978 995 997 
47 88 106 131 149 166 174 186 187 215 251 347 412 565 657 741 763 808 845 882 888 929 940 
113 126 129 138 233 249 308 319 335 342 433 486 534 540 605 621 656 660 682 684 728 785 896 
51 77 147 157 164 230 275 303 318 325 375 392 409 416 438 501 596 614 647 652 670 676 755 805 879 902 949 958 980 996 
44 89 173 202 206 267 271 322 353 374 437 455 535 543 546 623 662 705 780 843 848 911 
24 69 176 255 258 324 330 332 334 368 380 381 383 387 413 452 503 564 575 576 628 629 675 724 738 798 880 892 931 943 987 992 
60 92 96 134 156 211 219 224 228 304 317 369 382 404 419 435 516 532 554 696 754 803 834 
35 93 201 222 247 328 350 361 366 411 422 440 514 518 523 524 552 589 597 602 604 617 638 683 693 713 718 797 854 861 873 895 956 965 982 998 
