896 389 10 779 12 267 524 400 275 790 662 411 806 39 936 809 679 299 301 437 565 317 445 447 446 711 457 203 976 80 851 982 86 857 474 348 220 735 871 489 877 752 119 767
897 645 7 391 138 523 396 909 401 921 162 428 558 434 566 187 191 576 961 704 451 325 839 200 717 206 209 594 595 980 85 596 866 742 616 363 110 112 883 115 376 765 895
128 386 387 772 906 917 25 26 798 929 33 295 680 296 944 432 308 564 826 61 581 328 586 459 590 471 856 599 987 221 353 226 738 996 997 492 493 368 882 629 632 638
519 139 395 653 910 399 531 793 553 42 43 427 686 47 431 433 693 189 320 450 579 452 70 584 74 974 719 863 736 610 356 485 486 231 230 874 114 245 121 253 383
768 4 392 14 527 154 930 804 167 429 559 947 307 821 312 698 318 449 324 965 456 968 78 207 212 597 731 867 999 359 362 748 622 879 367 503 377 379 636 126
262 647 394 397 912 273 157 159 800 674 551 40 681 44 560 435 697 442 835 971 715 205 847 208 981 215 346 475 734 862 487 617 240 885 118 375 249 892 894 255
509 516 907 148 534 663 920 922 415 928 673 289 38 682 561 436 827 62 64 966 589 978 216 219 988 864 96 97 480 746 235 494 239 758 502 125 510
769 390 774 278 407 279 153 282 672 32 802 34 35 36 163 420 544 937 169 813 48 184 321 836 718 975 462 466 100 741 106 620 237 751 754 630 247
130 773 6 526 402 658 532 918 667 417 164 293 298 172 941 303 951 574 838 75 973 468 347 861 990 607 355 488 105 745 621 109 755 627 886 251
135 777 654 911 271 270 786 408 24 926 545 675 552 568 188 834 707 464 211 724 470 87 728 601 217 91 92 345 352 995 358 365 366 624 369 117
770 771 260 528 272 149 150 794 283 28 796 29 546 165 171 54 954 58 578 964 329 461 82 344 89 602 859 477 351 762 102 498 122 635 508
388 916 660 543 290 421 807 297 175 185 314 57 956 190 448 577 79 984 732 608 998 123 111 496 241 626 499 884 757 759 248 505 891 639
900 644 9 145 788 538 284 927 173 685 943 945 689 178 948 691 950 438 694 310 319 713 842 716 593 858 603 478 865 740 103 750 501
640 899 903 141 782 406 288 161 803 938 555 946 179 182 441 443 831 192 963 69 72 204 592 855 989 993 737 868 870 234 619 236 631
134 655 530 410 669 426 557 49 818 817 820 562 305 311 699 829 67 196 967 712 330 979 860 93 350 95 224 225 605 104 887 633 506
898 133 905 913 274 785 27 923 414 932 933 548 939 439 825 186 316 194 708 199 969 714 848 214 983 727 994 354 357 623 370 244 634
512 652 781 525 783 915 659 277 792 537 155 670 671 31 292 805 935 569 701 322 68 709 326 846 342 992 233 108 495 371 246 380
385 646 265 269 146 147 276 661 151 536 812 306 949 440 571 958 702 575 66 710 463 83 852 349 606 483 747 878 504 252
17 541 285 286 547 53 183 56 828 700 960 962 198 77 334 81 722 725 726 986 991 609 228 875 107 491 880 497 243
641 643 517 263 648 264 650 908 15 16 931 419 37 423 942 567 955 580 455 76 467 730 479 223 227 101 756 127
513 904 778 20 664 422 55 952 444 63 195 582 970 458 972 845 720 721 338 84 473 733 482 611 364 749 373 381
520 137 780 268 142 529 795 413 158 30 799 549 550 170 814 176 177 695 957 73 331 465 337 612 872 374 120
256 1 258 132 136 393 140 409 156 808 425 300 46 302 953 572 197 841 600 218 744 873 116 378 890
0 257 129 784 403 23 539 687 690 59 833 837 201 844 333 460 591 343 613 614 618 888 124 766
131 776 144 914 791 152 677 934 811 556 45 50 563 313 959 193 335 723 469 472 604 615 889 507
3 5 775 13 404 665 160 801 168 815 819 52 181 830 703 454 327 587 625 113 242 250 764
384 11 21 22 535 281 412 925 542 416 424 41 684 822 824 706 323 71 598 854 360 238 254
642 259 522 651 657 797 418 810 51 573 453 583 341 88 222 98 99 869 229 372 760
514 261 266 18 789 668 554 430 309 696 705 843 850 340 94 481 743 232 876 753 763
2 515 901 521 143 533 919 540 287 676 678 683 816 688 65 840 585 339 476 761
291 902 518 8 361 332 174 60 656 210 787 19 853 213 280 729 570 924
977 90
