5 30 54 129 132 153 174 227 234 260 270 335 339 351 386 415 416 425 427 437 473 505 530 535 549 563 576 600 629 688 694 720 746 747 787 796 846 849 853 882 884 906 911 917 960 963 969 991 
8 26 44 48 100 105 141 164 175 194 201 218 231 236 239 241 257 268 297 316 318 340 368 369 372 380 395 397 400 407 419 421 458 467 488 489 494 506 509 517 519 547 556 557 558 575 594 616 624 630 633 660 673 753 760 770 775 781 792 793 797 811 815 816 819 828 830 838 839 845 886 896 899 900 902 904 909 920 965 983 986 990 
33 43 45 49 97 139 145 146 152 163 168 215 248 271 276 303 311 364 381 402 418 477 482 490 498 539 542 552 571 578 586 596 605 613 631 637 648 655 659 664 669 703 714 716 724 735 754 772 794 798 881 890 898 901 954 975 
1 7 12 19 22 31 32 39 52 66 67 74 79 89 99 133 142 148 178 179 202 221 235 245 247 277 292 294 296 305 315 323 325 333 346 371 377 379 389 391 399 401 404 420 449 453 459 470 485 500 508 511 520 527 569 579 588 592 618 635 636 640 641 656 671 674 684 705 710 739 740 741 745 748 766 769 777 784 795 807 820 826 835 841 843 847 862 876 887 889 894 914 922 930 934 935 936 944 946 951 972 973 977 980 981 
34 107 115 150 158 161 191 212 213 254 256 283 285 313 329 353 373 383 388 466 491 503 507 514 543 554 564 589 598 611 620 625 649 653 654 667 672 687 727 731 734 738 743 749 774 801 818 821 824 834 850 854 888 912 941 952 976 
13 20 23 36 38 78 84 127 140 154 192 214 217 222 229 250 281 287 337 349 354 365 408 422 434 442 484 585 626 651 676 679 682 756 842 870 878 883 921 955 
0 46 57 62 80 85 118 121 130 134 155 160 167 172 243 251 262 267 269 278 284 299 307 312 334 357 359 375 394 396 406 409 423 428 430 461 469 480 516 531 534 560 573 607 619 644 658 691 704 711 712 717 744 761 764 768 805 808 833 848 855 872 905 929 931 958 985 989 997 
72 86 103 113 131 204 314 328 361 429 433 436 463 499 524 528 689 695 813 859 869 885 945 995 
96 112 171 274 304 321 356 445 529 566 587 590 639 670 683 706 708 729 763 891 915 932 968 982 999 
4 27 35 56 58 61 71 87 88 91 102 128 147 180 185 205 206 223 238 263 302 309 338 344 363 384 403 457 462 471 474 479 532 572 577 603 606 609 610 614 677 692 702 707 719 736 750 778 785 799 804 806 809 812 829 840 858 879 897 956 959 
40 63 94 119 124 125 143 181 187 190 224 242 246 259 332 343 465 476 493 497 504 510 555 583 604 628 646 652 675 709 742 802 814 856 860 861 868 908 925 939 940 987 
3 14 15 50 70 76 83 93 109 110 111 149 151 165 166 189 196 197 210 232 261 272 279 280 295 326 331 348 367 390 398 454 468 515 541 548 559 567 570 593 597 599 601 608 645 657 661 680 681 690 728 767 783 789 791 803 857 863 874 877 892 928 942 
10 16 18 21 47 51 116 117 136 170 176 199 216 244 266 288 293 342 362 374 378 405 440 443 448 460 478 481 627 685 713 718 790 866 927 933 988 
6 126 144 169 177 182 188 198 207 225 228 233 291 301 360 382 432 438 526 551 553 568 580 582 591 615 665 668 693 698 721 751 786 867 880 947 961 966 971 974 996 
24 75 81 90 92 98 104 106 108 122 156 157 183 195 209 219 226 237 252 255 258 282 289 300 306 317 322 324 327 345 355 392 411 412 413 435 439 447 450 452 455 456 472 483 521 522 523 525 533 536 538 540 544 565 574 595 621 643 700 722 723 726 733 752 762 765 771 800 822 831 844 913 916 948 
9 28 59 69 73 77 82 135 159 162 184 240 249 290 330 376 431 486 496 501 545 561 562 602 647 662 663 686 696 697 699 701 725 732 757 776 782 825 837 865 979 
42 95 193 211 253 286 310 358 417 581 623 678 737 773 810 893 923 943 962 967 
2 11 101 114 120 186 200 208 275 319 341 350 410 451 475 487 492 495 512 513 546 584 617 634 642 715 755 758 780 817 827 832 836 851 864 875 895 907 926 
17 25 29 37 41 53 55 60 64 65 68 123 137 138 173 203 220 230 264 265 273 298 308 320 336 347 352 366 370 385 387 393 414 424 426 441 444 446 464 502 518 537 550 612 622 632 638 650 666 730 759 779 788 823 852 871 873 903 910 918 919 924 937 938 949 950 953 957 964 970 978 984 992 993 994 998 
