63 67 74 77 81 84 96 135 143 158 166 197 232 275 281 318 319 371 384 392 443 483 524 574 608 653 667 687 693 706 746 755 800 832 891 932 956 957 
43 60 62 65 66 85 97 98 103 110 131 157 162 172 174 176 179 204 206 224 230 263 283 321 342 347 360 396 411 418 432 442 463 474 484 501 523 535 558 564 591 604 660 662 664 669 672 675 682 684 686 689 696 700 704 727 736 747 752 763 776 781 790 855 857 885 908 920 923 926 930 931 937 943 946 969 
11 13 26 45 83 145 169 198 236 244 256 280 291 293 301 309 316 354 364 370 409 429 458 468 488 490 493 503 509 563 565 570 597 607 634 637 703 730 737 769 774 801 805 842 845 847 860 874 884 913 917 948 958 960 965 984 989 993 
17 21 23 28 34 57 59 73 91 124 195 210 248 266 269 274 306 315 356 376 400 419 482 491 492 542 551 554 567 575 583 610 627 688 710 712 713 728 729 745 750 761 764 770 785 791 895 909 941 999 
9 33 54 70 80 87 90 100 125 130 137 180 186 250 264 267 285 333 337 345 349 366 367 369 375 379 395 412 428 445 447 541 546 548 572 614 641 643 644 655 677 681 697 798 848 850 864 868 870 898 916 952 961 
32 40 50 86 104 153 182 187 211 216 221 243 261 302 317 323 327 331 334 380 391 410 425 430 450 453 462 475 481 502 508 531 532 576 590 592 595 612 619 624 646 656 670 714 743 773 783 804 806 813 817 824 825 828 839 849 919 938 955 970 971 987 992 
8 38 58 109 116 127 129 175 205 235 262 289 307 335 361 368 394 426 480 499 573 578 645 661 674 709 751 778 779 875 912 975 991 
25 78 139 146 152 170 183 217 254 260 265 299 372 386 398 424 467 500 506 529 547 561 569 603 616 620 636 680 717 721 811 865 866 939 940 950 974 
101 105 111 144 165 181 202 251 273 295 324 343 358 389 405 406 437 444 454 477 507 521 581 588 649 663 671 695 699 732 767 795 820 863 877 944 
42 69 76 112 114 123 147 150 173 177 231 238 257 270 287 300 304 312 341 363 373 393 401 403 408 420 423 439 534 539 549 568 579 585 594 596 600 609 623 631 647 691 733 766 787 819 829 830 835 858 861 883 889 890 906 924 945 966 982 995 
0 2 3 4 7 15 16 18 19 29 41 48 51 53 55 71 72 75 82 88 94 106 107 108 122 126 132 136 140 142 159 178 184 190 203 207 209 218 226 228 240 245 246 249 252 253 258 268 279 294 296 310 322 329 330 332 340 381 382 385 402 404 415 417 427 433 456 460 464 469 472 476 478 486 489 498 515 516 527 528 538 552 556 560 566 577 589 602 618 621 632 635 639 642 650 651 659 678 694 711 715 719 724 742 757 759 762 768 772 799 807 823 843 879 880 882 888 896 899 900 901 904 911 922 925 934 935 936 942 949 954 977 983 986 996 997 
10 12 24 44 46 56 79 93 95 99 113 117 149 171 194 214 227 233 237 239 247 255 259 282 339 374 383 387 388 407 421 436 441 452 473 512 514 517 518 520 536 537 543 550 557 559 593 613 626 628 629 633 638 648 654 666 708 726 734 735 754 760 771 782 788 794 803 812 816 833 869 881 893 914 915 928 959 963 967 972 
1 5 36 37 49 61 68 119 120 151 154 160 189 193 200 201 229 234 288 290 292 311 320 336 346 350 365 377 390 413 416 422 457 465 466 494 496 519 522 525 533 540 544 580 582 601 640 665 690 701 707 716 739 740 741 744 748 749 756 780 786 789 792 793 796 797 814 818 844 846 852 867 886 892 905 907 910 927 933 947 951 962 981 985 
22 89 128 185 271 297 298 326 338 352 353 397 399 434 448 526 606 630 658 668 673 685 758 871 894 897 902 953 978 
20 47 115 121 156 161 164 167 199 212 215 219 220 277 286 313 348 357 362 435 449 459 470 495 530 545 584 598 599 605 615 625 679 784 808 809 810 826 831 837 872 968 973 994 
14 27 30 31 39 52 64 92 102 118 133 138 141 148 168 208 222 241 272 276 278 284 303 308 314 325 344 359 431 440 446 455 479 504 510 511 513 555 611 676 698 705 718 720 722 725 753 802 834 840 841 851 856 862 887 980 998 
6 35 134 155 163 188 191 192 196 213 223 225 242 305 328 351 355 378 414 438 451 461 471 485 487 497 505 553 562 571 586 587 617 622 652 657 683 692 702 723 731 738 765 775 777 815 821 822 827 836 838 853 854 859 873 876 878 903 918 921 929 964 976 979 988 990 
