0 29 77 97 109 135 138 179 189 332 499 565 642 673 740 806 816 992 
21 25 34 69 78 88 117 146 221 263 275 298 382 387 389 391 393 395 411 432 435 441 445 554 556 592 593 600 601 649 688 692 697 750 758 781 807 828 848 850 856 857 858 886 919 953 974 
284 420 618 713 760 793 817 867 
64 236 251 255 281 310 412 413 422 474 489 523 546 596 820 899 
50 102 120 187 274 423 439 458 559 682 845 865 908 
4 27 28 45 54 61 100 113 126 196 217 233 276 285 320 345 369 414 416 442 443 467 481 486 505 518 533 536 557 589 608 613 637 658 666 680 681 699 736 741 773 786 789 797 804 805 813 824 830 835 887 913 920 926 935 950 954 965 975 978 981 982 989 996 997 
1 95 101 151 197 222 329 336 368 450 552 623 659 684 774 776 879 914 944 973 
12 23 33 35 188 200 241 271 292 293 330 460 519 555 563 689 693 726 902 966 980 
2 36 87 156 323 340 356 357 426 427 532 587 631 671 
20 44 148 202 227 229 240 264 309 328 364 374 383 403 428 514 549 575 582 638 706 714 730 852 874 885 889 890 916 937 939 986 
3 16 43 59 81 91 177 182 246 299 305 307 385 405 410 417 497 541 579 663 701 715 723 743 803 810 825 833 862 928 959 976 995 
40 80 306 312 456 476 488 513 530 636 672 675 698 749 769 783 868 884 971 
30 162 204 208 225 273 297 317 448 551 569 619 651 653 668 722 814 836 839 910 927 942 943 967 969 
48 159 213 424 444 492 512 540 641 721 972 
73 104 132 152 155 160 169 194 288 335 337 384 400 457 479 496 501 691 700 703 827 909 
5 8 134 249 280 311 327 352 355 419 436 524 584 605 616 644 646 702 704 735 838 849 946 951 956 
7 65 89 171 215 362 409 465 482 483 544 685 724 784 794 
6 47 75 130 172 278 282 286 360 370 371 373 376 449 516 535 654 717 757 766 772 846 851 881 921 925 930 936 938 947 964 990 
93 103 111 224 378 394 453 490 498 567 620 745 767 818 829 
110 167 243 350 375 437 503 522 678 768 834 904 
82 85 176 226 252 279 308 390 434 531 674 720 831 
15 19 22 37 53 129 139 157 250 256 257 258 261 265 287 301 304 334 372 380 404 452 455 510 515 542 543 571 574 586 609 625 645 656 664 667 669 679 687 705 711 716 728 732 734 751 765 778 780 860 863 866 870 872 875 878 882 893 903 905 923 933 934 941 962 970 984 994 
42 98 116 170 174 185 245 326 399 425 472 506 712 755 876 896 
11 67 173 193 242 266 322 363 396 429 446 447 463 478 484 493 598 754 759 842 871 880 891 940 958 988 991 
9 17 94 119 144 154 164 165 260 272 359 431 537 578 660 733 762 888 945 
39 99 234 570 611 823 
10 56 122 131 333 338 379 398 406 462 469 473 480 529 577 606 629 652 662 676 677 731 844 847 859 895 
86 175 239 270 303 361 381 438 617 627 753 
46 74 115 294 367 430 500 511 595 602 603 607 624 626 650 661 690 744 815 832 869 898 
63 143 186 191 198 237 296 344 388 507 517 655 665 709 826 854 873 877 900 912 
57 58 62 76 83 118 178 201 205 207 218 290 313 325 392 466 475 580 588 707 708 719 811 915 929 961 
13 72 79 112 153 166 211 464 508 566 594 764 777 
14 41 184 192 346 353 366 408 561 564 796 883 932 
52 121 123 141 248 331 451 495 526 534 547 568 572 576 610 615 640 648 718 785 840 917 952 955 977 998 
55 203 214 232 269 315 316 342 358 440 509 553 560 632 633 686 742 748 752 798 821 843 855 911 949 960 979 985 993 999 
84 235 397 539 770 802 
114 125 136 137 168 210 300 348 365 491 504 628 694 710 727 779 799 853 924 948 983 
18 124 180 302 314 612 695 819 841 901 968 987 
24 206 262 318 347 471 548 604 808 822 864 894 897 957 
32 60 142 199 209 228 247 267 295 343 421 433 470 670 771 787 800 861 906 918 963 
31 66 68 181 223 477 485 573 585 739 
26 106 140 454 590 597 761 775 
92 161 220 231 268 339 354 402 527 643 725 729 747 763 892 
38 150 183 319 321 377 487 494 520 738 
49 90 96 107 190 259 277 283 349 418 468 562 581 639 647 737 746 756 782 790 792 809 
51 127 163 253 407 415 525 591 634 801 837 
71 108 147 244 291 401 545 583 614 621 630 635 907 931 
70 158 195 212 219 238 386 502 558 683 696 788 
149 216 230 254 289 324 461 521 528 550 657 795 922 
105 128 133 145 341 351 459 538 599 622 791 812 
