4 10 13 48 56 72 79 112 114 122 131 136 137 153 159 166 168 210 211 213 300 333 348 365 379 398 410 424 444 462 464 469 473 480 486 491 492 508 512 529 540 545 566 572 577 594 606 628 641 662 665 676 677 694 710 721 727 731 764 777 779 799 844 847 853 859 895 924 948 972 983 990 
1 14 19 24 37 41 44 53 69 95 151 157 184 192 197 202 222 229 240 261 262 264 265 266 309 318 328 329 336 346 347 353 364 366 368 374 383 403 408 428 450 471 510 514 548 549 552 561 564 604 609 623 625 638 659 667 684 706 730 776 789 796 808 822 852 860 864 872 874 875 879 880 883 889 890 891 893 894 897 903 914 916 932 937 939 941 944 957 958 973 986 
18 84 92 93 103 105 111 124 133 143 145 161 180 220 224 231 268 278 285 287 293 302 314 341 351 354 378 394 397 402 425 439 441 453 459 490 495 498 527 538 539 567 599 612 620 622 643 666 669 695 712 725 729 732 745 747 763 767 770 791 802 812 818 819 836 841 892 901 929 966 968 970 974 987 
23 64 67 236 251 255 276 281 310 412 413 422 474 489 523 596 820 899 
45 46 73 74 86 104 115 132 134 152 155 160 169 175 194 217 239 270 288 303 335 337 361 367 381 384 400 406 430 438 457 479 496 500 501 511 595 602 603 607 617 624 626 627 650 652 661 690 691 700 703 744 753 815 827 832 869 871 898 909 
5 8 249 327 342 352 355 385 419 436 524 584 605 616 644 646 702 704 735 838 849 946 951 956 
15 40 70 80 139 148 158 195 212 238 250 256 306 312 380 386 404 456 476 488 502 513 515 530 558 571 574 586 636 645 672 675 683 687 696 698 705 711 749 765 769 778 783 788 863 868 878 884 885 923 934 962 971 994 997 
20 31 54 66 68 82 85 100 102 113 117 121 123 141 149 176 181 216 223 226 230 246 248 252 254 279 289 308 320 324 330 331 345 390 416 434 442 451 452 461 467 477 485 505 521 526 528 531 533 534 550 557 568 573 582 585 600 610 615 635 637 640 648 657 658 674 681 714 718 720 739 742 773 785 795 797 824 829 830 831 835 840 913 917 922 926 950 952 955 977 981 998 
30 162 204 208 225 273 297 317 448 541 569 619 651 653 668 722 814 839 910 927 935 942 943 967 969 
49 90 96 107 190 259 283 349 418 468 562 581 639 647 737 746 756 782 790 792 809 984 
25 26 51 55 78 106 126 127 140 146 163 198 203 206 232 253 269 275 299 315 316 358 391 407 415 440 445 454 509 525 551 553 560 563 590 591 592 597 601 629 632 633 634 686 688 692 748 752 761 775 798 801 813 821 837 843 850 855 911 949 960 978 979 985 993 999 
2 36 87 156 323 340 356 357 426 427 484 532 576 587 631 671 786 
57 58 62 76 83 118 178 205 207 218 290 313 325 392 466 475 575 580 588 707 708 719 811 915 961 
6 9 17 38 47 75 94 110 119 125 130 144 150 154 164 165 167 172 183 235 243 260 272 277 282 286 319 321 350 359 360 370 371 373 375 376 377 431 437 449 481 487 494 503 516 520 522 535 537 546 547 578 654 660 678 715 733 738 757 762 766 768 772 834 846 851 881 882 888 904 921 925 930 936 938 945 947 964 
0 29 32 50 60 77 97 109 120 128 135 138 142 179 187 189 201 209 227 228 247 274 284 295 332 338 339 343 420 421 423 433 458 470 499 518 554 559 565 579 618 642 670 673 682 713 717 740 760 771 787 793 800 806 816 817 845 861 865 867 906 908 918 933 963 992 
11 39 52 65 71 89 91 99 101 108 129 147 171 173 193 215 219 233 234 242 244 267 280 291 294 322 362 363 396 401 409 446 447 463 465 478 482 483 493 504 544 570 583 598 611 614 621 630 685 724 734 754 759 784 794 823 842 866 907 931 940 
12 22 33 35 88 188 199 200 214 241 257 258 263 271 292 301 304 334 372 382 389 393 432 435 455 460 519 542 543 555 593 649 656 664 679 689 693 697 716 726 728 750 751 758 780 781 807 848 856 857 870 886 902 905 919 953 980 988 996 
7 34 42 61 63 98 116 170 174 185 186 191 237 245 296 326 344 388 399 429 472 506 507 517 655 709 755 774 826 854 873 876 877 896 900 912 991 
3 16 21 27 28 43 59 81 177 182 196 221 298 305 307 311 369 387 395 405 411 414 417 443 497 536 556 589 608 613 663 680 699 701 723 736 741 743 803 804 805 810 825 828 833 858 862 887 920 928 954 959 965 975 976 982 989 995 
