0 9 19 52 134 137 151 163 216 267 370 420 494 496 505 611 620 640 673 680 702 736 756 812 837 873 944 
6 33 87 99 100 110 112 117 128 209 218 223 235 253 277 300 342 378 384 412 450 453 566 571 581 630 667 679 682 698 723 768 787 823 883 941 982 996 
20 86 97 98 107 111 136 149 160 185 192 215 260 263 274 323 325 382 398 410 479 486 514 562 592 618 678 719 728 738 744 774 810 819 827 849 863 877 893 923 932 933 950 968 
12 15 35 56 73 103 106 121 169 174 182 202 214 220 224 268 270 308 310 324 334 340 352 387 401 443 481 525 531 558 623 650 651 806 832 844 846 854 878 897 914 924 937 955 979 994 
21 25 26 40 57 62 71 92 94 132 164 180 195 208 219 228 241 242 248 254 255 278 289 291 320 322 348 350 390 417 447 464 466 467 476 488 491 495 517 532 557 559 561 593 604 605 608 639 649 658 666 688 691 696 724 730 733 737 743 757 767 769 770 813 821 843 847 853 887 892 894 916 934 938 948 963 967 986 
17 27 38 46 58 85 90 119 158 170 190 201 265 273 288 302 313 346 355 371 380 396 399 408 435 458 471 477 483 492 507 537 549 550 554 563 569 586 602 613 657 662 676 701 705 747 752 798 807 809 811 822 829 830 838 839 840 852 871 886 903 911 920 921 930 931 949 954 958 961 971 
16 43 75 95 104 152 176 205 211 238 338 361 452 502 506 520 528 564 624 709 714 772 778 785 842 862 884 905 906 977 
2 13 18 22 24 34 44 50 51 55 72 79 83 89 102 113 143 153 156 161 177 186 232 246 252 271 301 303 312 314 315 329 337 341 356 357 363 365 397 415 419 424 427 437 446 454 455 457 482 485 487 499 503 510 534 601 610 617 626 635 643 647 653 654 659 663 664 671 674 704 708 711 727 732 746 759 763 776 780 781 782 786 796 834 885 888 904 919 928 929 952 960 987 989 991 
23 42 70 120 131 142 162 193 200 203 221 247 249 258 286 293 306 336 372 373 374 406 433 451 465 468 473 478 544 545 560 587 607 615 625 644 646 660 681 703 734 751 764 779 825 826 828 850 865 867 874 900 908 910 926 953 957 975 
8 28 31 41 54 64 82 105 108 127 139 144 154 191 240 250 256 262 276 285 290 317 330 367 368 389 413 421 428 431 432 445 449 459 461 497 498 509 521 523 535 539 551 555 575 576 580 582 584 591 594 596 609 634 655 683 687 697 712 718 725 726 750 788 793 800 824 841 860 872 907 912 940 956 964 965 973 981 
45 66 116 122 133 159 171 179 204 227 243 266 281 284 287 327 335 343 364 376 395 400 402 404 405 409 460 508 512 533 543 548 568 570 621 656 669 685 695 797 816 818 869 876 882 889 891 899 918 922 939 974 992 
69 76 93 96 114 118 135 172 225 345 359 426 463 490 513 540 595 603 661 684 694 739 789 794 820 946 969 983 
1 5 11 29 37 63 65 68 78 101 109 123 130 138 147 166 173 199 217 222 229 234 236 244 245 251 259 261 272 280 282 283 296 305 318 319 321 332 333 339 347 360 369 379 386 391 392 393 414 425 438 440 448 469 470 527 529 530 541 552 553 606 614 619 631 637 638 642 648 699 700 707 710 721 722 748 761 766 773 790 791 801 804 835 848 881 896 902 935 947 959 978 985 990 993 997 998 
4 39 59 74 77 91 155 175 233 297 331 353 383 430 434 462 501 577 588 598 599 686 693 713 771 815 845 861 868 925 
14 48 53 80 126 150 157 165 178 212 298 307 309 344 349 394 403 418 439 441 444 480 504 511 518 556 565 572 573 579 583 629 645 677 689 716 720 731 749 754 775 795 799 803 814 831 855 859 879 909 927 936 962 980 
3 7 32 36 49 88 140 168 181 183 184 189 197 207 237 239 292 299 316 326 328 351 354 358 362 375 388 411 416 422 423 436 442 456 472 475 519 522 542 567 585 589 600 690 692 735 745 753 755 765 783 802 817 836 851 856 864 866 875 880 890 895 901 945 995 
10 30 47 60 67 115 125 146 148 167 188 194 213 231 264 275 295 304 366 381 385 407 493 500 516 536 538 578 590 597 612 616 627 628 632 636 652 665 668 670 672 675 715 729 741 760 762 777 784 792 805 808 857 898 915 917 942 943 970 999 
61 81 84 124 129 141 145 187 196 198 206 210 226 230 257 269 279 294 311 377 429 474 484 489 515 524 526 546 547 574 622 633 641 706 717 740 742 758 833 858 870 913 951 966 972 976 984 988 
