3 8 24 26 28 39 43 45 53 57 59 61 82 101 105 106 111 116 122 133 135 144 162 174 179 180 184 186 188 201 203 207 215 224 229 235 249 253 278 283 296 320 329 342 343 349 351 352 363 365 371 378 383 388 390 394 403 410 417 442 450 453 461 468 497 500 503 506 508 513 514 516 527 529 545 546 559 563 566 567 568 580 583 589 595 598 602 607 616 618 628 644 648 649 654 656 658 661 663 665 668 671 684 685 687 690 701 711 728 735 737 744 746 751 752 754 766 771 775 776 778 786 788 790 791 796 802 804 805 813 817 821 826 827 838 850 854 855 869 879 880 881 883 901 902 912 924 925 951 957 958 966 976 980 
0 3 21 22 25 47 51 87 100 104 107 111 119 120 123 130 139 149 177 184 193 216 223 273 282 308 315 332 335 340 348 350 375 380 399 401 406 411 418 424 427 430 444 447 463 484 510 515 537 541 550 551 558 571 572 603 609 613 618 620 677 680 691 702 703 707 720 739 756 796 816 832 843 861 878 888 894 897 908 915 937 944 963 986 990 
6 23 24 43 45 57 60 67 101 107 117 125 146 147 150 151 158 159 162 167 207 211 213 216 225 227 240 242 244 248 270 295 299 321 324 325 359 364 370 388 404 439 442 445 448 449 453 461 473 474 477 506 516 517 520 540 542 562 563 570 580 604 616 642 645 652 655 656 658 740 746 750 780 796 800 801 817 833 838 842 900 903 904 928 931 933 936 942 946 950 958 972 973 984 996 
18 31 49 56 70 72 118 121 137 157 176 195 209 226 231 243 274 290 364 366 381 400 412 420 429 433 458 471 483 494 498 518 584 593 612 613 619 631 667 705 724 727 753 769 792 834 866 872 882 906 920 927 940 943 
34 74 124 180 205 233 250 256 262 291 341 395 451 503 532 535 544 555 588 610 625 660 670 678 779 789 798 815 819 839 841 847 890 895 914 939 959 
15 31 88 121 136 142 149 167 173 204 226 239 243 245 260 265 266 311 322 374 385 386 387 392 402 437 454 467 475 511 547 553 577 592 600 669 686 693 698 719 730 732 761 824 851 867 874 893 911 921 941 964 975 
13 28 33 73 89 122 123 134 182 183 197 200 206 238 272 285 295 298 319 382 409 481 486 509 536 582 585 659 783 862 873 970 982 999 
17 54 79 110 138 148 154 169 178 187 189 222 288 317 331 339 346 360 376 422 431 448 476 489 504 601 605 608 621 666 669 672 683 704 715 725 741 795 870 891 899 922 945 960 961 
12 35 40 42 84 93 94 161 168 171 172 198 214 237 268 276 279 313 327 336 338 344 369 432 455 464 466 479 495 528 535 569 606 637 650 682 688 734 748 844 865 885 954 956 965 969 995 997 
9 36 48 58 62 64 115 141 143 180 246 252 259 262 304 328 377 396 503 534 636 653 673 679 697 710 723 733 762 818 852 853 857 876 889 914 989 
11 41 66 78 127 152 163 166 175 234 257 275 301 309 314 353 355 361 419 436 456 507 549 564 587 591 594 597 623 674 758 774 782 836 856 892 967 
35 36 81 90 96 112 114 140 181 185 198 208 217 268 289 305 310 326 330 333 344 347 356 358 367 369 373 426 428 435 441 451 457 469 502 533 543 574 578 586 634 640 646 650 681 713 729 734 765 785 803 808 811 822 830 835 840 905 909 979 991 997 
20 38 56 65 169 195 210 281 385 392 437 492 519 531 576 622 629 638 647 657 669 708 718 769 812 831 837 907 918 935 985 994 
10 91 92 103 159 206 219 238 245 261 264 303 340 384 408 413 415 425 434 443 465 472 480 526 530 538 542 560 570 611 614 617 626 662 692 749 757 770 781 787 806 809 810 828 913 948 971 977 981 
1 14 30 76 90 119 126 130 131 139 153 160 191 199 218 286 305 323 368 389 424 427 428 447 462 541 558 581 596 633 643 651 677 696 699 716 721 731 767 768 793 797 807 823 877 888 910 915 987 
4 11 19 27 32 50 80 85 86 97 98 109 113 145 163 202 212 220 221 228 247 258 267 280 284 287 292 297 300 334 337 398 440 446 470 478 505 525 590 695 709 712 722 736 755 759 784 799 848 858 875 886 912 917 962 978 992 998 
5 37 77 194 277 314 357 459 460 491 664 714 738 764 794 860 896 923 930 974 
29 63 83 113 192 202 230 263 312 316 414 416 438 487 521 556 624 625 717 777 846 955 
69 95 108 128 190 232 302 488 490 539 552 579 632 676 738 743 745 773 926 941 988 993 
17 46 121 138 149 226 243 254 294 360 364 397 405 407 454 476 485 489 499 501 512 605 615 621 630 635 669 672 704 715 725 747 772 795 864 870 884 891 916 938 945 952 
55 68 71 105 155 170 175 196 251 261 269 271 318 349 354 372 391 496 522 548 557 565 573 599 627 700 706 814 829 898 
7 16 86 102 113 132 202 241 258 293 306 307 345 393 524 554 561 625 675 683 689 694 738 742 760 825 844 845 849 871 932 947 949 
52 75 138 164 165 195 236 245 379 421 452 493 523 575 605 609 622 726 763 820 859 870 887 919 929 953 968 
2 28 44 56 99 121 129 149 156 169 189 226 243 245 255 362 364 423 482 639 641 863 868 882 934 983 
