3 8 9 11 15 17 22 27 28 30 32 33 38 39 40 48 52 72 73 75 76 77 79 84 87 88 90 92 94 96 98 101 102 104 105 110 113 115 118 120 122 136 137 146 149 159 160 167 175 178 179 181 188 191 194 196 197 199 200 202 206 208 209 211 212 214 215 219 223 225 229 244 247 249 252 255 258 261 275 278 281 286 288 290 296 298 300 304 305 306 307 310 312 315 319 321 323 325 332 333 335 340 344 359 360 362 369 374 375 382 385 386 392 400 402 404 405 412 417 421 425 430 436 439 440 442 443 448 449 450 452 454 457 458 462 467 469 477 486 497 498 499 500 502 509 514 515 516 523 524 528 539 540 543 546 552 553 555 560 563 566 567 568 574 577 578 583 584 589 591 595 603 605 606 608 611 612 615 616 620 622 639 645 647 648 649 651 661 664 667 670 673 674 675 677 682 684 692 695 708 712 713 716 722 723 725 732 733 736 748 757 758 761 765 766 774 776 777 779 780 781 784 790 792 794 799 803 804 807 808 812 820 822 825 829 834 843 845 853 854 861 862 868 870 883 886 889 896 899 904 907 908 909 913 916 917 919 920 922 927 931 935 937 938 941 946 950 955 963 964 965 967 971 972 976 977 980 981 982 983 986 996 998 999 
6 10 12 14 18 19 24 26 35 43 45 49 54 55 56 60 61 66 69 80 82 85 89 99 100 108 109 121 123 131 138 143 145 150 157 164 180 183 185 189 201 213 220 232 238 239 242 245 246 253 257 260 264 265 269 271 272 277 280 282 283 291 292 299 313 318 322 324 326 327 338 341 342 345 348 349 350 351 352 353 356 365 371 372 373 378 384 387 389 390 398 401 409 410 415 418 422 426 429 434 435 437 438 445 453 460 463 466 468 470 473 475 480 482 490 496 506 507 513 517 519 526 527 529 530 533 538 547 554 556 557 565 569 570 571 572 573 575 579 580 581 582 599 610 617 627 632 634 635 637 643 653 654 655 660 662 665 669 679 683 688 689 693 694 696 697 699 700 702 705 707 714 728 729 730 731 735 737 740 744 749 759 764 782 788 789 791 793 795 797 798 800 802 809 810 818 819 821 824 835 836 837 846 849 851 852 856 860 865 867 869 874 877 878 879 880 882 888 890 891 893 894 897 898 903 905 906 910 918 923 924 925 926 929 930 932 933 934 939 940 942 945 953 954 957 958 966 969 970 984 988 989 991 992 994 997 
0 5 13 21 37 41 42 44 47 62 74 78 86 103 111 112 125 126 128 132 135 139 142 152 154 155 163 166 170 173 176 184 203 217 228 254 256 285 294 309 314 316 328 337 339 346 354 357 363 368 376 377 381 393 395 399 408 411 419 447 451 464 484 489 503 521 522 536 542 549 558 559 564 576 585 592 597 601 602 607 613 623 625 629 636 640 642 644 646 656 657 666 668 672 676 680 687 690 698 704 709 710 721 734 738 743 751 752 760 762 763 767 768 771 778 786 814 815 816 827 830 832 838 839 841 848 857 864 866 873 875 885 892 895 944 948 951 952 956 960 962 990 
4 25 36 46 50 57 64 70 71 133 144 156 162 174 190 198 259 262 263 266 270 284 289 293 295 297 301 302 317 331 336 361 370 379 380 383 407 414 416 423 428 431 481 485 491 493 495 508 537 545 548 596 600 614 621 630 631 659 701 703 706 715 718 719 745 747 754 783 801 828 842 872 884 887 911 943 949 968 974 975 979 985 993 995 
23 31 53 58 68 106 119 124 134 140 148 153 168 169 171 177 182 187 195 204 216 218 222 226 230 236 248 250 267 268 329 343 355 358 367 403 406 441 476 479 488 501 510 550 561 604 619 628 641 671 678 681 685 686 691 720 726 727 741 805 806 840 850 859 881 900 901 902 912 928 961 987 
7 20 63 65 67 83 91 107 117 141 161 233 240 243 251 276 303 308 311 364 394 424 427 432 444 461 471 474 511 512 551 562 593 598 626 633 652 658 739 772 787 813 826 833 876 915 921 936 947 959 
1 29 51 59 81 114 127 147 151 158 186 210 224 241 279 366 420 433 446 456 472 483 505 531 544 586 609 624 650 711 742 750 769 770 823 855 871 973 
2 93 95 231 237 274 465 492 618 663 756 811 817 831 858 914 978 
16 116 205 207 235 320 330 413 459 504 525 535 587 588 590 844 863 
129 192 193 273 287 388 455 518 724 753 773 775 785 796 
97 227 234 347 396 397 487 494 520 532 534 594 746 755 
34 130 165 172 221 334 391 478 541 638 717 847 
