1 3 14 30 38 90 96 97 113 119 123 126 130 131 139 153 160 168 191 208 216 218 286 305 323 326 333 342 352 365 385 389 392 427 428 437 441 447 462 468 469 499 523 529 533 541 558 581 596 633 640 643 646 651 677 686 696 699 713 716 719 721 731 768 770 791 793 797 805 807 817 823 877 888 893 903 910 915 987 
4 5 27 29 32 60 63 80 83 145 192 212 220 221 228 230 263 267 280 284 312 316 337 368 438 440 446 470 478 487 493 521 525 590 624 695 712 717 736 755 759 777 784 846 848 858 875 912 931 955 962 978 992 998 
17 18 52 54 70 101 110 148 164 176 178 187 189 222 226 236 243 254 260 288 317 330 331 339 346 360 376 379 381 397 405 407 412 416 421 422 429 431 433 448 452 454 458 476 483 485 489 498 504 512 518 547 574 575 584 593 605 608 615 621 630 635 662 666 669 672 683 704 715 725 733 741 747 763 772 781 795 859 864 866 887 891 899 916 919 922 929 945 952 953 960 961 968 
9 31 37 48 49 65 72 77 115 118 137 141 143 157 194 210 252 259 277 281 290 304 328 357 366 396 400 420 459 460 471 492 531 576 612 631 636 638 644 647 653 657 664 667 673 697 705 714 723 724 727 753 764 792 794 812 818 820 831 837 853 857 860 872 889 896 906 907 918 920 923 927 930 935 940 943 985 989 994 
69 95 108 128 190 209 231 232 302 329 488 490 497 514 539 552 579 632 676 709 743 745 773 813 926 941 988 993 
21 47 66 78 100 104 127 223 234 273 282 301 308 309 332 348 350 355 361 375 380 399 401 418 419 424 451 456 507 550 551 587 594 603 613 623 674 680 691 707 756 758 774 832 836 843 856 861 892 897 937 944 963 986 
25 35 36 55 56 58 59 62 64 74 82 107 112 114 116 155 163 165 181 185 195 199 204 206 217 238 246 268 289 310 335 344 347 356 358 367 369 372 373 377 404 426 435 457 502 522 534 543 548 565 568 573 578 586 650 665 679 681 685 710 726 729 734 765 771 785 803 808 811 822 830 835 840 845 852 876 880 894 898 902 905 914 979 991 997 
2 44 88 99 129 136 154 173 245 255 266 311 318 322 362 374 386 423 467 475 482 511 553 592 639 641 693 698 732 761 824 851 863 867 874 883 911 921 934 964 975 983 
6 12 22 28 39 42 61 92 122 156 179 188 219 224 235 253 278 296 320 371 390 439 450 508 602 607 628 690 718 796 802 827 909 913 954 
11 16 24 41 43 45 57 85 87 121 132 138 140 142 150 152 162 166 177 186 193 207 257 275 388 406 411 430 436 442 444 453 461 463 466 501 506 510 516 549 556 563 564 572 580 591 597 616 622 634 656 658 668 684 702 703 720 722 735 746 769 782 838 870 882 904 946 958 967 974 990 
10 50 81 91 103 159 225 258 261 262 264 336 340 384 408 413 415 434 443 472 480 491 530 542 560 570 571 606 617 626 692 701 711 749 757 762 766 787 806 809 810 890 971 981 
7 76 98 102 105 109 125 147 151 158 197 202 213 227 242 247 248 274 287 292 293 297 299 300 306 307 324 334 398 414 473 494 505 517 562 601 604 618 619 645 655 675 694 728 742 750 760 799 800 801 816 825 849 871 886 900 917 928 932 933 936 947 949 972 
15 34 89 106 124 133 200 205 233 241 250 265 272 291 341 345 378 383 393 394 395 425 479 503 513 519 524 527 532 535 544 554 555 577 583 588 589 600 609 610 625 648 660 663 670 678 689 730 737 744 779 786 789 790 798 815 819 834 839 841 847 850 879 881 895 939 948 959 
13 33 68 71 73 86 134 170 175 182 183 269 271 285 298 319 349 354 382 391 409 481 486 496 509 536 557 582 585 599 627 659 700 706 738 783 814 829 862 873 970 982 999 
0 8 19 20 26 53 75 79 111 120 135 144 149 169 171 180 196 201 203 215 229 237 249 251 256 276 283 295 303 315 325 343 351 353 363 402 410 417 465 484 500 515 526 537 538 546 559 561 566 567 595 598 611 614 620 629 649 654 661 671 687 708 739 751 752 754 767 775 776 778 788 804 821 826 828 833 854 855 865 869 878 901 908 924 925 951 957 966 976 977 980 
23 40 46 51 67 84 93 94 117 146 161 167 172 174 184 198 211 214 239 240 244 270 279 294 313 314 321 327 338 359 364 370 387 403 432 445 449 455 464 474 477 495 520 528 540 545 569 637 642 652 682 688 740 748 780 842 844 868 884 885 938 942 950 956 965 969 973 984 995 996 
