15 167 205 332 456 556 623 649 710 807 874 914 922 978 992 
5 20 22 26 27 55 59 81 89 117 165 173 187 188 208 223 239 241 276 277 298 311 316 319 322 350 353 360 371 373 387 390 415 422 430 445 450 454 463 464 468 491 494 497 500 513 516 524 530 535 567 629 630 653 661 677 685 707 714 726 734 737 738 749 756 758 762 765 784 801 824 848 855 857 887 892 903 910 924 931 935 940 947 948 979 
8 14 32 36 53 58 115 123 158 161 171 177 228 238 243 251 275 294 308 331 336 340 359 363 368 395 438 442 446 455 462 474 488 493 502 510 517 520 533 545 547 564 569 573 589 603 633 640 683 715 776 790 796 813 852 854 888 970 985 
1 7 10 19 30 64 68 80 98 125 133 153 203 209 212 234 244 326 333 341 342 347 348 375 383 399 481 504 543 582 595 617 622 648 660 720 744 752 764 779 791 862 904 921 939 955 966 
47 48 49 76 84 93 105 112 132 193 194 200 207 224 270 287 300 303 334 362 381 393 400 416 423 460 479 486 487 495 526 538 541 565 600 669 680 729 743 745 760 778 795 798 805 821 833 835 859 866 899 902 908 926 932 958 961 
3 23 25 44 67 88 99 147 166 183 189 195 291 302 321 329 356 424 432 459 482 514 548 563 577 592 597 598 599 626 638 662 674 702 717 788 806 840 872 893 951 952 984 987 991 
46 107 121 142 191 250 425 489 606 625 628 644 719 786 885 
106 146 169 170 178 185 199 204 263 272 283 377 392 431 492 590 646 708 809 818 826 861 894 944 959 
11 12 16 28 45 56 82 113 129 138 139 182 213 232 235 248 260 301 304 323 349 364 367 384 477 478 553 558 560 583 584 643 667 672 698 704 705 706 723 746 761 771 773 780 816 817 829 865 870 906 938 965 
237 240 245 256 317 335 344 457 571 580 605 610 611 659 766 825 838 867 878 927 968 
18 70 85 86 101 127 128 168 242 246 255 288 365 397 403 412 435 444 449 470 480 496 591 639 641 642 651 663 675 709 759 763 769 787 803 834 858 898 911 942 953 956 967 971 972 
4 31 34 38 41 66 72 77 83 96 97 118 119 131 145 148 154 156 157 162 172 184 186 196 201 211 226 227 262 267 271 282 289 292 315 324 354 357 366 369 372 379 385 401 407 410 428 429 434 467 509 511 519 521 531 542 546 552 559 575 576 586 608 612 655 679 688 693 696 713 721 730 736 739 753 757 772 793 802 804 828 845 849 879 889 905 920 936 937 983 989 
33 50 57 61 62 74 94 100 102 109 110 124 130 134 149 152 198 210 230 273 279 296 310 312 352 355 361 386 388 396 398 404 413 421 433 469 473 483 490 501 503 506 512 515 522 523 528 537 539 554 572 579 581 585 588 602 613 621 624 627 631 654 656 664 666 684 690 718 735 770 777 844 850 853 901 943 969 976 980 981 990 
60 75 87 108 176 264 286 378 391 417 420 440 505 507 508 529 550 587 594 601 673 682 697 699 724 725 727 733 783 800 827 873 900 928 949 996 999 
21 63 71 78 79 90 91 111 137 140 159 160 163 179 181 206 221 258 265 268 281 290 325 327 337 338 346 406 426 427 437 447 561 566 596 607 616 618 619 620 632 647 678 689 700 712 754 774 789 808 837 864 876 877 891 923 962 963 973 982 988 995 998 
2 37 42 51 54 116 214 217 247 252 253 254 305 307 314 339 408 436 443 451 471 475 527 636 637 652 657 668 671 694 703 732 742 782 785 794 810 841 843 846 847 856 860 863 907 929 986 
9 13 17 92 103 122 136 143 190 266 278 306 376 380 382 458 472 499 557 645 665 670 686 687 716 722 768 811 868 869 886 912 913 915 930 933 954 994 
126 150 284 299 370 418 544 634 676 701 711 814 831 839 890 925 
35 39 52 69 151 155 164 174 192 197 215 220 231 233 249 259 280 295 318 328 343 345 374 409 439 452 453 466 484 485 498 536 614 615 681 691 692 731 750 775 781 797 799 812 832 851 881 884 895 897 945 946 974 977 993 997 
0 6 29 40 95 135 144 175 216 225 229 236 257 293 330 351 358 389 405 411 414 448 518 532 540 562 578 593 635 728 741 755 820 830 871 880 883 909 917 919 934 941 950 975 
24 43 65 73 104 114 120 141 180 202 218 219 222 261 269 274 285 297 309 313 320 394 402 419 441 461 465 476 525 534 549 551 555 568 570 574 604 609 650 658 695 740 747 748 751 767 792 815 819 822 823 836 842 875 882 896 916 918 957 960 964 
