42 126 127 130 193 331 348 407 417 437 452 462 722 728 769 823 837 880 888 926 970 
34 36 39 54 83 91 98 133 222 226 278 294 349 355 357 363 374 376 377 464 472 493 519 540 584 590 593 595 669 675 707 717 734 735 765 805 808 872 881 892 961 
2 26 37 41 48 110 116 141 232 286 308 309 314 323 387 419 421 454 480 492 517 525 548 573 575 579 588 617 652 688 702 723 725 752 772 774 836 861 896 
3 7 10 19 59 67 75 105 106 131 137 145 147 191 215 217 269 271 299 303 305 320 399 429 432 456 458 479 490 520 544 550 572 577 597 632 653 667 671 677 736 773 791 822 853 964 983 
17 23 56 82 135 181 255 268 306 315 325 327 365 375 378 410 435 475 482 484 500 501 514 516 529 547 594 613 812 833 845 862 915 929 
4 30 61 121 172 175 177 200 204 211 254 264 329 336 346 385 403 418 444 446 467 535 536 554 620 643 665 683 733 740 742 751 770 830 832 864 866 875 909 952 960 962 
47 109 132 183 196 219 225 253 256 267 272 317 339 343 369 406 428 447 448 473 481 483 504 509 553 567 580 589 591 601 606 630 641 645 654 659 662 679 684 694 696 706 739 784 827 839 848 851 869 873 933 934 966 984 994 
11 52 60 99 160 168 173 187 190 259 289 322 341 389 413 424 436 463 476 534 569 583 587 611 726 778 886 916 927 930 932 942 950 965 967 
15 33 35 45 46 63 73 78 85 117 120 152 180 184 185 206 221 288 304 337 340 347 359 362 367 391 400 440 441 443 469 474 489 505 507 558 564 566 576 608 612 616 700 792 796 801 809 817 818 835 844 860 863 867 874 877 898 958 989 997 
1 13 22 32 43 62 89 90 92 104 114 115 119 136 155 169 186 195 197 205 210 229 235 248 249 291 293 311 321 326 328 351 381 390 397 398 433 438 468 471 541 546 562 563 565 582 625 638 644 650 672 692 727 730 746 779 781 787 804 815 819 821 824 834 843 850 908 913 920 941 972 977 982 999 
72 74 108 111 112 154 178 236 318 335 373 439 503 521 530 574 605 609 626 633 701 703 719 748 762 790 807 816 831 849 852 856 858 879 906 914 918 945 954 956 957 963 978 992 
5 51 57 65 94 95 102 156 164 239 241 245 263 274 284 285 297 344 354 360 364 368 370 372 388 393 409 453 461 478 496 498 532 537 543 559 586 604 627 628 661 695 704 720 757 758 760 766 788 797 820 891 893 901 903 905 923 925 969 
6 70 139 161 203 252 302 307 342 350 405 513 678 715 754 763 782 828 911 943 949 974 979 985 993 
18 27 31 68 81 134 146 158 240 242 257 261 279 338 358 366 379 402 415 416 420 426 477 499 528 555 561 602 607 637 651 668 673 693 699 705 716 749 756 780 795 806 810 811 847 854 868 904 924 935 938 946 981 
20 28 40 55 77 93 100 103 107 129 153 157 162 166 176 201 202 212 250 275 287 300 312 316 333 356 371 382 394 414 422 425 470 487 497 522 545 560 570 610 623 635 636 639 655 656 658 682 686 690 709 712 714 721 731 744 747 750 764 768 803 813 825 838 857 895 944 948 971 990 
0 8 9 24 66 76 79 80 86 96 138 144 150 165 170 171 182 188 194 218 230 244 247 266 277 282 290 295 324 345 353 361 380 384 404 423 431 434 442 495 538 549 551 557 571 578 598 603 618 619 621 624 634 640 642 646 647 648 660 687 689 691 713 718 729 732 738 755 759 767 775 776 794 802 840 846 859 885 902 917 919 955 976 980 988 996 998 
29 49 69 71 142 151 163 174 199 214 237 238 243 262 265 273 280 313 334 392 430 445 460 465 466 488 502 508 511 515 542 556 585 592 649 657 680 698 710 724 741 761 771 786 798 814 826 855 871 876 921 936 947 951 959 973 
16 38 124 234 246 310 449 457 491 510 523 531 533 600 676 753 
12 21 44 50 84 87 122 125 128 189 207 208 209 216 220 223 227 231 233 251 270 276 281 296 298 330 332 352 383 408 485 486 506 518 552 581 596 614 622 629 631 664 666 674 681 745 783 789 841 870 889 890 899 907 931 937 986 
14 64 97 101 148 149 159 167 192 213 228 386 395 396 411 427 526 539 670 685 711 793 865 883 900 912 987 991 
53 58 88 118 123 179 198 224 260 301 412 451 455 459 512 568 615 663 737 785 799 829 878 882 894 897 910 922 939 940 953 
25 113 140 143 258 283 292 319 401 450 494 524 527 599 697 708 743 777 800 842 884 887 928 968 975 995 
