0 9 96 247 266 295 353 361 380 434 457 459 495 549 618 638 640 642 646 718 746 759 804 840 859 885 902 905 955 961 980 996 
2 14 41 91 141 232 309 314 411 419 454 492 525 548 573 575 588 725 735 752 861 896 
24 66 150 170 194 299 423 578 598 603 624 634 729 802 988 
1 55 77 93 162 202 250 394 414 422 425 487 497 545 656 682 686 714 764 813 857 895 944 990 
104 119 136 155 195 293 311 541 625 644 650 781 819 821 850 
19 59 114 131 137 222 271 479 520 653 667 672 773 791 853 
52 154 168 187 289 322 341 372 413 424 436 463 476 569 587 590 610 611 666 726 778 930 942 950 965 967 
110 116 308 387 480 517 579 617 688 702 723 772 774 
5 51 95 102 239 241 274 285 297 370 386 388 461 478 543 581 628 695 758 766 788 925 969 
3 6 37 70 72 74 88 90 108 139 161 203 236 252 275 302 307 318 342 350 373 405 513 522 530 605 609 671 678 701 703 715 748 754 762 775 782 807 816 828 831 858 869 911 914 918 927 943 945 949 954 956 963 974 978 979 984 985 992 993 999 
18 26 27 68 158 426 499 555 561 637 699 716 847 924 938 
13 32 89 291 390 471 563 692 843 
25 145 147 215 305 399 429 527 550 572 577 597 632 677 736 964 983 
17 56 82 135 181 255 315 325 327 365 378 410 435 484 485 500 514 529 547 594 613 812 833 862 915 929 
4 30 35 61 172 175 177 205 220 254 264 306 336 346 385 446 535 554 620 665 683 742 864 866 875 909 952 960 962 977 
15 33 184 337 347 391 440 474 553 566 700 817 818 836 860 891 958 997 
48 84 122 128 189 207 209 231 251 269 298 332 344 442 518 552 576 681 745 787 845 870 889 890 903 916 937 986 
183 196 225 253 339 343 406 418 428 473 509 567 606 630 641 679 684 827 839 848 873 
7 67 75 105 106 217 303 432 456 458 490 822 
34 36 83 98 226 242 278 294 355 366 374 376 377 464 472 493 519 540 593 595 675 707 717 734 765 872 892 
8 101 148 865 
49 142 174 214 237 243 313 430 460 511 556 592 649 657 680 761 771 786 826 876 917 921 936 947 951 959 
16 124 234 246 310 420 449 491 510 523 531 533 600 676 753 941 
47 109 132 219 272 447 481 565 580 589 591 645 654 662 694 698 706 739 851 933 934 966 994 
43 45 62 73 76 78 86 92 100 120 165 169 182 188 191 204 210 211 218 221 227 235 249 287 326 362 381 398 400 441 453 469 505 507 551 564 571 612 616 687 691 727 732 776 789 792 794 796 797 808 809 835 846 852 867 874 898 908 919 935 976 998 
42 126 127 130 193 331 348 407 417 437 452 462 722 728 769 823 837 880 888 926 970 
22 38 115 171 197 201 229 248 321 328 351 433 438 468 546 562 730 824 920 972 982 
53 58 118 123 138 152 179 198 224 260 397 412 451 455 512 538 568 582 615 659 663 724 737 779 785 799 829 877 878 882 894 897 910 922 939 940 953 989 
10 111 112 178 256 286 335 383 439 482 503 521 574 626 633 719 790 849 879 906 957 
11 99 190 259 389 932 
29 64 69 71 151 163 199 238 262 265 273 280 323 334 392 445 465 466 488 502 508 515 542 585 652 710 741 763 798 814 815 855 871 973 
12 50 125 208 216 233 486 506 614 622 629 674 841 899 
267 317 369 483 504 601 696 784 
87 97 149 159 167 192 213 228 281 340 395 396 427 526 539 648 655 670 685 711 793 883 900 912 948 987 991 
20 57 63 65 113 117 121 140 143 200 258 263 270 283 284 292 301 316 319 329 330 379 401 403 444 450 467 494 496 524 532 536 537 558 599 643 660 697 708 720 733 740 743 751 757 770 777 800 830 832 834 842 856 884 886 887 893 928 968 975 995 
21 31 81 186 240 257 261 312 324 402 415 416 421 528 544 607 668 673 693 705 749 780 811 854 868 913 946 981 
107 129 300 470 570 658 690 747 803 825 
23 268 320 375 475 501 516 
44 276 352 408 596 907 931 
39 54 133 349 357 363 584 669 805 881 
28 153 157 166 212 333 356 560 635 639 744 750 768 838 
134 146 279 338 358 448 477 602 651 738 756 795 806 810 
164 245 354 368 498 559 627 704 901 
94 156 360 364 393 409 586 604 661 760 820 923 
40 85 103 176 371 382 623 636 709 712 721 731 904 971 
46 180 185 206 288 304 359 367 443 489 608 619 801 844 863 
80 144 230 244 290 345 557 621 647 755 767 
60 160 173 534 583 
223 296 631 664 783 
79 277 282 384 404 431 689 713 
