0 8 14 21 24 44 45 46 52 58 65 67 69 71 79 80 86 99 102 109 110 113 116 118 124 127 128 131 143 148 149 153 157 158 162 169 171 174 175 184 194 203 204 206 208 211 214 216 221 222 224 233 236 239 241 247 253 255 261 262 263 269 270 272 276 277 280 283 284 289 296 298 299 301 303 307 308 309 310 317 318 319 323 331 333 337 338 341 344 346 353 354 361 362 368 372 381 392 395 409 414 425 426 427 429 430 432 434 435 440 441 442 443 453 458 459 462 473 479 483 501 502 503 509 518 525 526 529 531 532 539 549 552 558 563 565 571 592 595 600 604 606 607 612 616 619 624 625 627 634 637 647 656 664 665 670 673 676 679 680 681 686 698 699 709 720 721 731 732 734 743 747 750 754 766 773 774 778 781 783 788 790 794 802 806 809 816 830 839 845 849 851 856 858 862 865 867 879 881 883 885 890 894 905 912 919 923 926 938 941 945 948 955 959 960 965 969 970 971 973 978 987 990 991 992 993 998 
3 6 11 27 32 50 70 82 87 100 111 133 134 137 138 155 163 180 186 188 192 196 202 213 243 252 264 267 278 279 304 314 320 324 328 343 345 347 355 365 366 367 370 378 379 387 389 408 412 415 422 428 438 445 446 451 455 457 461 464 476 481 484 487 504 505 507 519 524 543 545 548 553 555 560 562 578 586 587 590 596 611 614 617 621 622 631 652 655 657 660 677 692 696 697 702 722 723 725 733 737 738 745 753 775 798 804 808 815 821 824 834 838 841 842 848 850 853 854 868 873 876 878 887 888 898 901 903 907 916 918 921 925 931 935 961 964 975 979 980 984 988 996 
1 5 26 28 31 34 36 37 39 49 56 68 74 92 97 104 117 119 130 141 144 151 161 193 199 205 207 209 210 218 227 229 232 234 238 249 257 282 288 290 293 311 315 316 327 329 330 336 350 374 377 386 390 394 405 406 407 413 416 421 431 436 444 448 452 465 466 470 475 494 496 498 508 514 516 517 520 522 528 530 533 534 537 542 544 557 566 580 581 582 583 588 593 601 613 615 628 633 635 638 640 642 645 649 661 666 669 694 701 707 715 719 726 735 736 741 748 749 756 758 767 769 772 780 786 789 791 793 796 803 825 829 831 846 847 852 863 869 871 886 892 899 904 909 910 914 915 917 922 927 928 933 934 936 947 958 962 963 967 972 977 985 994 995 
10 17 22 23 41 63 74 77 83 84 89 90 96 135 156 166 167 183 189 197 198 205 250 254 275 281 297 313 340 371 373 384 386 391 447 497 508 513 536 542 559 574 585 608 653 658 690 693 706 746 755 785 791 800 825 828 832 866 891 892 893 897 939 940 956 957 
18 40 43 72 98 103 106 122 126 164 179 182 190 212 215 220 287 294 302 334 342 380 415 422 450 474 481 523 535 545 554 561 576 621 631 641 678 727 757 776 808 817 837 844 855 896 911 931 937 946 
7 29 33 54 142 195 244 266 273 287 349 352 360 369 375 398 410 415 439 463 510 538 541 546 572 636 643 644 668 683 691 710 712 714 729 764 765 813 815 861 864 870 942 944 952 953 986 
21 31 47 57 59 62 73 91 92 112 115 121 176 177 205 219 248 269 274 306 313 331 348 356 357 373 376 400 419 448 449 482 491 492 551 575 584 599 610 688 705 713 728 748 750 761 763 770 784 810 825 826 872 895 904 941 999 
3 4 15 19 51 85 159 207 209 226 246 321 330 332 385 415 423 433 469 472 478 498 515 516 527 618 635 650 662 663 687 700 762 768 772 835 843 922 934 954 977 997 
25 123 139 152 170 173 191 265 300 351 401 424 467 485 495 500 506 511 547 567 569 579 594 603 609 717 787 819 906 932 974 982 
2 12 13 64 66 88 93 101 125 178 217 237 256 326 339 359 399 417 456 468 512 550 568 570 597 626 629 646 667 703 708 718 730 742 759 760 771 801 818 823 833 840 968 
5 9 42 53 61 136 146 168 201 235 240 286 292 312 402 403 404 427 648 659 740 792 814 882 900 905 927 981 983 
30 35 48 55 76 132 147 150 187 200 223 225 230 231 242 268 305 322 363 383 396 420 471 480 489 591 602 623 630 654 675 682 685 689 704 752 779 782 805 820 822 827 836 857 859 880 889 902 920 924 929 949 966 976 
60 75 78 108 172 185 217 228 260 271 386 411 460 564 620 636 639 672 684 751 811 875 930 943 950 
20 95 105 145 251 295 358 397 437 454 477 488 493 515 521 598 605 671 695 795 860 874 877 884 913 989 
38 48 94 107 120 129 132 181 225 246 258 305 335 382 393 486 499 556 573 577 589 632 651 674 711 724 799 807 908 925 
16 81 114 140 154 160 165 245 259 285 291 320 325 364 365 388 418 490 540 716 739 744 777 797 812 892 951 
