18 70 85 86 101 127 128 168 242 246 255 288 365 368 397 403 412 435 444 449 470 480 496 591 593 638 639 641 642 651 663 675 709 759 763 769 787 803 834 858 898 911 942 953 956 967 971 972 
0 40 95 99 135 139 144 175 202 216 225 229 236 257 293 330 351 358 373 389 404 405 411 414 427 448 518 532 535 540 555 562 578 593 635 649 704 707 741 755 820 830 836 871 880 883 909 917 919 934 941 950 975 980 
3 7 23 25 44 67 88 123 125 139 147 166 183 189 195 212 234 291 302 321 326 329 356 424 432 459 482 514 548 563 577 582 592 597 598 599 626 638 662 674 685 700 702 717 721 744 779 788 806 840 872 893 951 952 984 987 991 
50 57 62 94 100 110 130 149 161 198 202 230 254 279 296 310 312 355 361 386 396 398 413 421 433 483 501 506 507 512 522 528 539 554 572 579 581 585 595 602 631 664 666 690 735 747 770 777 804 930 943 981 
21 48 58 64 84 105 111 112 115 123 132 161 171 203 206 207 228 238 241 265 281 292 308 329 337 340 346 359 368 376 406 427 437 460 462 464 474 488 502 545 561 564 565 569 600 616 632 633 640 700 756 808 854 859 923 962 963 973 982 988 
9 13 17 41 92 103 122 136 143 190 278 306 334 376 380 382 458 472 495 499 557 588 645 665 670 686 687 716 722 728 743 760 768 811 869 886 912 913 915 930 933 954 994 
35 59 69 120 155 164 187 192 197 208 220 233 277 295 298 301 316 317 318 319 343 345 353 409 416 452 463 466 484 485 494 498 536 615 681 691 714 731 762 799 801 812 832 851 881 884 887 895 897 903 910 940 946 968 974 977 993 997 
38 73 131 145 148 156 157 172 196 211 226 227 262 267 354 366 369 373 385 428 500 511 519 521 576 608 612 679 688 713 736 757 758 772 798 828 889 937 980 
4 20 31 34 61 66 72 74 77 83 87 89 96 102 118 119 124 154 162 184 186 188 201 210 271 282 289 292 315 324 357 372 373 379 398 401 407 410 415 434 445 450 467 469 473 491 503 516 524 531 542 546 552 559 575 586 613 627 655 656 661 693 694 696 718 721 726 730 737 739 753 756 793 802 845 849 879 920 936 968 969 983 989 
36 41 60 75 264 274 286 378 391 417 420 440 505 507 508 529 533 550 587 594 601 673 682 697 699 724 725 727 733 783 798 800 827 873 876 900 904 949 996 999 
36 42 54 116 160 163 176 217 247 252 254 264 273 417 436 451 475 505 529 535 550 594 636 652 657 668 703 783 785 810 843 846 847 856 907 928 929 986 
106 146 169 170 178 185 199 204 263 272 283 377 392 431 492 590 646 708 809 818 826 861 894 944 959 
47 49 93 193 200 287 300 303 362 381 400 479 486 541 680 689 745 778 795 805 833 835 866 876 908 932 
2 37 51 214 253 305 307 314 339 408 443 465 471 527 637 671 694 732 742 782 794 841 860 863 
6 16 28 29 45 129 138 235 248 260 304 349 478 553 558 560 585 643 667 705 723 761 771 865 
39 52 151 174 215 231 249 259 280 328 374 439 453 614 692 750 775 781 797 888 945 
24 43 65 104 114 139 141 180 202 218 219 222 261 269 285 297 309 313 394 402 419 441 461 476 525 534 549 551 555 568 570 574 604 609 650 740 748 751 767 790 792 815 819 822 823 836 842 875 882 890 896 916 918 957 960 964 
1 7 10 19 30 108 125 212 234 244 326 333 375 429 504 543 582 609 617 622 744 752 764 779 791 822 862 868 904 939 964 966 998 
5 63 71 78 79 114 120 141 179 180 223 268 276 313 325 327 338 394 419 426 549 568 574 604 618 619 620 621 625 629 647 650 653 738 789 798 815 837 848 855 857 864 891 924 947 948 
11 12 56 82 113 182 213 232 323 364 367 384 427 477 584 672 698 706 746 780 816 817 829 870 905 906 938 965 
24 43 76 97 152 194 218 219 224 270 393 416 423 441 461 476 487 493 507 515 526 538 551 609 669 729 747 748 760 823 842 853 875 902 916 926 958 961 970 976 980 
68 80 98 133 153 209 341 342 347 348 383 399 481 583 648 660 720 921 955 
22 27 55 64 81 173 241 266 322 371 390 430 464 468 497 513 630 734 743 749 887 892 903 940 
14 32 158 251 274 294 331 395 442 455 510 573 683 715 776 796 813 985 
15 139 167 205 320 332 418 456 556 623 649 658 710 773 807 874 914 922 978 992 
8 53 177 243 275 336 363 438 446 517 520 547 589 603 821 852 899 
237 240 245 256 335 344 422 457 571 580 593 605 610 611 659 695 766 825 838 867 878 927 
31 46 83 107 119 121 142 186 191 250 407 410 425 489 509 531 552 606 625 628 644 655 719 786 793 885 
33 64 109 134 352 388 416 490 523 537 581 624 625 654 684 743 821 844 850 899 901 990 
26 117 165 239 311 350 360 387 454 530 567 677 765 784 824 931 935 979 
4 72 118 126 150 154 162 201 284 299 315 370 467 542 544 555 586 634 676 693 701 711 730 814 831 839 925 
90 91 137 140 159 173 181 221 258 290 337 404 405 447 566 596 607 678 712 754 774 877 995 998 
