12 13 15 22 24 25 27 30 34 36 39 41 42 45 53 54 58 59 68 70 75 76 78 89 92 94 97 98 108 116 120 128 131 132 133 139 140 142 143 151 155 156 161 164 167 170 178 187 190 196 201 207 208 231 232 236 237 238 240 242 248 249 251 253 254 265 266 268 271 274 275 277 278 280 281 282 288 290 295 296 302 323 324 325 333 341 347 350 360 368 372 386 390 391 403 419 420 421 426 427 433 434 439 445 447 451 467 470 472 476 477 482 485 486 488 491 492 500 502 503 504 505 508 520 521 526 528 529 532 534 536 540 543 552 556 561 569 570 578 587 590 592 595 599 604 605 610 625 632 633 639 647 654 656 658 660 661 663 664 665 669 676 681 684 685 694 698 699 703 707 709 710 724 726 730 733 734 736 741 743 746 749 750 751 761 762 769 771 774 776 777 783 787 793 794 801 807 810 811 813 814 828 834 843 845 846 849 850 852 858 864 865 866 878 883 889 892 893 901 903 905 906 907 916 918 925 926 931 932 936 943 944 947 948 955 957 960 965 969 974 975 984 985 990 
4 14 19 28 32 33 35 37 40 43 47 51 57 63 79 80 81 84 85 87 88 93 95 100 105 109 117 123 124 130 135 137 148 150 152 153 160 163 166 168 172 176 177 179 180 181 185 189 191 192 194 203 211 216 224 229 233 239 246 247 252 255 256 259 261 270 279 287 293 298 300 304 306 307 309 311 315 316 317 326 332 336 339 343 353 355 356 359 361 364 376 377 389 392 400 405 412 425 431 432 435 437 440 441 448 457 465 468 471 473 474 489 490 507 509 510 511 517 522 523 524 527 530 531 537 544 547 549 553 565 567 579 589 593 594 596 597 598 600 601 602 603 608 613 614 615 616 620 626 631 634 635 636 641 650 653 655 659 667 674 680 682 689 690 696 705 706 708 711 715 718 719 721 722 727 732 747 748 757 759 766 772 778 780 789 790 792 795 796 798 799 803 806 809 812 815 816 822 825 826 835 836 848 853 856 863 871 875 876 877 880 881 896 904 908 915 919 928 929 935 937 941 954 978 981 983 991 994 997 998 999 
2 5 6 8 26 29 48 49 52 60 61 62 65 72 74 83 86 90 102 111 115 136 138 145 146 159 171 184 186 188 195 197 200 205 209 210 212 214 215 217 219 223 225 230 235 258 263 269 283 284 286 291 292 294 318 320 330 331 334 342 358 362 363 365 367 380 393 398 414 422 424 428 429 430 438 443 449 450 459 460 463 469 480 481 487 496 498 501 512 515 519 535 538 539 541 545 546 554 558 559 560 568 572 573 576 582 588 606 607 611 612 617 618 619 621 623 624 629 630 638 643 644 652 671 672 678 679 687 691 692 693 695 701 713 714 716 717 737 742 756 758 763 767 768 770 773 775 782 784 786 788 791 797 802 808 819 821 832 833 839 840 841 844 847 851 855 857 859 860 861 862 867 872 874 879 885 890 891 894 895 898 902 909 913 914 917 920 922 924 930 938 939 942 949 950 951 952 953 956 964 966 967 968 970 973 976 979 987 988 992 995 996 
3 16 20 31 46 56 64 67 73 82 91 99 101 104 106 110 113 118 121 122 127 154 158 162 165 173 174 175 182 183 204 220 222 243 250 260 262 267 289 297 305 308 312 327 338 340 351 352 354 371 373 374 384 385 395 399 402 407 408 411 413 416 418 423 436 444 455 456 475 483 484 493 494 495 499 514 516 518 525 533 548 550 557 563 566 571 577 580 581 583 584 586 591 622 628 642 646 657 668 673 675 677 688 704 720 723 728 731 753 760 764 765 785 800 804 817 827 829 838 842 854 868 882 884 897 899 912 921 923 927 933 945 946 958 961 962 963 972 980 982 989 
0 7 55 69 71 103 107 114 141 157 193 202 206 228 257 272 276 335 366 379 396 542 551 574 575 627 637 640 649 651 683 697 702 729 735 738 744 823 830 873 971 977 
23 50 96 112 119 126 129 134 147 199 226 264 285 299 303 319 322 344 345 369 388 409 410 446 452 453 461 464 497 513 555 562 585 739 752 824 869 887 888 910 959 993 
1 10 11 17 38 77 169 198 234 244 310 313 314 329 337 346 357 382 404 406 417 442 454 458 462 666 670 686 725 754 805 820 831 837 870 886 900 911 934 986 
18 21 44 66 125 218 221 241 301 321 328 348 370 378 383 387 401 466 478 506 609 645 648 700 740 745 755 779 818 
144 273 349 375 394 415 479 564 662 940 
9 149 213 227 245 381 397 712 781 
