0 21 78 205 307 327 363 447 464 521 522 536 549 559 566 585 602 637 666 734 760 786 798 864 866 875 909 952 960 962 977 
5 111 128 139 154 217 316 331 337 354 395 582 601 623 710 743 771 778 841 899 
1 29 59 81 108 210 324 366 387 420 531 544 624 871 
67 106 153 195 226 250 343 497 510 591 685 727 736 855 881 
2 35 95 129 134 237 274 345 454 465 492 618 663 749 756 811 817 831 834 858 869 914 927 940 945 954 956 963 978 
3 34 114 147 158 165 186 221 241 334 339 391 433 446 456 478 483 503 541 586 638 650 711 712 717 769 808 816 847 924 929 938 973 
79 136 178 229 261 323 452 648 843 
15 40 47 84 196 202 281 362 374 421 448 499 606 608 622 661 674 677 812 854 868 913 935 946 981 
46 57 64 162 198 284 302 380 407 423 443 495 508 528 537 545 548 600 630 703 801 842 884 886 887 928 968 975 995 
37 74 103 135 145 239 285 365 371 399 467 558 704 988 
4 70 156 174 190 266 295 297 317 336 414 416 428 431 479 491 596 614 673 709 715 718 719 747 754 872 892 
26 61 121 183 189 269 348 351 398 506 526 572 610 617 665 700 714 788 793 818 835 852 867 874 898 989 
6 49 82 100 257 313 353 418 438 453 470 473 530 571 702 729 731 744 824 837 880 888 926 970 
7 20 65 91 107 117 161 233 240 243 276 286 303 308 311 424 432 461 474 598 620 633 739 813 833 915 
85 109 283 338 569 570 728 782 809 878 882 894 897 910 939 
8 39 122 133 252 310 713 722 761 807 825 877 904 
112 132 256 393 411 451 542 636 640 646 656 698 815 838 942 948 990 
63 83 141 251 290 321 322 364 394 427 444 471 512 551 562 593 626 652 658 772 787 826 876 917 921 936 947 951 959 
9 17 22 38 48 52 87 93 98 148 160 166 200 332 385 405 422 511 647 733 776 777 795 799 821 846 919 955 976 998 
77 92 96 175 181 219 238 306 430 500 515 573 595 781 922 964 
11 28 66 89 90 102 115 214 215 288 341 400 440 502 507 519 565 574 589 766 802 861 896 953 
172 245 372 460 517 580 662 
12 72 208 225 278 319 417 419 439 578 584 643 651 670 708 748 784 790 907 931 996 
10 27 32 73 193 258 335 382 436 442 462 546 555 645 667 779 916 950 965 967 
42 86 125 126 163 170 176 272 309 314 328 357 412 554 597 657 672 676 687 738 751 752 765 767 814 857 895 930 944 
88 113 149 224 231 246 255 265 271 275 300 384 450 458 469 486 509 539 540 553 560 577 605 758 829 845 853 865 870 889 890 903 937 986 994 
18 51 127 151 279 472 505 609 682 732 742 750 770 823 983 
19 253 350 445 697 737 819 
80 143 157 173 180 201 213 232 282 293 401 409 410 415 437 529 538 547 575 627 632 634 635 653 654 694 705 791 810 849 856 879 891 893 905 906 918 923 933 957 992 
13 203 228 346 381 408 613 668 690 
58 68 94 124 142 182 204 222 248 296 304 329 619 641 692 806 840 859 885 902 980 
14 101 120 209 249 325 344 386 498 514 563 639 723 780 920 972 982 997 
16 110 116 199 207 235 320 330 392 413 459 504 525 535 587 588 590 660 706 844 863 
62 155 294 484 489 516 576 592 644 721 830 832 971 
130 168 169 171 216 218 230 358 501 669 774 901 961 969 987 
97 234 347 396 397 487 494 520 532 534 594 746 755 941 
43 55 99 131 220 280 292 378 389 475 556 557 567 683 860 958 
36 71 140 146 259 262 263 289 379 383 493 611 621 631 701 745 762 764 783 804 828 911 943 949 974 979 984 985 993 999 
177 267 268 367 434 441 476 488 561 671 686 691 741 883 900 912 991 
60 123 185 264 277 318 373 435 468 482 513 533 599 655 693 707 735 740 800 851 934 966 
23 30 31 53 119 187 236 340 355 406 425 550 604 628 678 681 720 726 805 822 850 
45 75 104 179 191 227 360 375 524 684 794 908 
24 69 342 390 402 426 480 527 579 581 688 932 
25 144 270 301 361 370 481 485 659 
33 167 197 223 298 369 404 568 583 615 649 725 792 820 862 
56 150 164 242 299 349 356 429 463 466 477 490 496 696 699 759 789 925 
41 44 152 184 254 368 376 377 564 607 625 629 642 680 763 768 827 839 848 873 
50 192 273 287 315 388 403 455 518 724 753 773 775 785 796 836 
54 260 326 352 730 
138 291 679 689 797 
105 118 206 247 552 616 675 
76 137 159 188 523 543 664 695 
211 212 305 312 333 359 449 603 612 716 757 
194 244 457 803 
