0 7 55 107 157 308 379 432 542 551 574 637 729 823 830 866 
14 63 80 84 93 117 185 194 229 259 282 298 311 355 359 401 509 510 523 544 696 719 727 757 759 875 919 929 935 983 
19 32 123 152 180 181 224 231 253 293 315 377 435 497 511 517 522 582 594 631 721 732 790 850 908 941 954 
1 11 28 129 134 169 170 171 175 226 234 303 313 322 329 339 409 410 412 442 461 527 528 562 635 642 670 680 686 704 715 725 805 828 837 900 910 911 977 
13 46 64 99 120 165 174 183 220 243 260 324 352 354 384 416 444 483 499 563 581 597 615 655 827 838 946 982 
33 125 218 301 321 348 387 603 648 657 818 872 881 
2 5 60 86 209 223 331 422 498 546 559 568 607 621 625 629 867 890 979 
12 31 43 77 106 168 289 297 402 404 446 474 580 584 613 646 652 682 753 764 829 862 897 905 927 933 958 961 996 
182 222 304 351 413 455 484 516 525 535 609 675 688 763 842 923 972 
18 21 163 367 370 378 466 478 506 645 700 740 745 779 871 913 
3 67 82 101 122 167 305 456 495 518 550 577 586 591 673 728 817 840 853 868 882 884 921 
20 104 154 173 261 316 327 373 374 399 423 436 493 533 628 677 720 765 800 854 899 945 
161 251 372 420 433 477 578 587 605 691 707 734 810 901 
65 90 111 198 202 215 235 276 424 434 459 469 501 618 643 671 692 695 821 844 860 895 909 917 938 951 952 956 967 970 988 992 
103 114 141 193 228 257 271 272 353 537 575 589 683 697 702 735 795 873 971 985 997 
4 81 192 246 307 392 532 549 601 654 748 816 876 978 
36 45 94 131 238 266 290 341 491 534 556 604 787 814 846 
48 62 102 130 189 195 200 230 294 334 428 572 699 756 782 819 832 847 855 920 950 
124 142 332 468 470 565 634 641 650 705 722 762 780 796 826 904 994 
37 87 138 239 247 256 336 489 547 600 602 606 608 636 667 747 766 789 825 835 856 
56 395 396 475 514 530 596 
16 118 158 203 250 312 338 385 421 548 571 583 698 785 912 924 962 963 989 
6 29 145 159 284 363 430 775 
17 38 40 105 115 160 244 314 337 346 357 382 406 407 417 454 458 462 531 539 558 616 659 666 714 754 791 799 820 831 833 870 886 930 934 944 957 986 
22 98 133 232 236 386 403 419 486 561 681 811 849 
35 172 216 252 287 306 340 356 364 400 408 418 508 566 630 693 750 751 803 815 896 928 981 
9 30 78 116 196 263 265 368 661 736 743 801 834 858 864 965 984 
8 184 258 269 291 330 365 429 487 512 515 519 554 573 611 612 623 716 758 767 802 859 964 995 
69 71 188 206 225 335 366 521 627 640 649 651 668 708 738 744 776 857 879 
34 97 132 153 240 242 281 333 390 513 569 632 656 678 685 710 730 883 955 975 
23 50 92 96 112 119 147 199 264 285 299 344 350 369 380 452 453 464 585 739 752 824 841 863 869 887 888 959 980 987 993 999 
57 70 83 128 139 140 207 254 278 288 439 451 526 536 633 647 658 660 663 669 676 694 709 726 733 769 777 783 852 902 936 969 974 
149 213 227 245 381 397 579 712 731 760 781 
79 85 150 179 191 279 326 389 437 448 457 465 471 507 598 614 620 778 792 806 812 822 877 880 894 915 949 991 
10 73 100 113 121 143 162 262 309 371 622 626 711 723 804 943 
68 187 270 280 295 323 447 570 595 665 845 903 916 947 
74 110 146 212 300 320 358 463 624 644 713 839 939 966 
27 89 155 249 267 268 274 277 310 391 445 488 529 552 592 664 724 741 749 794 865 878 907 918 931 932 960 
39 176 343 361 441 524 593 706 
75 91 144 273 349 375 394 415 472 479 564 662 906 940 
54 201 248 302 325 427 500 610 925 948 
24 25 126 127 190 275 296 317 426 467 503 505 567 590 619 684 718 746 771 889 892 990 
41 42 53 59 151 360 431 504 540 774 793 807 813 843 893 
214 292 393 405 414 449 481 588 672 717 788 968 973 
47 156 166 233 255 473 485 492 553 560 653 690 809 926 937 998 
15 44 66 221 241 328 383 617 755 874 
26 49 61 136 197 217 283 318 342 362 398 438 460 480 496 538 541 576 639 679 687 737 786 808 885 976 
52 72 186 204 210 219 286 443 450 545 638 701 742 768 770 773 784 797 851 861 891 898 914 922 942 953 
109 137 211 376 490 689 772 798 
205 319 345 388 411 494 555 557 
51 88 95 135 148 177 425 440 674 836 848 
58 76 108 164 178 208 237 347 476 482 502 520 543 599 703 761 
