9 11 14 17 18 19 20 22 28 32 37 41 44 46 60 61 63 64 74 84 88 94 109 114 115 119 124 125 127 137 142 143 144 148 154 157 164 165 168 173 175 180 184 186 191 192 193 199 202 209 210 227 228 229 237 242 257 258 260 261 264 266 267 272 284 285 286 287 294 296 300 301 302 304 308 309 314 322 328 334 339 341 343 344 346 348 353 359 363 365 366 367 372 374 384 388 396 397 403 408 420 421 425 429 430 431 433 443 446 447 455 456 457 470 478 495 500 504 507 510 511 514 517 537 539 543 549 561 564 578 595 598 602 603 607 609 612 618 624 626 628 629 638 650 655 660 661 664 665 667 669 670 674 679 690 694 695 705 706 709 710 713 716 717 728 730 732 733 744 751 754 759 760 762 770 771 779 780 787 789 793 796 800 802 811 814 815 817 819 826 832 841 842 851 852 853 854 857 861 866 867 869 870 871 872 873 875 877 883 888 889 890 891 893 898 900 901 903 905 906 912 916 918 923 930 932 933 937 940 945 948 958 959 963 968 970 983 986 987 988 991 992 994 997 
2 21 24 25 27 36 38 51 52 54 55 66 68 78 87 100 110 113 117 121 123 126 136 141 146 150 156 163 167 181 183 196 203 214 217 221 223 232 233 235 240 243 248 253 262 269 275 295 298 315 316 318 319 320 321 323 331 340 345 347 350 356 357 358 369 375 377 385 387 391 395 407 411 414 415 416 426 427 428 437 440 441 442 445 451 452 467 471 477 481 484 485 486 487 494 503 505 509 518 520 522 525 526 532 533 536 542 546 547 548 551 553 554 556 557 560 568 572 573 576 579 582 585 587 589 591 592 600 601 604 610 613 622 625 631 632 633 634 637 640 648 658 666 671 678 680 681 686 688 692 699 715 718 736 738 739 741 742 748 752 768 773 786 797 798 801 805 808 813 821 822 824 828 829 830 834 835 837 840 843 850 855 858 859 860 864 880 882 887 894 897 902 904 911 913 917 919 920 926 935 938 939 941 942 949 950 952 953 954 955 957 960 965 972 974 975 977 978 979 981 982 984 985 989 993 996 998 999 
0 4 10 13 29 30 31 39 45 50 56 71 72 73 79 86 99 104 108 112 120 122 129 131 132 147 149 152 153 155 160 162 166 169 187 194 201 204 208 211 216 225 230 234 236 239 246 247 251 254 255 263 270 273 274 276 280 281 288 289 291 297 303 310 312 317 324 333 335 337 338 361 379 381 382 383 389 393 398 400 401 406 410 412 413 422 423 424 432 435 438 439 448 458 461 462 463 464 469 473 474 479 480 489 491 493 496 501 508 521 523 528 529 541 545 550 559 563 566 569 570 577 583 593 594 596 606 608 611 614 615 617 619 621 627 630 635 649 651 652 653 657 662 668 676 677 682 685 691 697 700 703 714 722 731 734 750 753 758 764 774 777 781 783 785 795 799 804 807 820 823 827 836 839 844 845 847 848 856 865 874 886 895 899 907 908 909 910 922 924 927 929 931 943 967 969 971 990 
3 7 16 34 42 43 59 65 81 82 85 89 91 98 101 116 170 171 174 176 177 182 185 215 226 245 252 278 279 305 307 326 362 364 390 399 405 409 417 434 444 459 465 472 482 483 497 506 531 544 552 663 701 712 720 723 724 743 755 784 794 803 810 825 831 833 862 876 896 928 976 995 
5 8 53 57 58 62 76 83 93 103 111 118 134 145 178 205 207 218 224 249 290 311 313 325 327 342 352 355 378 392 394 419 436 453 466 475 490 498 524 567 575 580 584 588 605 616 620 644 646 656 702 704 707 708 719 735 745 766 767 818 838 849 915 946 951 956 961 
1 15 70 95 135 139 151 158 195 197 212 219 222 238 250 256 265 293 329 336 368 380 386 404 450 502 515 534 558 571 574 586 623 645 659 683 684 687 696 711 727 765 776 778 788 863 878 879 885 914 934 944 962 973 
12 23 33 35 67 77 97 105 128 133 138 179 188 189 200 241 244 271 292 330 332 351 460 499 519 538 555 565 599 642 673 689 693 726 740 791 806 812 816 966 980 
6 47 75 130 172 282 360 370 371 373 376 449 516 535 654 757 772 846 881 921 925 936 947 964 
49 69 90 96 107 190 259 277 283 349 418 468 562 581 639 647 737 746 756 782 790 792 809 
40 80 306 476 488 513 530 636 672 675 698 749 769 868 884 
92 102 161 220 231 268 354 402 527 643 725 729 747 763 892 
26 106 140 198 206 299 454 590 597 761 775 
48 159 213 492 512 540 641 721 
