8 26 28 29 30 31 36 38 39 40 41 42 46 47 48 58 59 70 71 74 79 82 86 87 90 94 97 99 110 111 114 119 120 125 128 131 135 138 144 145 149 150 157 160 162 164 165 169 170 180 185 189 194 201 203 208 209 212 215 218 219 220 228 231 232 241 242 245 247 250 253 256 260 261 263 271 273 278 281 283 284 287 291 300 302 303 307 322 325 329 336 346 347 350 352 353 358 360 366 368 371 372 385 390 396 398 399 408 409 410 415 417 427 430 431 435 447 448 458 465 467 471 473 477 478 482 483 486 492 493 497 498 499 500 508 509 510 511 514 517 532 538 539 542 545 548 550 554 556 557 563 569 570 572 585 587 590 598 607 613 616 621 625 626 628 632 644 646 649 652 659 660 671 677 678 682 688 698 701 705 708 713 724 728 737 738 743 744 747 748 754 757 764 770 771 774 780 789 791 793 795 799 800 806 807 811 814 822 827 828 829 839 840 843 847 849 852 860 865 866 868 871 872 874 877 886 894 901 903 904 907 908 910 911 912 920 926 929 932 936 938 943 948 949 953 958 961 962 963 967 968 971 980 986 
2 17 27 32 37 64 65 67 77 108 142 147 155 158 166 177 183 186 188 211 234 239 272 274 275 295 296 297 299 304 313 314 317 326 332 337 338 339 389 391 422 423 437 472 487 491 516 537 549 552 578 579 586 601 605 608 627 648 663 664 668 672 674 676 686 693 715 723 751 752 753 760 761 765 784 808 815 830 845 851 857 875 885 898 917 919 921 928 930 934 959 970 
37 65 77 80 101 123 130 171 173 181 191 202 211 222 229 236 251 270 280 281 282 284 286 296 297 298 314 327 333 335 338 340 341 343 356 369 376 379 380 386 400 425 438 439 440 441 444 457 469 470 508 541 560 599 619 638 642 645 663 689 691 699 700 707 710 721 727 766 797 801 808 848 857 889 896 909 922 939 985 993 998 
5 18 20 33 89 91 109 126 161 193 195 217 221 223 244 293 306 315 319 321 330 342 344 348 349 355 373 382 384 392 406 412 414 433 445 450 451 496 526 527 530 544 566 571 584 593 596 602 604 606 609 614 615 618 637 639 653 661 667 680 681 703 716 720 722 730 733 734 735 763 768 773 787 790 798 804 813 819 823 826 835 841 850 859 883 887 893 902 906 935 940 941 947 956 957 975 978 990 997 
0 1 9 13 19 83 91 117 134 137 151 163 200 216 249 267 268 301 356 357 363 370 420 455 456 494 496 503 505 534 611 620 629 640 651 673 702 735 736 746 749 756 812 834 837 873 944 950 960 987 
4 10 21 35 49 51 57 62 78 92 106 112 115 132 172 175 184 199 233 235 248 254 255 289 320 331 374 378 383 386 387 393 416 418 434 453 460 462 464 466 476 495 501 559 561 574 576 580 588 630 647 666 679 684 696 769 775 781 782 821 832 836 844 853 854 861 878 892 914 916 925 955 
84 141 187 196 206 257 288 294 310 318 323 377 382 429 456 474 484 488 526 528 565 581 597 617 631 641 657 662 665 717 742 758 768 809 858 867 876 913 931 951 954 966 972 976 
44 45 73 86 107 116 124 133 153 156 159 178 179 204 214 225 227 240 243 277 290 356 364 395 402 404 405 416 428 432 443 461 485 507 512 523 529 533 535 540 543 548 553 555 568 580 582 656 659 669 685 695 725 750 818 831 869 879 899 918 974 982 992 996 
11 14 60 68 98 136 142 146 148 192 194 213 231 258 264 305 309 314 340 381 403 407 479 493 536 538 590 592 628 670 675 719 729 731 741 762 777 792 803 805 810 863 900 915 927 933 942 999 
16 23 25 34 43 50 75 85 89 95 104 152 167 176 205 238 246 259 324 361 392 445 452 454 488 490 502 506 518 528 564 593 603 610 624 636 653 694 709 714 759 767 772 778 785 786 825 842 855 862 884 905 923 924 977 979 
24 29 54 87 100 105 122 127 139 154 262 276 285 367 421 449 459 521 551 575 591 594 634 655 683 687 697 712 718 726 788 882 929 964 965 973 981 984 
6 52 66 81 116 129 172 174 198 207 210 226 230 240 243 269 279 311 361 374 404 428 468 475 480 489 507 524 529 533 540 546 568 574 612 622 633 685 706 740 816 833 870 952 988 992 
12 15 56 61 103 121 126 143 182 190 193 224 308 310 334 344 349 373 401 406 446 481 488 515 520 525 531 547 558 573 623 650 716 720 824 846 897 937 994 
3 7 63 168 197 266 292 316 340 354 362 411 436 519 522 562 567 690 692 745 783 802 880 881 895 945 
15 22 53 55 72 102 113 252 265 312 365 394 397 413 419 424 504 528 577 583 635 643 654 658 704 711 732 776 796 817 838 888 989 991 
69 76 93 96 118 203 212 345 359 426 454 463 490 513 540 595 603 610 694 739 794 820 831 891 946 969 983 
88 140 237 290 328 351 374 375 388 442 580 589 600 755 779 856 864 890 995 
