24 43 55 67 69 80 85 99 109 131 180 201 213 220 238 269 271 272 280 283 292 338 342 378 389 390 401 402 410 426 435 437 475 480 513 527 538 547 556 557 567 569 570 573 579 581 635 660 683 688 728 782 809 860 865 877 878 882 890 891 893 894 897 905 910 932 939 953 958 988 997 
2 13 30 34 35 93 95 165 203 221 228 231 232 237 274 334 346 381 384 391 408 465 478 492 541 613 618 638 663 668 690 717 749 756 808 811 817 831 834 858 865 869 906 914 918 933 940 945 954 956 957 963 978 992 
12 18 32 51 72 77 92 96 126 127 146 151 175 181 219 238 279 306 430 472 500 505 515 569 571 595 609 682 732 742 750 770 781 823 922 924 948 964 983 
63 83 141 251 290 322 364 394 427 444 471 512 551 562 593 626 652 658 772 787 826 876 917 921 936 947 951 959 990 
0 21 37 74 78 103 111 135 205 285 327 363 399 447 464 521 522 549 558 559 585 602 637 653 666 734 760 786 864 866 875 909 952 960 962 977 
46 57 64 162 198 270 284 331 380 407 423 495 508 528 537 545 548 600 630 706 736 778 801 842 884 887 928 968 975 995 
4 70 156 174 190 266 295 297 302 317 336 414 416 428 431 479 491 596 614 715 718 719 747 754 872 892 
33 76 79 94 136 159 167 188 197 223 229 261 298 321 323 369 404 452 523 543 566 568 583 615 648 649 664 673 695 725 733 774 792 820 843 862 
36 71 140 146 259 262 263 289 293 379 383 493 611 621 631 701 745 762 764 783 804 828 911 943 949 974 979 984 985 993 999 
3 15 34 40 47 84 165 196 202 211 212 221 281 305 312 333 334 359 362 374 391 421 448 449 478 541 577 603 606 608 612 622 638 649 661 669 674 677 716 717 812 847 854 868 908 913 935 946 981 996 
7 20 65 91 107 117 161 233 243 276 286 303 308 311 422 424 432 461 474 598 620 633 739 813 833 915 
130 134 153 168 169 171 195 216 218 226 230 246 250 265 343 358 387 497 501 510 591 685 727 774 855 881 901 929 961 969 
26 61 121 183 189 341 348 351 398 506 511 526 572 610 665 700 714 788 793 818 835 852 867 874 898 989 
6 14 19 45 49 75 82 100 104 143 172 179 191 227 245 253 257 282 313 341 350 353 360 372 375 418 438 445 453 460 470 473 517 524 530 571 580 662 684 697 702 729 731 737 744 819 824 837 880 888 926 970 
42 86 125 163 170 176 309 314 328 357 554 597 657 672 676 687 738 751 752 765 767 814 857 895 930 944 
17 25 76 101 120 133 144 145 159 188 202 209 249 301 304 325 344 361 370 386 481 485 498 514 523 543 553 563 577 639 659 664 692 695 704 723 733 780 794 913 919 920 938 955 972 982 997 
60 123 148 185 264 277 318 345 373 468 482 533 599 643 655 693 707 735 740 800 851 923 924 934 966 
41 44 152 173 184 254 365 368 376 377 564 607 625 629 642 680 763 768 778 827 839 848 873 
76 88 113 149 159 178 188 255 275 450 458 469 486 509 523 539 540 543 577 605 651 664 695 733 758 829 845 853 870 889 937 986 994 
8 11 28 39 89 90 102 115 122 214 215 224 252 288 290 310 341 400 412 440 502 507 519 560 565 589 713 722 757 761 766 807 825 861 896 
56 150 164 242 299 349 356 371 429 463 466 477 490 496 696 699 759 789 802 903 925 
9 22 48 52 76 87 93 98 148 159 160 166 188 200 304 307 332 385 402 405 422 443 523 543 647 664 692 695 712 733 776 777 790 795 799 821 846 976 998 
10 27 32 73 258 335 382 425 436 442 462 477 546 555 611 645 667 779 886 908 916 927 950 965 967 
16 110 116 199 207 235 320 330 345 392 413 459 504 525 535 587 588 590 660 706 844 863 904 
23 31 38 53 119 125 187 236 355 406 425 550 604 628 678 681 720 726 805 822 850 
11 106 177 224 267 268 277 355 367 434 441 476 488 560 561 656 671 686 691 741 883 900 912 948 987 991 
19 157 173 239 253 350 409 415 445 529 575 627 632 634 653 654 694 697 705 737 791 810 849 852 856 879 
1 22 29 59 81 108 130 147 210 246 265 324 340 366 387 420 531 544 617 624 764 871 973 
5 111 128 139 154 217 316 337 354 395 601 623 710 743 771 816 841 899 
58 68 124 142 182 204 222 248 270 304 329 499 619 641 692 806 840 859 885 902 905 980 
50 66 129 192 193 273 287 300 315 388 403 455 518 703 724 753 773 775 785 796 836 
114 158 186 241 290 296 339 433 446 456 483 503 586 650 711 769 808 816 
112 132 256 393 411 451 536 542 636 640 646 656 676 698 815 838 942 
97 234 240 347 396 397 487 494 520 532 534 594 746 755 941 
62 155 294 385 419 484 489 516 576 592 644 653 709 721 830 832 834 
208 225 278 319 417 439 454 574 578 584 670 708 748 784 790 907 931 996 
54 138 260 291 326 352 582 679 689 730 797 798 
105 118 137 194 196 206 244 247 457 467 552 553 616 620 675 803 971 
