0 8 12 13 18 23 31 32 37 39 40 44 50 62 66 76 79 80 85 86 89 90 96 100 103 107 110 114 116 125 129 134 144 146 150 165 169 170 171 176 186 194 197 201 208 210 216 223 224 227 230 233 235 247 248 256 257 261 262 266 268 271 275 277 279 281 282 285 286 287 290 291 295 296 299 300 303 306 308 312 321 324 326 328 329 330 338 345 351 352 353 358 361 370 371 380 381 382 384 387 390 397 398 402 404 408 412 415 416 420 421 423 431 433 438 442 451 453 455 459 466 468 470 471 475 477 480 485 486 495 501 506 512 515 516 517 521 522 523 525 528 544 546 549 551 557 562 563 566 571 578 579 581 582 592 596 598 600 602 603 607 614 615 617 618 621 622 623 624 629 631 634 638 640 642 646 647 648 651 658 659 660 663 664 666 672 673 674 687 688 689 690 691 692 693 702 709 710 712 713 718 721 723 724 729 730 732 738 747 748 749 755 756 759 767 772 774 775 776 777 779 780 783 785 789 795 797 802 803 806 808 810 811 815 821 824 825 829 834 840 841 843 846 852 854 855 856 859 862 868 872 885 886 899 902 904 907 908 913 917 919 920 926 931 935 938 939 941 946 951 955 956 970 971 972 973 976 977 980 981 982 989 996 998 999 
1 2 7 9 10 11 14 15 19 33 41 47 48 52 55 57 59 60 64 65 67 71 75 77 81 84 91 92 93 94 99 101 105 106 109 117 122 128 131 137 138 141 145 147 148 149 152 154 156 160 162 168 173 182 184 187 189 190 191 202 207 209 215 217 219 229 231 232 239 244 249 250 251 259 263 267 269 270 272 284 289 297 298 305 309 314 320 322 323 332 337 340 341 344 347 359 360 364 369 372 375 386 389 391 393 394 395 399 409 411 413 414 417 419 422 424 425 429 432 434 436 440 447 448 454 456 458 461 463 474 479 481 482 483 487 490 492 496 497 504 518 520 532 534 537 545 548 550 552 553 565 569 570 572 573 575 577 580 583 586 587 588 589 590 591 597 601 604 610 611 632 636 645 653 654 661 662 667 668 671 677 681 682 686 694 696 700 705 706 714 720 725 726 727 728 731 735 736 739 745 752 757 760 763 764 773 778 784 791 794 813 817 818 820 822 823 836 845 851 853 857 860 861 865 867 869 870 877 879 883 889 890 891 893 895 896 903 905 909 916 918 923 924 927 930 932 933 934 937 942 944 948 950 953 954 958 964 965 966 967 983 984 986 988 990 991 994 997 
4 17 22 30 35 45 56 61 72 73 74 78 82 104 108 111 112 118 119 120 121 132 135 136 155 172 175 177 178 181 200 204 205 211 220 221 236 254 264 293 311 315 317 318 325 327 335 336 346 362 365 373 378 383 385 400 403 410 439 441 444 446 465 467 469 484 500 502 503 505 507 514 529 530 535 538 541 547 554 564 574 594 605 609 612 613 619 620 625 626 633 643 644 650 656 665 683 701 703 719 722 733 740 742 751 762 770 781 787 790 792 796 804 807 809 812 816 819 830 831 832 833 835 849 850 858 864 866 874 875 898 906 914 915 940 945 952 957 960 962 978 992 
20 25 26 27 34 36 38 54 68 83 87 98 113 133 140 143 158 164 180 188 222 242 245 255 258 273 278 283 292 294 301 316 319 349 354 355 356 357 363 366 368 374 376 377 379 401 426 435 450 464 472 493 494 498 499 519 524 527 536 540 555 559 561 584 593 595 599 616 627 628 637 669 675 697 699 704 707 708 711 716 717 734 743 746 765 800 805 842 847 881 884 887 892 901 928 929 961 963 968 969 975 987 995 
3 6 49 53 70 123 139 142 161 174 179 198 203 214 237 243 252 260 302 307 313 342 350 405 430 460 511 513 556 568 649 657 678 680 715 737 754 761 771 782 786 799 826 828 876 878 882 894 897 910 911 921 922 936 943 947 949 959 974 979 985 993 
28 43 46 63 115 153 157 166 185 195 206 212 226 288 304 333 367 443 489 558 560 576 608 635 639 744 750 768 801 838 844 863 
5 24 29 51 69 95 102 151 163 238 241 265 274 388 392 445 476 478 488 508 543 695 698 741 758 766 788 814 871 925 
183 196 199 218 225 253 280 334 339 343 406 418 428 473 509 542 567 585 606 630 641 652 679 684 798 827 839 848 873 
21 58 97 159 167 192 228 276 396 427 526 539 655 670 685 793 900 912 
42 126 127 130 193 213 331 348 407 437 452 462 769 837 880 888 
16 88 124 234 240 246 310 449 457 491 510 531 533 676 753 
