0 138 139 265 298 385 416 424 444 650 836 871 938 949 964 984 994 
16 18 116 117 136 170 199 244 266 288 342 362 378 405 440 443 481 727 826 866 910 927 974 988 
93 108 165 166 189 280 326 367 608 616 645 690 728 791 803 863 874 
10 15 17 29 34 40 59 63 115 119 124 143 150 174 181 190 224 225 232 242 246 247 251 254 256 259 307 329 332 343 373 383 388 418 425 465 476 497 501 507 510 554 555 583 589 593 596 604 620 625 628 641 642 646 652 675 687 709 725 734 742 749 759 767 799 801 802 814 855 856 860 868 890 912 925 939 940 957 958 976 987 997 
42 95 123 149 193 211 253 286 310 358 417 454 570 581 623 678 737 773 810 893 923 943 962 967 
6 13 23 38 58 78 84 122 127 154 214 217 229 250 349 354 365 408 434 442 484 626 651 657 676 679 827 840 870 878 921 955 985 
37 41 65 110 203 220 230 320 347 612 622 638 730 778 779 788 806 873 919 950 978 992 998 
1 7 12 33 39 49 64 168 221 248 276 292 305 323 325 381 459 498 542 552 586 636 637 640 648 664 735 754 766 843 889 898 922 934 946 980 
94 99 125 187 493 504 861 908 
19 52 66 67 404 470 485 492 506 520 592 635 743 777 807 876 887 914 935 951 977 981 
70 210 295 348 515 567 597 599 601 661 681 877 892 942 
2 186 200 208 218 319 451 512 634 864 875 907 
8 14 48 164 201 239 340 380 395 406 419 575 594 828 838 896 900 904 965 983 990 
3 83 90 104 144 151 183 226 289 322 371 392 401 455 456 468 483 521 522 548 565 574 680 700 722 752 762 783 800 822 844 901 961 
21 45 47 51 176 216 293 374 415 448 460 475 478 627 659 685 713 790 851 933 
4 56 87 180 279 302 344 462 538 572 606 614 719 736 809 858 956 959 
80 85 161 167 299 334 375 394 396 414 423 469 486 500 531 619 658 691 715 717 744 761 768 808 872 929 931 989 
91 102 185 309 609 707 
20 36 140 192 207 222 281 287 337 422 585 682 756 842 883 
188 228 233 291 324 360 366 382 432 438 526 551 553 568 580 591 615 668 693 698 721 786 867 880 947 971 996 
25 50 60 68 137 173 264 336 387 426 441 632 823 852 903 918 924 937 970 993 
5 30 54 97 130 153 202 437 453 473 505 535 549 563 600 629 688 694 720 747 846 849 882 884 906 917 960 963 
24 237 258 300 306 452 525 723 771 916 
11 101 114 120 135 275 341 350 410 487 495 513 546 584 617 692 755 758 780 817 832 895 926 
72 86 103 113 131 204 314 328 361 429 433 436 463 499 524 528 532 689 695 813 859 869 885 945 995 
81 327 411 412 439 621 733 765 
100 141 175 231 257 316 399 489 547 558 582 624 630 660 770 792 797 811 815 819 830 886 902 
105 169 369 397 421 509 519 633 753 775 839 899 909 
43 111 303 364 402 477 494 539 578 605 613 655 669 703 705 714 757 772 798 881 928 975 
9 28 159 162 290 496 545 647 662 663 686 696 699 732 782 
22 96 112 142 148 171 194 245 274 296 304 321 356 391 445 508 529 566 587 590 639 670 672 683 684 706 708 729 739 741 745 748 763 795 847 891 915 920 932 968 982 999 
69 73 82 145 184 240 249 330 376 431 514 561 562 602 697 701 776 825 837 865 979 
31 32 74 146 163 178 179 235 271 294 311 331 333 346 363 420 449 482 490 569 571 579 588 618 631 656 671 674 716 718 726 785 794 841 862 930 936 973 
75 158 191 212 243 283 285 536 543 564 611 654 740 818 821 824 833 850 854 857 888 952 
106 129 132 156 227 234 260 270 335 339 345 351 386 413 427 488 530 576 746 774 787 796 853 911 948 969 972 991 
77 152 215 353 724 954 
92 98 157 195 209 219 252 255 282 317 355 435 447 472 523 533 540 544 595 643 831 913 
44 109 196 197 261 272 390 398 541 559 789 
53 55 273 308 352 370 393 446 464 502 518 537 550 666 953 
57 357 461 480 516 560 607 712 764 848 
79 89 133 277 315 377 450 511 527 769 894 
26 88 236 241 268 297 318 368 372 400 407 458 467 517 556 557 673 760 781 793 816 845 986 
62 155 172 262 269 312 359 430 573 704 711 905 
107 213 313 466 491 503 598 649 653 667 731 738 834 941 
27 61 76 128 206 338 384 474 479 603 750 812 879 897 
379 389 710 784 820 835 944 
35 205 238 263 403 457 471 577 610 677 702 804 829 
46 118 121 134 160 267 278 284 409 428 534 644 805 
126 147 177 182 198 301 665 751 966 
71 223 
