7 13 14 42 89 95 101 123 125 196 202 208 223 226 241 282 300 303 304 306 312 313 357 365 377 383 440 447 454 475 476 491 501 505 528 559 574 581 592 594 595 601 647 660 675 677 678 693 697 717 728 748 751 754 762 770 774 804 808 828 842 876 896 898 899 914 964 965 972 990 
18 32 34 39 52 59 65 76 85 134 150 198 218 253 254 256 264 288 294 320 382 389 395 400 411 419 439 446 465 492 493 498 503 536 540 566 582 653 664 680 681 695 702 713 740 747 755 759 781 798 811 812 837 844 869 895 911 915 936 946 
36 53 77 80 259 296 302 331 333 381 420 426 481 557 561 584 643 644 887 921 928 970 982 999 
28 40 67 107 133 144 146 147 151 153 225 227 252 260 291 308 337 373 385 409 417 451 526 547 550 619 637 639 671 676 685 689 718 756 761 795 832 850 868 951 953 958 
61 81 87 94 127 139 140 185 265 299 431 460 502 518 575 599 620 638 708 724 726 783 823 825 830 840 849 851 854 900 902 909 910 947 
12 19 37 43 45 64 66 75 84 92 118 168 182 222 236 275 284 295 305 309 329 350 380 388 450 456 462 545 562 564 569 570 630 635 641 654 661 692 733 734 736 918 923 969 995 997 
49 68 90 136 164 171 175 188 203 209 237 246 272 273 276 281 314 317 327 338 339 356 359 364 379 392 408 413 418 453 470 485 488 506 522 551 556 600 623 624 631 645 655 670 672 730 732 794 799 800 801 806 824 833 839 853 871 873 875 893 937 941 961 962 985 
58 69 96 104 156 174 177 194 205 235 292 298 319 321 340 342 349 369 393 398 401 404 412 423 429 433 443 466 471 500 511 514 516 546 548 580 590 625 642 648 662 679 683 696 704 716 727 737 744 760 776 778 790 814 822 826 827 834 845 855 874 878 882 885 926 949 959 963 968 974 987 989 
23 55 62 74 86 99 106 109 111 119 120 122 132 138 145 158 162 183 184 197 201 204 207 213 217 239 243 247 250 258 261 270 274 279 283 286 287 307 324 325 330 344 347 360 361 376 390 391 405 445 452 458 459 467 489 510 519 529 530 537 567 578 585 587 593 605 609 616 673 690 735 742 750 753 757 764 765 768 773 784 789 816 852 867 916 920 934 939 940 948 954 978 984 992 998 
0 38 51 114 216 224 316 334 368 399 448 512 572 607 651 684 687 721 763 807 815 919 960 
1 17 22 44 72 102 105 115 161 228 289 290 293 323 332 341 438 507 509 542 553 579 598 618 629 698 720 729 793 805 848 857 880 925 931 943 993 994 
10 16 26 29 31 48 50 82 110 113 117 126 176 180 187 221 244 245 248 249 268 335 353 435 469 513 521 525 552 554 576 589 596 634 658 668 674 700 706 709 743 775 809 846 881 883 884 938 942 950 973 988 996 
6 33 54 70 83 157 160 163 173 215 326 328 336 351 403 406 410 444 487 563 573 577 586 602 621 646 667 703 707 738 758 829 835 836 841 856 860 877 891 897 907 929 930 944 945 
21 27 56 60 78 98 112 116 130 135 137 154 166 181 191 192 211 220 231 266 269 271 280 318 345 355 367 375 422 424 442 455 457 468 472 474 477 480 483 494 495 497 508 533 541 560 613 617 622 627 628 632 656 666 686 688 694 699 715 725 731 739 745 752 766 791 802 813 858 864 888 905 908 917 924 932 952 966 976 979 991 
8 20 24 63 124 128 178 179 189 199 200 206 230 234 277 354 366 416 421 425 434 437 473 479 531 538 583 610 636 691 780 782 797 866 903 975 
5 57 71 108 121 129 143 159 165 169 170 190 229 238 240 251 257 262 285 311 343 346 358 362 372 378 384 387 415 428 482 484 490 515 520 523 527 534 535 555 558 571 603 606 611 614 640 650 657 659 669 710 711 714 723 741 746 777 792 796 803 818 838 863 889 894 901 912 927 
4 9 15 30 35 47 142 148 152 167 210 212 219 232 242 255 267 310 352 363 386 394 402 407 430 432 436 441 463 478 499 504 517 539 543 544 549 568 626 633 649 652 665 682 705 722 767 772 779 786 787 810 819 820 821 831 843 862 879 890 904 906 913 933 935 955 956 957 
11 25 41 46 73 79 88 97 100 131 149 155 172 195 214 263 297 301 348 371 374 397 427 464 496 532 565 588 597 612 615 769 847 865 870 971 977 981 986 
2 3 91 93 103 141 186 193 233 278 315 322 370 396 414 449 461 486 524 591 604 608 663 701 712 719 749 771 785 788 817 859 861 872 886 892 922 967 980 983 
