6 14 19 22 49 52 57 59 66 67 77 79 88 89 97 132 133 142 148 152 208 215 225 245 247 271 277 296 315 320 353 357 377 399 401 404 418 421 449 450 456 470 485 492 508 511 516 520 527 552 560 569 586 592 607 635 641 648 656 657 684 698 701 712 724 726 733 735 739 741 743 745 748 764 769 774 777 795 807 818 821 824 833 847 848 854 876 887 888 894 898 914 935 944 951 952 954 958 972 977 981 
17 29 37 41 53 55 60 64 65 122 123 138 197 203 220 230 261 265 273 298 308 320 347 352 370 385 393 414 424 442 444 446 464 502 518 537 541 550 559 581 612 620 622 638 650 666 730 759 779 788 836 871 873 910 919 937 938 949 950 953 957 964 978 984 992 993 994 998 
94 100 105 125 141 147 175 187 218 231 257 316 369 379 397 488 489 493 497 504 506 507 509 519 547 558 582 596 616 624 630 633 660 753 767 770 775 792 797 811 815 819 830 839 850 861 886 899 900 902 904 908 909 910 965 
76 87 96 112 130 135 147 171 194 274 304 321 356 389 391 445 507 529 532 566 587 590 639 670 683 706 708 710 729 763 784 820 858 891 915 932 968 982 999 
46 62 80 85 118 121 134 160 167 262 269 278 284 299 312 334 359 375 394 396 423 428 469 531 534 573 619 644 658 691 704 711 715 717 744 761 764 768 808 848 855 872 929 931 985 989 
26 40 63 76 164 190 212 236 241 242 268 297 318 368 372 400 407 458 467 494 500 517 556 557 583 596 628 673 709 742 760 781 793 802 816 835 845 860 986 
4 33 188 197 225 228 233 261 324 360 381 382 432 438 475 526 541 551 553 559 568 580 591 615 637 668 693 698 721 786 838 867 880 947 971 974 996 
5 30 54 139 153 161 345 388 413 415 437 453 473 497 505 530 535 549 563 600 629 688 694 720 747 757 846 849 882 884 905 906 917 939 960 963 
11 101 114 120 135 275 341 350 410 461 487 495 496 513 546 584 617 740 755 758 780 817 827 832 851 875 895 926 987 
92 98 157 195 209 219 252 255 282 317 355 435 447 472 500 523 533 536 540 544 595 643 831 913 
0 10 16 18 44 116 117 136 170 199 244 266 288 342 362 378 405 440 443 481 672 718 727 826 866 927 988 
72 81 86 103 113 131 168 172 204 276 314 328 361 412 429 430 433 436 463 499 524 528 621 689 695 765 813 859 869 885 945 995 997 
2 58 124 143 156 181 186 200 224 246 251 259 319 332 343 425 451 465 476 510 512 555 604 634 642 646 652 675 814 856 864 868 907 925 940 
31 32 59 74 109 132 146 163 178 179 196 214 232 235 267 272 294 311 331 333 346 390 398 420 454 482 490 570 571 579 588 618 631 657 671 674 716 726 785 789 794 841 848 862 930 936 973 
43 99 111 202 248 303 364 402 477 498 542 578 605 613 655 669 703 705 714 757 772 773 798 826 881 890 901 975 
24 119 123 129 154 174 202 208 227 234 237 248 258 260 270 300 306 335 339 351 386 391 409 416 427 498 525 538 542 576 723 746 787 796 805 826 853 911 916 948 969 991 
1 7 12 39 213 221 268 292 305 323 325 373 459 507 636 640 766 841 843 889 922 934 946 980 993 
24 69 73 82 107 145 155 184 237 240 249 258 300 306 313 330 376 431 441 452 466 486 491 501 503 525 538 561 562 598 602 649 653 667 672 674 697 701 723 727 731 738 776 825 834 837 865 912 916 979 
27 61 91 102 128 185 206 309 338 384 474 479 603 609 692 707 750 778 799 806 812 879 897 
93 108 149 158 165 166 189 191 280 283 285 326 367 543 564 608 611 616 645 654 690 728 767 791 803 848 857 863 874 928 
2 8 48 81 186 200 201 239 319 340 380 395 406 412 419 451 478 512 575 594 621 634 642 765 828 838 864 889 896 907 983 990 
13 23 38 58 78 81 84 106 127 154 217 229 250 349 354 365 408 412 434 484 621 626 651 676 679 765 848 870 878 921 955 
24 75 90 99 104 183 226 237 258 289 300 306 322 345 413 439 455 456 483 514 521 522 525 538 565 574 700 722 723 752 762 771 800 822 844 916 948 
42 95 139 149 193 211 253 286 310 358 417 623 678 737 810 893 923 943 962 967 
3 70 83 110 132 149 151 210 223 243 295 348 468 515 539 548 567 593 597 599 601 657 661 680 681 783 877 892 942 
4 20 36 88 140 192 207 222 281 287 337 422 585 682 756 842 883 941 
4 15 25 29 60 64 68 137 173 264 336 366 387 426 632 823 852 903 918 924 937 970 993 
9 28 159 162 290 496 545 647 662 663 686 696 699 725 732 757 782 
50 56 146 163 180 223 279 302 311 327 344 363 411 462 482 490 571 572 606 614 631 719 736 794 809 840 956 959 
35 71 75 205 238 263 403 457 471 532 577 610 677 702 804 829 
126 144 169 177 182 198 207 291 301 371 392 425 480 582 665 751 762 961 966 
34 115 150 155 158 161 191 254 256 283 285 307 329 383 388 452 501 507 543 554 564 589 611 625 649 654 664 674 687 734 749 754 801 912 920 976 
21 45 47 51 176 216 293 374 448 460 478 627 659 685 713 790 851 933 
