2 13 35 95 157 173 203 228 237 274 346 381 408 409 415 465 492 529 575 613 618 627 632 634 654 663 668 690 694 705 756 791 810 811 817 831 849 856 858 869 879 906 914 918 933 940 945 954 956 957 963 978 992 
24 43 55 67 69 80 85 99 109 131 180 201 213 220 269 272 280 283 292 331 338 342 378 389 390 401 402 410 426 437 443 475 480 513 527 538 547 556 557 567 570 573 579 581 635 683 688 728 782 809 860 878 882 883 890 891 893 894 897 910 932 939 953 958 
7 20 65 91 107 117 161 233 243 276 286 303 308 311 422 424 432 461 474 598 633 739 813 833 915 
41 44 152 184 254 368 376 377 564 607 625 629 642 680 763 768 778 827 839 848 873 
8 30 34 39 122 165 193 211 212 221 252 305 310 312 333 334 359 380 391 449 478 541 603 611 612 638 676 712 713 716 717 722 757 761 807 825 847 877 904 938 
3 9 15 17 37 40 47 48 52 58 68 74 84 87 93 98 103 105 118 124 135 142 148 160 166 182 194 196 200 202 204 206 208 222 225 239 244 247 248 271 277 278 281 285 304 307 319 322 329 332 362 365 374 399 405 417 421 439 448 454 457 467 499 552 558 574 578 584 606 608 616 619 620 622 641 643 647 651 661 669 670 674 675 677 692 704 748 776 777 784 790 799 803 806 812 821 840 846 854 859 868 885 902 905 907 931 935 946 971 976 980 981 988 996 998 
42 86 163 170 176 309 314 328 357 554 597 657 672 687 738 751 752 765 767 814 857 895 930 944 
12 18 32 45 51 72 75 77 92 96 104 126 127 137 151 175 179 181 191 219 227 238 279 293 306 315 360 375 430 472 500 505 515 524 569 571 595 609 682 684 732 742 750 770 781 794 823 908 922 924 948 964 983 
6 14 49 54 82 100 138 143 172 245 257 260 282 291 313 326 352 353 372 418 438 453 460 470 473 517 530 580 582 662 679 689 702 729 730 731 744 797 798 824 837 880 888 926 970 
0 21 62 78 155 205 294 327 363 385 419 447 464 484 489 516 521 522 549 559 576 585 592 602 637 644 653 666 709 721 734 760 786 830 832 834 864 866 875 909 952 960 962 977 
4 70 156 174 190 266 295 297 302 317 336 414 416 428 431 479 491 596 614 715 718 719 747 754 872 892 
36 71 140 146 259 262 263 289 379 383 493 621 631 701 745 762 783 804 828 911 943 949 974 979 984 985 993 999 
63 83 141 251 364 394 427 444 471 512 551 562 593 626 652 658 772 787 826 876 917 921 936 947 951 959 
25 112 132 133 144 256 270 301 361 370 393 411 451 481 485 536 542 636 640 646 656 659 698 749 815 838 942 990 
19 33 79 94 113 136 149 167 178 197 223 229 232 253 255 261 275 298 321 323 350 369 384 404 445 450 452 458 469 486 509 539 540 566 568 577 605 615 648 649 673 697 725 737 758 792 819 820 843 845 853 862 870 889 937 986 994 
23 31 38 53 119 125 187 236 355 406 425 550 604 628 678 681 720 726 805 822 850 
60 123 185 264 318 373 468 482 599 655 693 707 735 740 800 851 923 934 966 
76 97 101 120 145 159 188 209 234 240 249 325 344 347 386 396 397 487 494 498 514 520 523 532 534 543 553 563 583 594 601 639 664 695 708 723 733 746 755 780 829 913 919 920 941 955 972 982 989 997 
5 28 56 89 90 102 111 115 128 139 150 154 164 214 215 217 242 288 290 299 316 337 341 349 354 356 371 395 400 412 429 440 463 466 477 490 496 502 507 519 533 565 589 623 696 699 710 743 759 766 771 789 802 841 861 896 899 903 925 
26 61 121 183 189 348 351 398 506 511 526 572 610 665 700 714 788 793 818 835 852 867 874 898 
16 50 66 110 116 129 192 199 207 235 273 287 300 320 330 345 388 392 403 413 455 459 504 518 525 535 587 588 590 660 703 706 724 753 773 775 785 796 836 844 863 
1 11 22 29 59 81 88 106 108 114 130 134 147 153 158 168 169 171 177 186 195 210 216 218 224 226 230 231 241 246 250 265 267 268 296 324 339 340 343 358 366 367 387 420 433 434 435 441 446 456 476 483 488 497 501 503 510 531 544 560 561 586 591 617 624 650 671 685 686 691 711 727 741 764 769 774 795 808 816 855 865 871 881 900 901 912 929 961 969 973 987 991 
10 27 73 258 335 382 436 442 462 546 555 645 667 779 886 916 927 950 965 967 
46 57 64 162 198 284 407 423 495 508 528 537 545 548 600 630 736 801 842 884 887 928 968 975 995 
