0 18 31 79 80 81 96 144 186 201 210 230 240 244 247 257 261 266 275 277 282 290 295 299 324 345 353 361 370 380 384 402 404 415 416 431 434 453 495 528 544 549 557 607 618 621 640 642 646 647 648 660 668 673 689 693 705 712 713 718 738 749 755 759 767 780 811 840 854 859 868 885 902 926 935 946 980 981 996 
57 62 65 72 74 108 111 112 118 154 178 179 236 256 263 284 318 335 373 383 439 496 503 521 530 537 538 574 605 609 626 633 701 703 704 719 720 757 762 775 790 798 807 816 831 834 849 856 858 869 871 879 893 906 914 918 927 945 957 978 992 
8 24 66 76 80 86 114 144 150 165 170 182 188 194 218 230 244 262 290 299 303 345 370 421 423 442 466 515 544 551 557 571 578 598 603 621 624 634 647 687 691 705 710 729 732 738 755 767 775 776 794 802 846 917 919 976 998 
3 7 10 19 59 67 75 105 106 131 137 145 147 191 215 217 222 269 271 305 320 399 429 432 456 458 479 490 520 550 572 577 597 632 653 667 671 677 727 736 773 791 822 853 865 964 983 
4 30 61 172 175 177 204 205 220 254 264 336 346 385 446 535 554 620 665 683 722 742 864 866 875 909 952 960 962 
20 25 113 140 143 258 283 292 301 316 319 366 379 401 450 494 524 527 536 599 697 708 743 777 800 842 884 886 887 928 968 975 995 
6 70 139 161 203 252 302 307 342 350 405 513 678 715 754 763 782 828 911 943 949 956 974 979 985 993 
49 142 174 214 237 243 313 430 460 511 556 649 657 680 705 724 748 761 771 786 808 826 845 855 876 917 921 936 947 951 959 
17 56 82 135 181 255 315 325 327 365 378 410 435 484 500 514 529 547 594 613 812 833 845 862 915 929 
55 77 93 100 107 129 162 202 250 287 300 316 320 394 414 422 425 470 487 497 545 656 658 675 682 686 690 714 747 764 803 813 825 857 895 944 990 
13 32 40 88 89 90 103 118 169 176 224 235 271 291 301 312 371 382 390 397 412 451 455 459 471 522 563 565 582 615 623 663 672 692 709 721 785 815 829 843 973 977 999 
34 36 83 98 164 245 278 294 354 355 366 368 374 376 377 464 472 493 498 519 540 593 595 675 707 717 734 765 872 892 961 
9 43 52 154 168 187 289 322 341 413 417 424 436 463 476 569 573 587 590 610 611 726 778 886 916 930 942 950 965 967 
183 196 199 225 253 273 280 334 339 343 406 418 428 465 473 502 509 542 567 585 606 630 641 652 659 679 684 827 839 848 873 984 
35 45 73 78 120 221 362 400 441 469 505 507 564 612 616 792 796 809 835 852 867 874 898 989 991 
11 14 15 33 38 60 64 71 99 101 117 148 152 160 173 184 190 259 297 337 347 389 391 440 474 534 553 566 572 583 700 817 818 836 860 867 877 891 932 954 958 988 997 
47 109 132 219 267 272 317 369 447 481 483 504 532 580 589 591 601 636 645 654 662 694 696 706 739 784 851 933 934 966 984 994 
14 41 48 54 64 91 133 138 141 232 309 314 323 349 357 363 411 419 454 492 525 548 559 573 575 584 588 627 669 725 735 752 805 861 881 896 901 969 
9 21 84 92 122 128 189 207 209 231 249 251 270 298 332 518 552 681 745 823 870 889 890 916 937 986 994 
46 63 85 115 117 180 185 206 226 229 288 295 304 359 367 443 489 558 576 608 619 731 801 844 863 905 
12 50 125 169 208 216 220 233 248 281 330 485 486 506 581 614 622 629 666 674 789 841 899 
5 24 29 51 69 95 102 151 163 238 239 241 265 274 285 386 388 392 445 461 476 478 488 508 543 628 695 698 741 758 766 788 814 925 
23 42 126 127 130 193 213 235 268 306 331 348 375 407 417 437 452 462 475 501 516 570 722 728 769 823 837 880 888 970 
40 103 114 171 176 197 229 256 312 321 328 351 371 381 382 398 433 438 468 522 546 562 592 623 638 709 721 730 779 824 908 913 920 941 955 972 982 
1 22 104 118 119 136 155 195 205 210 293 297 311 541 625 644 650 746 781 787 804 819 821 850 
85 134 146 262 279 338 358 397 420 466 477 515 602 651 710 756 795 806 810 904 938 
94 156 326 344 360 364 372 393 409 448 482 586 604 661 760 797 820 903 923 
2 26 37 110 116 286 308 314 387 480 517 579 617 688 702 723 772 774 836 
53 58 123 179 198 260 512 568 659 737 799 878 882 894 897 910 922 939 940 953 
16 88 124 234 246 310 420 449 457 491 510 523 531 533 600 676 753 
26 27 68 158 242 379 426 499 555 561 637 699 716 847 924 963 
87 97 149 159 167 192 228 276 340 395 396 427 526 539 670 685 711 793 883 900 912 987 991 
28 43 153 157 166 212 333 356 422 560 635 639 655 675 744 750 768 838 948 
121 200 211 270 329 403 418 444 467 643 733 740 751 770 830 832 971 
39 44 79 223 227 270 276 277 282 296 352 384 404 408 418 431 521 596 631 648 664 673 689 713 724 783 907 931 
