0 95 135 236 257 293 448 532 635 741 830 880 941 
15 167 205 224 316 332 456 518 556 623 649 710 731 773 807 829 874 914 922 978 992 
114 141 180 313 394 419 549 568 574 604 650 695 815 822 
1 10 19 30 90 91 99 108 137 140 159 160 163 181 221 254 258 274 281 290 308 333 375 447 504 543 566 596 607 609 617 622 678 689 711 712 715 752 754 764 774 791 876 877 890 917 939 964 995 998 
104 139 525 740 767 792 836 896 918 957 
34 66 76 77 184 194 203 270 289 292 357 368 379 393 401 423 429 487 526 538 564 696 753 849 879 920 926 936 958 961 968 
63 71 78 79 179 268 325 327 338 426 618 619 620 647 789 837 864 891 970 
60 64 75 207 286 378 391 420 440 466 508 509 587 601 673 682 697 699 724 725 727 733 800 827 873 900 904 949 996 999 
11 12 82 213 364 367 384 584 672 698 746 780 816 870 905 906 938 965 
14 32 36 87 158 251 294 331 395 442 455 510 533 573 578 606 683 776 790 796 813 846 975 982 985 
23 147 291 424 432 459 482 514 577 598 638 662 788 893 987 
2 37 51 120 214 253 305 307 314 339 408 443 471 527 637 671 694 732 742 782 794 841 860 863 
42 54 116 176 217 247 252 436 451 475 535 636 652 657 668 703 785 810 843 847 856 907 928 929 
35 58 68 69 155 164 171 192 202 208 220 228 233 238 295 317 345 347 359 409 416 452 484 485 488 517 615 640 669 681 691 777 851 881 884 902 946 997 
50 62 72 94 110 161 279 506 595 854 943 
106 146 169 170 178 185 197 199 204 263 272 283 340 377 392 431 492 582 590 625 631 646 708 738 809 818 826 861 894 944 959 986 
3 25 44 67 88 166 183 189 195 282 302 321 356 548 563 592 597 599 626 702 717 806 872 952 984 991 
57 149 230 296 310 312 361 433 438 462 474 483 502 512 522 539 554 569 579 602 633 664 690 735 770 804 981 
48 84 105 112 132 264 334 460 565 600 743 760 821 859 899 
5 188 223 276 351 358 468 629 653 685 707 848 855 857 924 947 948 
80 98 133 153 209 341 342 348 383 399 481 545 583 660 720 862 875 921 955 
6 18 70 85 86 101 115 127 128 162 168 242 244 246 255 288 304 365 397 403 412 435 444 449 470 480 496 591 605 641 642 651 663 675 709 759 763 769 787 803 834 840 858 898 911 942 953 956 966 967 971 972 
4 22 27 55 81 241 322 371 390 405 430 464 497 513 593 630 734 749 756 892 
126 150 154 173 284 299 315 370 544 634 674 676 693 701 814 831 839 925 
118 201 467 542 586 730 
38 100 130 131 148 156 196 227 366 385 519 608 679 688 713 736 757 772 798 889 
29 40 123 175 216 225 229 330 389 411 414 427 540 562 704 755 820 871 883 909 919 934 950 
16 28 45 129 138 235 248 260 349 478 553 558 560 585 643 667 723 761 771 865 
59 277 298 319 353 463 494 714 762 801 887 903 910 940 
7 125 212 234 326 744 779 
21 41 111 206 232 265 329 337 346 376 406 437 493 561 616 632 700 808 923 962 963 973 988 
9 13 17 103 122 143 306 380 472 499 557 645 687 718 728 768 811 868 869 912 915 
8 53 177 243 275 336 363 446 520 547 589 603 852 
92 136 190 266 382 458 495 665 670 686 716 722 886 913 933 954 994 
47 49 93 193 200 287 300 303 362 381 400 479 486 541 680 745 778 795 805 833 835 866 908 932 
24 43 218 219 320 421 441 461 465 476 551 581 658 747 748 819 823 842 916 
97 187 278 318 343 498 536 799 812 832 895 897 951 974 977 993 
73 144 145 172 211 226 262 267 354 369 511 521 576 612 828 937 
33 109 134 352 388 490 523 528 537 621 624 654 684 844 850 901 990 
39 52 151 174 215 231 249 259 280 328 374 439 453 614 692 705 750 775 781 797 888 945 
56 113 182 301 323 477 706 817 
237 240 245 256 335 344 422 457 571 580 610 611 659 766 825 838 867 878 927 
26 117 165 239 311 350 360 387 418 454 500 530 567 639 677 758 765 784 824 930 931 935 979 
61 74 102 124 152 210 273 398 404 428 469 473 503 507 515 588 613 627 648 656 729 853 969 976 980 
20 89 157 373 415 445 450 491 516 524 661 726 737 989 
417 505 529 550 594 783 
31 83 119 186 407 410 531 552 655 721 793 
198 355 386 396 413 501 572 666 
46 107 121 142 191 250 425 489 628 644 719 786 885 
65 222 261 269 285 297 309 402 534 555 570 751 882 960 
96 271 324 372 434 546 559 575 739 802 845 983 
