1 4 26 27 39 48 53 87 128 157 175 218 233 268 278 298 303 331 355 383 386 393 434 439 441 462 501 588 599 629 645 689 771 814 839 855 861 909 913 925 
7 8 11 30 51 79 93 129 140 146 170 174 191 193 203 204 212 221 227 237 239 249 263 286 306 324 328 332 335 341 351 352 354 373 374 375 388 395 413 433 437 444 454 461 464 482 499 509 523 535 582 587 589 600 607 608 610 612 617 625 647 648 663 678 682 703 725 727 734 748 750 751 755 759 767 768 775 779 782 786 816 824 825 835 850 856 864 890 895 910 939 957 975 
17 54 60 148 154 194 199 213 231 262 264 338 343 367 381 392 407 448 449 488 493 521 536 538 551 590 594 598 628 634 655 670 675 687 712 726 729 732 741 762 777 792 805 826 908 915 942 964 965 981 984 999 
22 44 85 89 112 116 153 156 160 177 220 397 419 424 427 428 468 593 601 643 653 674 704 776 885 919 989 
28 46 61 65 66 81 91 94 114 119 143 161 196 210 215 226 230 241 259 269 279 288 291 296 311 318 323 347 366 382 445 471 478 480 489 490 500 524 546 547 553 565 597 616 622 631 633 652 657 701 705 728 733 740 743 789 791 833 870 886 903 924 988 
88 178 201 302 346 396 408 415 458 477 483 492 529 550 554 563 566 613 688 811 822 871 894 911 920 940 949 958 
2 6 15 24 32 45 50 55 69 73 76 96 102 113 124 126 155 162 163 164 252 312 329 345 359 361 365 422 426 430 443 451 463 487 510 513 540 572 577 595 615 654 665 671 686 693 694 711 713 739 780 781 794 799 815 820 845 872 891 904 929 946 983 992 998 
3 10 16 33 43 74 75 83 95 99 104 152 168 176 238 313 316 342 362 384 412 436 450 452 502 506 519 522 544 564 567 624 658 659 667 690 709 714 745 772 778 785 787 796 802 813 842 862 868 883 884 905 906 941 945 977 
23 35 59 86 100 101 106 111 117 125 149 167 181 184 258 260 270 277 284 333 387 398 399 404 410 431 469 473 514 516 556 562 618 619 636 684 738 744 774 783 808 817 819 827 832 844 849 854 857 877 878 914 955 968 
21 58 62 77 84 98 132 141 144 145 171 180 187 202 206 211 246 248 256 257 271 273 281 289 294 320 327 356 371 376 377 400 406 429 466 474 495 498 508 539 559 561 569 641 662 695 696 706 717 742 749 758 769 797 807 821 840 852 858 876 889 892 916 922 930 932 951 956 963 966 971 972 976 996 
40 47 52 70 71 72 107 135 150 208 219 223 228 254 282 287 307 319 322 344 349 350 360 390 409 417 418 447 494 496 511 517 570 571 604 621 720 723 724 747 754 770 843 936 938 948 962 980 986 
42 57 90 92 108 115 120 122 131 158 169 195 200 247 255 265 293 325 330 336 372 380 432 465 476 545 549 557 560 581 583 586 596 602 603 605 639 644 646 660 676 730 752 757 809 829 830 838 847 853 865 874 887 921 926 931 934 953 954 961 967 990 
82 105 123 127 130 136 139 173 192 222 224 225 229 236 251 261 276 280 285 297 305 314 369 379 421 435 440 459 467 479 528 575 584 591 592 632 638 681 683 692 697 699 700 707 710 718 719 721 737 763 766 788 801 806 810 831 848 863 867 879 896 918 933 950 973 985 994 
37 133 138 159 172 179 214 253 364 402 405 411 438 457 485 512 543 548 656 669 716 818 869 899 974 
13 25 63 67 78 80 142 147 165 166 183 186 188 189 217 243 266 272 274 275 290 295 299 301 304 326 337 357 358 363 385 416 442 455 456 460 472 475 491 497 503 526 533 534 542 552 568 578 585 606 626 627 642 664 666 668 672 677 685 715 746 753 760 761 764 765 784 828 834 851 866 875 880 882 888 898 901 917 928 943 959 960 969 970 987 
0 5 9 18 19 34 38 68 109 118 134 137 151 185 197 216 267 283 321 339 370 391 414 420 423 470 505 527 530 532 537 541 611 614 620 637 640 651 673 702 722 736 756 773 790 804 812 823 836 837 873 881 902 935 944 947 978 979 991 
12 14 56 103 121 182 190 234 245 292 308 309 310 334 340 353 394 401 403 446 481 504 518 520 525 531 558 573 623 650 731 735 795 803 841 846 859 897 927 937 995 997 
20 29 31 36 41 49 64 97 110 198 205 207 209 232 235 240 242 244 250 300 315 317 348 368 378 389 425 453 484 486 507 515 555 574 576 579 580 609 630 635 649 661 679 680 691 698 708 793 798 800 860 893 900 907 912 923 952 982 993 
