25 39 126 127 182 190 222 275 292 296 351 380 407 413 426 439 455 467 484 503 505 516 525 535 567 590 675 684 688 746 771 842 850 889 892 923 972 990 
6 29 44 48 62 66 84 102 115 145 159 189 195 200 205 221 230 241 284 294 328 334 363 383 402 428 430 539 558 572 617 755 756 775 782 784 819 832 833 840 847 855 874 908 920 939 950 985 996 
20 104 154 173 327 373 374 399 423 436 493 533 628 677 720 765 800 854 899 945 
22 24 41 42 43 53 59 74 77 83 98 109 130 133 137 151 168 211 232 236 263 288 304 350 360 372 376 377 386 403 419 431 486 490 504 540 561 613 639 681 682 763 772 774 793 798 807 811 813 843 849 863 893 966 
46 56 64 99 120 165 174 183 220 239 243 260 324 352 354 384 395 396 416 475 483 499 514 530 563 581 596 597 609 615 655 816 827 838 946 980 982 994 997 
18 21 163 367 370 378 466 478 506 645 700 740 745 779 871 
2 5 60 86 209 223 331 422 444 498 546 559 568 607 621 625 629 652 867 890 902 979 
27 36 45 58 76 89 92 94 108 131 155 164 178 188 208 237 238 249 266 267 268 277 290 310 341 347 391 445 476 482 488 491 502 520 529 534 543 552 556 592 599 604 664 703 724 741 749 761 787 794 814 846 865 878 907 918 931 932 960 
31 70 106 128 254 278 289 297 404 451 474 526 536 584 646 647 660 663 676 726 733 753 769 777 829 852 862 897 927 933 936 958 961 969 974 
52 72 186 210 214 215 219 393 405 414 443 449 450 481 519 545 588 623 638 643 672 701 717 742 768 770 773 788 797 844 851 861 891 898 922 942 953 956 968 973 
9 10 15 16 30 35 73 78 100 113 116 118 121 139 140 143 149 156 158 162 170 175 196 203 207 213 216 227 245 250 262 265 287 306 307 309 312 317 338 340 353 356 364 368 371 381 385 397 400 408 418 492 508 537 548 566 571 583 619 622 626 658 661 669 691 694 698 709 711 712 723 731 736 743 750 751 760 764 776 781 783 785 801 803 804 815 834 858 864 896 912 917 928 943 962 963 965 981 984 989 
0 7 55 107 157 308 379 432 542 551 574 602 637 729 821 823 830 866 
1 4 28 32 33 40 57 81 105 123 125 129 134 152 160 171 180 181 192 218 224 226 231 246 253 286 293 298 301 303 315 321 322 339 348 387 392 401 409 410 412 435 497 511 517 522 527 528 531 532 549 562 582 594 601 603 616 631 635 648 654 657 680 704 721 732 748 790 799 818 828 872 876 879 881 910 941 954 957 977 978 999 
69 71 206 225 311 335 366 521 627 630 640 649 651 668 693 708 738 744 857 
11 26 49 61 65 90 110 111 136 146 169 197 212 217 234 235 283 300 313 320 329 342 358 362 398 424 434 438 442 459 460 463 469 480 496 501 538 541 576 618 624 642 644 670 671 678 679 686 687 692 695 713 725 737 786 805 837 839 860 885 895 900 909 911 924 938 951 952 967 970 976 988 992 
79 85 124 142 150 179 191 279 282 326 332 389 448 457 465 468 470 471 507 565 580 598 614 620 634 641 650 705 722 762 778 780 792 796 806 812 822 826 877 880 894 904 915 949 991 
68 75 161 187 251 270 280 295 323 420 421 433 447 477 570 578 587 595 605 665 707 734 810 845 901 903 916 947 
8 17 23 38 50 96 112 119 147 184 198 199 244 258 264 269 285 291 299 314 330 337 344 346 357 365 369 382 406 417 429 452 453 454 458 462 464 487 512 515 554 573 585 611 612 666 714 716 739 752 754 758 767 791 802 820 824 831 841 859 869 870 886 887 888 930 934 944 959 964 986 987 993 995 
14 19 37 47 51 63 80 87 88 93 95 117 135 138 148 166 172 176 177 185 194 229 233 247 252 255 256 259 261 276 316 336 343 355 359 361 425 440 441 473 485 489 509 510 523 524 544 547 553 560 579 593 600 606 608 636 653 659 667 674 690 696 706 715 718 719 727 747 757 759 766 789 809 825 835 836 848 856 875 919 926 929 935 937 983 998 
12 13 54 91 103 114 141 144 193 201 202 228 248 257 271 272 273 302 325 349 375 394 415 427 437 472 479 500 564 575 589 610 633 662 683 689 697 699 702 735 795 873 906 913 925 940 948 971 
3 67 82 101 122 167 204 305 456 495 518 550 577 586 591 673 728 817 853 868 882 884 914 921 
34 97 132 153 240 242 274 281 318 319 333 345 388 390 411 446 461 494 513 555 557 569 632 656 685 710 730 808 883 905 955 975 
