1 4 19 28 32 33 40 57 81 105 123 125 129 134 152 160 171 176 180 181 192 218 224 226 229 231 246 253 255 286 293 298 301 303 307 315 316 321 322 339 343 348 361 377 387 392 401 409 410 412 431 435 497 511 517 522 527 528 531 532 549 562 582 594 601 603 613 616 631 635 648 654 657 680 704 721 732 748 755 790 799 816 818 828 863 871 872 876 881 908 910 941 954 957 977 978 999 
14 37 47 63 80 87 93 117 130 138 163 166 172 185 189 194 233 239 247 252 256 259 261 276 300 311 336 355 359 473 485 489 509 510 523 544 547 553 560 589 596 600 606 608 636 653 667 690 696 718 719 727 747 757 759 766 789 809 825 835 856 919 926 929 935 937 983 998 
8 17 38 184 188 198 244 258 269 291 314 330 337 346 357 365 382 406 417 429 454 458 462 487 512 515 554 573 611 612 666 714 716 754 758 767 791 802 820 831 841 844 859 870 886 930 934 944 964 986 987 995 
11 26 49 56 61 65 74 90 110 111 136 146 169 197 198 212 217 234 235 283 313 320 329 342 358 362 395 398 424 434 438 442 459 460 463 469 475 480 496 501 514 530 538 541 576 618 624 644 670 671 678 679 686 687 692 693 695 713 725 737 786 805 821 837 839 860 885 895 900 909 911 924 938 939 951 952 966 967 970 976 988 992 
9 10 15 73 78 100 113 116 121 139 140 143 149 156 162 170 175 196 207 213 227 245 262 265 306 309 368 371 381 397 492 540 622 626 658 661 669 691 694 699 709 711 712 723 731 736 743 760 776 781 783 801 804 834 857 858 864 943 965 984 
52 72 186 210 214 215 219 286 292 393 405 414 443 449 450 481 519 545 560 588 623 638 643 672 701 717 742 768 770 773 784 788 797 844 851 861 891 898 917 922 942 953 956 968 973 
12 13 30 54 68 75 91 144 155 187 201 248 270 273 280 295 302 323 325 349 375 394 415 421 427 437 447 472 479 500 564 570 595 610 633 662 665 845 903 906 916 925 940 947 948 
79 85 150 179 191 279 326 389 441 448 457 465 471 507 524 593 596 598 614 620 706 778 792 806 812 822 877 880 894 915 949 991 
3 44 66 67 82 101 122 167 204 221 241 305 328 383 456 495 518 550 577 586 591 617 673 728 817 840 853 868 882 884 914 921 
46 64 99 120 165 174 183 220 243 260 267 324 352 354 384 402 416 444 483 499 563 581 597 615 655 827 838 946 982 997 
23 50 96 112 119 147 199 264 285 299 344 369 452 453 464 585 739 752 824 869 887 888 959 980 993 
15 27 54 89 155 201 248 249 268 271 277 302 310 325 350 391 427 445 488 500 529 552 592 610 633 664 724 741 749 762 794 865 878 907 918 925 931 932 948 960 
2 5 18 21 60 86 209 223 331 367 370 378 408 422 444 466 478 498 506 546 559 568 606 607 621 625 629 630 645 652 700 740 745 779 867 890 902 913 979 
20 104 154 173 327 373 374 399 423 436 493 533 628 677 720 765 800 854 899 945 
34 97 132 153 240 242 274 281 318 319 333 345 388 390 446 461 494 513 555 557 563 569 632 646 656 685 710 730 808 883 905 955 975 
25 39 126 127 190 231 275 282 296 317 380 426 439 467 503 505 567 590 619 684 746 771 850 889 892 990 
44 66 70 83 92 128 221 241 254 278 328 383 451 526 536 617 647 660 663 676 726 733 769 777 852 936 969 974 
48 62 74 83 102 189 195 200 230 294 318 334 402 428 572 756 782 819 832 841 847 855 874 920 950 996 
124 142 332 468 470 537 565 580 596 634 641 650 705 722 762 780 795 796 826 904 994 
22 24 98 133 232 236 288 372 386 403 419 486 561 681 762 811 849 985 
182 222 351 380 407 411 413 455 484 516 525 535 609 619 675 688 842 923 972 
36 45 92 94 131 188 238 266 290 318 341 491 534 556 604 787 794 814 846 
9 16 84 118 158 203 250 312 338 385 548 571 583 698 785 912 962 963 989 
58 76 108 164 178 208 237 347 476 482 502 520 543 599 703 761 
69 71 206 225 311 335 366 521 627 630 640 649 651 668 708 738 744 776 879 
35 216 287 340 353 356 364 400 418 508 537 566 750 751 795 803 815 896 928 981 
103 114 141 193 202 228 257 272 396 537 575 683 697 702 735 795 873 971 
0 7 55 107 157 308 379 432 542 551 574 602 637 729 821 823 830 866 
6 29 115 145 159 205 263 284 363 430 539 558 775 833 874 996 
31 106 289 297 308 402 404 444 474 584 642 646 753 764 829 862 897 927 933 958 961 996 
41 42 53 59 151 350 360 504 639 774 793 807 813 843 893 
43 74 77 109 137 168 211 304 376 490 682 689 763 772 798 
51 88 95 135 148 177 425 440 579 596 659 674 715 836 848 875 
161 251 372 420 433 477 578 587 605 660 707 734 810 901 947 
