45 46 73 74 86 104 115 132 134 152 155 160 169 175 194 217 239 270 288 303 335 337 361 367 381 384 400 406 430 438 457 479 496 500 501 511 595 602 603 607 617 624 626 627 650 652 661 690 691 700 703 744 753 815 827 832 869 871 898 909 
21 27 28 48 82 85 102 123 141 159 176 196 213 221 226 233 248 279 298 331 345 369 390 395 411 414 434 443 451 452 492 512 526 531 533 536 540 556 568 589 608 610 613 615 635 640 641 648 658 674 680 699 718 720 721 736 741 785 804 805 828 831 835 840 858 887 908 917 919 920 926 952 954 955 975 977 982 989 998 
31 54 66 68 100 113 117 121 181 223 320 416 442 467 477 485 505 547 557 572 573 585 600 637 739 773 797 813 824 830 913 935 950 981 
25 55 78 203 214 232 269 275 295 315 316 358 385 391 440 445 484 493 509 553 560 579 592 601 632 633 686 688 715 742 748 752 798 821 843 850 855 911 939 942 949 960 979 984 985 993 999 
57 58 62 76 83 118 178 205 207 218 290 313 325 392 466 475 575 580 588 707 708 714 719 811 915 929 961 
3 16 43 59 81 177 182 305 307 311 405 417 444 497 541 663 701 715 723 743 803 804 810 825 833 862 887 928 959 965 976 995 
5 8 134 145 249 311 327 342 352 355 385 419 436 524 584 605 616 644 646 702 704 735 766 838 849 946 951 956 
30 162 204 208 225 273 297 317 448 541 569 608 619 651 653 668 722 836 839 910 927 935 942 943 967 969 
18 19 37 84 105 124 133 142 143 145 157 180 285 287 302 314 341 351 397 425 459 495 510 538 539 599 609 612 622 666 667 669 695 770 791 802 812 819 841 872 875 893 901 968 970 974 987 
10 29 56 122 131 333 338 379 398 462 469 473 480 486 491 529 577 606 662 676 677 731 844 847 859 895 990 
47 75 130 172 282 360 370 371 373 376 449 516 535 654 757 772 846 881 921 925 930 936 947 964 
49 69 90 96 107 190 259 277 283 349 418 468 562 581 639 647 737 746 756 782 790 792 809 984 
9 17 94 119 125 144 154 164 165 260 272 277 286 359 431 481 537 546 578 660 733 762 851 888 945 
15 63 70 139 158 195 212 238 247 250 256 380 386 404 502 558 571 574 586 645 683 687 696 705 711 765 778 788 863 878 885 923 934 962 994 997 
40 80 148 306 312 456 476 488 513 515 530 636 672 675 698 749 769 783 868 884 971 
1 53 95 135 151 197 222 252 265 329 336 368 450 514 534 552 623 659 684 774 776 879 914 918 941 944 958 973 992 
12 33 35 188 199 200 241 271 292 293 330 441 460 519 555 563 625 656 689 693 699 726 902 905 966 980 996 
20 44 109 148 202 229 240 264 309 364 374 383 403 428 514 549 638 706 730 786 789 852 874 889 890 903 916 937 986 
0 39 50 88 99 120 187 201 234 263 274 382 389 393 423 432 435 458 559 570 593 611 649 682 697 750 758 781 807 823 845 848 856 857 865 886 919 953 988 996 
7 52 65 89 91 101 171 215 362 364 409 465 482 483 544 685 724 784 794 842 866 
7 34 42 61 98 116 170 174 185 245 299 326 364 399 472 506 712 755 774 876 896 
4 23 64 67 236 251 255 276 281 310 412 413 422 474 489 523 596 820 899 
11 173 193 242 261 266 294 322 363 396 446 447 463 478 493 598 754 759 891 940 
22 257 258 301 304 334 372 435 455 542 543 664 679 716 728 751 780 814 870 903 923 
114 136 137 168 210 300 348 365 628 694 710 727 779 799 853 924 948 983 
26 32 60 106 140 142 198 199 206 209 219 228 247 343 421 433 454 470 579 590 597 670 761 771 775 800 860 861 906 918 933 963 992 
186 191 237 296 344 388 429 507 517 655 665 709 826 854 873 877 900 912 991 
2 36 87 156 323 340 356 357 426 427 484 532 576 587 631 671 
6 38 110 150 167 183 235 243 286 319 321 350 375 377 437 487 494 503 520 522 678 692 738 768 834 882 904 938 978 
93 103 111 224 378 394 453 490 498 567 620 732 745 767 818 974 
13 72 79 112 153 166 211 410 424 464 491 508 545 566 594 764 777 990 
14 41 184 192 266 308 328 346 353 366 408 561 564 629 796 883 891 918 932 988 
24 244 262 277 295 318 347 387 471 518 548 582 604 681 808 822 864 880 894 897 939 941 957 
92 102 161 220 231 268 278 354 402 527 563 643 725 729 747 763 892 
77 97 128 135 138 179 189 261 332 499 554 565 642 673 740 806 816 992 
51 126 127 146 163 253 407 415 525 551 591 634 801 837 887 972 
71 108 129 147 267 280 291 401 504 545 583 614 621 630 734 907 931 
149 216 230 246 254 289 324 439 461 493 521 528 550 657 795 829 922 
227 284 339 420 618 713 717 760 787 793 817 867 
