2 15 18 23 32 34 39 47 52 59 66 76 98 115 118 142 152 153 158 159 161 175 193 198 210 213 218 228 235 253 254 256 264 274 283 288 289 290 309 320 322 324 339 340 341 352 361 363 370 376 382 384 389 390 391 395 398 400 411 412 419 438 439 445 446 465 467 468 478 490 492 493 498 503 505 535 540 542 549 582 583 589 597 604 617 629 632 648 653 659 664 680 681 695 698 701 702 713 719 720 740 747 749 755 759 779 781 784 785 787 793 798 805 810 811 812 817 843 844 862 867 869 880 886 890 892 895 911 915 920 922 931 936 939 946 953 983 
6 7 33 37 41 42 54 70 75 83 88 109 116 140 144 156 157 160 163 173 184 191 202 215 226 233 236 270 303 304 326 328 336 351 357 365 375 383 388 396 406 410 418 427 440 444 447 449 454 458 487 491 528 529 559 563 573 577 581 586 592 594 602 621 646 647 667 678 693 703 707 712 738 751 758 762 828 829 836 841 848 856 857 859 860 876 877 883 891 896 897 907 914 929 930 944 945 964 980 986 990 
13 22 43 44 55 65 72 73 74 105 106 109 129 137 162 184 201 217 250 258 261 287 293 294 307 323 330 332 405 424 429 455 507 509 530 537 553 560 567 578 579 585 587 593 605 609 613 616 618 625 641 671 687 704 729 742 744 750 760 764 773 789 813 816 827 835 848 857 902 925 926 948 949 979 994 
21 27 28 35 56 60 61 62 67 78 85 94 98 99 101 112 124 130 135 145 147 150 151 154 166 174 179 181 185 186 192 200 211 212 220 222 223 231 234 252 266 269 271 295 345 354 355 367 416 421 422 431 434 437 442 457 460 472 473 474 480 494 495 508 531 533 541 575 617 620 622 627 628 632 636 637 639 656 666 686 694 699 715 718 725 731 739 745 752 765 766 783 791 797 802 840 849 850 851 858 864 866 888 900 905 908 909 910 917 924 932 947 952 966 975 976 991 
1 10 16 24 26 29 31 48 50 82 92 102 110 113 117 125 126 134 141 143 168 169 176 180 187 196 207 221 232 241 244 245 248 249 275 312 329 335 350 353 377 430 435 469 475 479 504 513 517 521 525 536 543 552 554 569 576 596 598 633 634 654 658 668 674 677 682 697 700 706 709 728 743 775 809 820 837 846 874 881 884 901 923 935 938 942 943 950 973 984 988 993 996 997 
24 25 61 79 81 87 94 127 132 133 134 139 148 167 172 185 196 207 226 265 297 300 301 313 394 397 431 460 479 496 502 517 518 532 536 539 544 546 565 568 575 620 638 649 660 708 724 726 748 768 769 770 783 808 821 823 825 830 837 840 847 849 851 855 865 870 874 887 900 910 947 971 972 977 981 
4 9 14 30 42 63 65 72 95 109 116 123 171 184 219 233 242 255 282 294 306 311 402 436 449 463 476 477 499 574 595 601 626 633 652 665 675 717 722 754 767 772 804 842 843 879 898 899 902 906 933 935 956 957 965 
57 71 97 108 143 170 190 240 257 262 268 285 299 314 321 343 346 362 372 378 387 415 453 523 527 534 555 558 566 571 606 614 633 640 669 714 723 746 777 792 796 803 818 838 863 894 912 927 
40 107 146 227 260 291 308 310 337 373 385 407 417 441 451 526 547 550 619 676 685 689 705 756 761 771 786 795 819 831 832 848 868 913 951 953 958 
59 86 111 119 120 122 138 144 156 158 183 197 204 243 247 256 270 279 286 325 344 360 395 439 446 452 458 459 461 464 465 489 493 510 519 524 582 591 603 653 673 690 735 753 757 759 781 796 811 852 911 916 933 934 940 954 978 987 992 998 
45 58 96 100 131 133 149 155 195 214 239 263 318 319 347 369 371 374 433 471 501 511 514 562 588 615 774 814 822 834 
12 19 64 84 182 207 284 305 380 450 456 462 545 564 568 570 630 635 661 692 733 734 736 819 872 888 918 923 955 969 995 997 
36 53 77 80 89 259 296 302 331 333 381 420 426 481 557 561 584 643 644 788 852 921 928 970 982 999 
68 90 136 199 203 237 246 272 276 281 338 356 359 379 392 403 408 409 485 488 551 556 600 623 624 631 655 670 672 730 732 799 800 824 833 839 853 871 873 875 893 937 941 985 
69 161 177 225 342 348 386 401 432 483 580 590 612 662 679 688 737 776 778 790 826 878 885 904 959 968 974 
104 194 205 292 298 349 393 404 423 443 466 483 500 516 548 642 683 696 716 727 845 882 963 989 
0 17 35 38 46 51 85 114 212 216 224 267 316 334 368 399 448 512 572 599 607 651 684 721 763 807 815 919 960 
5 11 121 165 169 208 229 238 251 358 413 415 428 482 484 515 520 611 640 650 657 669 710 711 741 818 889 
49 164 175 188 209 223 273 317 327 339 364 470 497 506 522 645 794 801 806 961 962 
3 8 20 91 93 103 128 178 189 206 230 277 278 280 299 315 366 413 414 425 486 538 608 610 663 691 780 782 854 861 903 967 
