10 13 14 18 33 49 58 63 67 68 77 83 102 109 110 117 126 142 163 167 168 188 204 217 232 235 252 272 274 275 284 290 295 300 301 304 312 313 321 324 326 330 332 337 339 342 352 357 363 365 370 371 378 385 386 391 395 422 423 434 438 453 455 462 470 503 504 505 510 527 530 532 534 537 541 542 544 569 578 614 625 626 627 632 637 642 646 654 658 659 666 668 679 681 711 715 716 723 736 737 745 746 760 761 764 765 773 780 784 787 790 804 807 812 815 834 836 840 872 873 875 879 880 881 898 904 917 924 928 930 935 939 956 960 970 971 978 982 986 987 991 992 997 998 
1 2 4 17 27 28 39 44 46 48 50 53 55 94 113 114 119 124 136 151 155 157 175 178 185 192 193 203 215 216 220 227 233 241 249 258 259 268 282 288 291 292 296 297 298 302 303 309 314 318 323 331 340 343 346 347 353 355 366 373 374 383 396 403 408 415 430 439 441 444 471 478 479 480 483 500 501 552 553 554 563 577 581 588 592 597 599 602 606 607 613 615 616 629 645 652 688 689 693 701 713 719 728 731 735 743 751 756 768 771 779 789 791 795 803 810 811 814 822 831 839 845 847 855 859 861 863 867 871 887 891 894 900 903 909 911 913 920 925 927 933 949 958 979 
3 5 7 9 11 23 30 34 35 38 51 59 73 74 91 92 93 98 99 100 106 116 118 123 130 134 137 138 140 146 162 170 171 189 195 202 211 212 221 222 224 225 236 237 251 255 263 270 273 280 306 316 327 328 333 335 351 354 358 361 369 376 379 382 384 387 388 399 400 412 414 416 431 433 442 443 450 451 454 456 461 468 475 476 499 508 519 522 523 555 557 560 582 583 585 586 587 589 600 605 608 611 612 617 619 620 640 663 677 692 699 700 702 703 721 722 734 748 750 755 759 766 767 781 783 796 797 802 824 825 832 835 844 850 851 852 853 854 856 864 866 878 882 889 890 895 901 902 906 914 922 934 943 944 945 955 957 967 975 
0 19 24 40 45 47 52 57 69 70 72 76 82 96 115 125 150 169 199 200 205 208 219 239 261 264 267 307 322 329 344 345 349 350 359 380 392 393 417 418 420 426 435 447 448 463 465 467 473 487 494 496 497 511 513 516 517 562 566 571 572 574 580 595 596 598 603 604 636 639 647 648 671 673 682 686 691 694 720 724 727 733 739 754 757 775 782 786 794 799 808 816 820 837 857 929 936 938 946 948 950 962 980 983 
8 37 42 71 79 86 101 107 111 120 129 131 135 149 164 172 173 181 191 214 228 247 254 258 260 277 287 293 299 319 336 338 360 362 390 398 409 410 445 509 514 535 540 545 552 556 567 570 606 610 618 621 644 660 732 738 744 770 774 817 819 827 843 848 849 865 874 877 926 932 953 968 
12 15 56 103 121 126 182 190 234 244 245 283 308 310 334 339 352 391 401 446 481 520 525 531 558 573 623 650 846 897 937 984 995 
0 16 19 43 75 82 91 95 104 152 169 176 238 267 380 394 404 413 420 452 469 482 502 506 518 529 564 576 579 596 624 673 678 684 691 694 695 698 709 714 747 757 772 778 785 837 842 862 876 884 905 941 977 
33 58 65 77 84 117 122 141 145 168 187 206 257 258 281 294 305 313 330 342 356 371 377 429 474 544 565 569 641 658 659 662 672 717 742 745 758 787 807 828 840 841 858 883 930 951 956 966 971 972 976 996 
20 29 78 97 144 174 186 198 205 207 240 242 243 266 315 348 406 425 437 460 486 507 515 526 533 568 574 635 661 685 708 798 813 893 923 947 952 993 
54 60 148 154 194 213 231 262 341 367 381 407 448 449 464 488 493 521 536 538 551 590 594 628 634 648 651 655 670 675 687 712 726 729 741 762 777 792 805 826 915 942 964 965 981 999 
42 61 66 81 120 131 184 196 210 226 230 247 258 269 278 279 293 311 336 489 524 545 546 547 622 633 644 660 705 740 833 865 868 870 874 926 953 988 
22 44 85 89 112 153 156 160 165 177 218 223 397 404 419 424 427 428 435 593 601 643 653 674 704 749 776 885 888 919 941 989 
21 25 62 80 108 128 132 147 166 180 183 225 246 248 256 271 286 289 320 466 472 491 495 498 539 559 561 566 664 696 706 753 769 821 892 916 959 963 986 
6 31 41 64 204 209 250 253 317 352 368 389 411 484 580 609 649 657 680 793 800 860 907 912 969 
32 57 82 105 127 139 143 161 169 229 276 285 380 421 436 440 459 490 528 566 575 584 591 596 603 631 638 639 683 690 694 697 707 710 718 725 757 763 788 801 806 886 896 910 918 940 973 985 994 
26 57 88 90 92 158 195 197 201 255 265 325 372 375 432 458 476 477 492 549 550 557 583 603 605 639 662 665 676 730 752 809 823 829 830 838 853 921 931 954 961 990 
4 36 39 42 74 79 87 99 120 129 131 133 159 173 175 179 227 247 258 293 331 336 362 364 383 384 402 405 412 450 457 485 501 512 543 545 548 581 588 599 602 630 644 656 660 667 669 771 818 847 861 865 869 874 887 899 908 926 941 953 974 
