6657 7170 14339 5636 3588 13828 2055 19467 15884 11281 6162 532 15896 11800 10264 3614 3104 10786 17963 18992 15921 11832 17466 9281 1091 1092 12869 6214 19015 15944 4176 15441 13400 19036 605 3676 10332 98 12386 4208 7794 12406 15480 7805 3199 7297 15491 6787 4231 4750 7311 19601 4241 19603 9364 10390 9881 6298 6299 2720 5800 9898 15027 6334 1217 11971 3268 16070 14535 715 5324 17099 16591 13519 10448 3282 11998 10981 7914 16110 4342 9463 16123 19708 11006 7937 12038 5384 9993 12042 18702 12051 19733 6425 14618 5403 15642 17694 16670 804 2356 820 4413 12607 14668 19280 850 13653 14680 13656 7514 7004 15714 14187 19823 14199 6007 19833 9081 13693 11649 17286 394 14218 2445 12687 1424 4496 14230 13212 5535 928 6050 11172 16809 10155 15278 5040 947 7604 441 9659 4542 6592 4545 8139 16847 471 11230 8670 18405 2539 19438 8688 16885 506 17403
10766 6159 7705 3615 36 8742 18475 12844 11314 2098 2103 13368 17465 1085 19518 16450 4679 14920 4684 16465 8275 3668 17493 599 10840 4718 14959 8305 16501 3196 12412 11902 12417 13958 17547 8339 14484 149 11925 10395 13988 676 13476 166 6321 6324 5815 10424 1728 12481 6852 8905 4810 8910 5327 9428 17111 4830 17120 3297 5857 1251 7912 746 9972 7930 7938 266 14604 2833 17169 10516 15637 11543 17176 3868 4892 7460 1318 3367 14122 2347 17199 9524 14649 13113 1851 4412 19773 835 8516 18246 11593 18767 15184 3926 13150 10079 17763 18790 7015 17257 13673 8555 9582 7538 19828 4473 4476 9598 14206 18818 14211 14215 2962 5011 15764 13209 7066 19867 3484 16798 11679 1443 1447 429 10671 12721 13234 5553 6580 12212 10685 14270 17855 12225 7619 13766 17351 3015 12745 14791 11215 3024 10707 8662 17369 3546 18921 17905 1522 16881 19451 1532
15877 13854 5670 11302 7215 16433 15924 571 7748 11336 13897 9807 9297 609 19044 15979 1135 13427 6778 635 12923 2685 18563 9859 2699 13456 1682 2714 18080 5280 2209 16547 700 8897 4301 14032 18645 16601 3804 2276 14059 7407 11002 19714 2838 16154 4898 3883 5942 19259 3389 8509 7487 4415 19265 19266 13645 1874 15195 3419 19805 14177 19301 6504 16746 17271 17783 8573 16780 16274 6046 415 1956 7076 11179 10672 15793 7602 13240 14789 8133 13768 4054 18407 2025 10221 4078 10742 5626 16892
2580 12318 8228 551 6702 16943 48 5687 14912 17484 19532 15950 19533 11342 7770 8796 7275 4727 1666 13445 7305 13453 2707 11930 8348 12968 19114 8875 18094 4784 693 4300 7888 18644 15062 11487 15075 3814 5867 14064 9459 756 6902 4868 12549 10505 1293 2327 1838 14128 7479 12095 7492 2382 8014 17237 4440 1882 10089 9066 7536 8568 6521 11644 10621 899 2953 909 399 17807 5521 13714 10650 11686 18363 450 5062 17863 18888 3530 16845 2002 13280 12772 11749 9193 12281 6651
3584 13824 19458 19464 9227 17934 19985 14356 4118 12315 19996 1565 6686 3618 4664 19512 3133 1097 4173 13394 9299 16005 14984 10891 17039 8349 15008 1705 15024 14523 15043 15045 4816 11993 7395 7396 9965 15599 8433 16627 6401 8450 1799 19221 11542 13077 9495 17690 17185 6438 17191 14131 17212 10048 11585 12101 16200 17225 11086 4956 18784 11617 13669 8558 6000 10614 13690 5501 14205 8574 900 5523 7068 1442 12706 1444 16295 14766 18358 18365 1485 463 16858 15835 1507 15870
9730 8200 521 17420 1038 4111 12303 16917 3611 11310 11327 12365 6735 12369 6228 6752 18531 2664 12910 19061 17021 5245 3710 15487 11396 3211 16011 16024 13467 5294 7342 182 2754 15042 8901 7885 15568 6359 2792 9962 1773 10488 6939 14110 4401 15160 17728 1868 346 13660 9053 11109 16743 10602 3946 4986 6525 13191 18829 19342 7054 11677 12192 19875 19876 19366 8107 6060 17327 16820 18876 10689 19909 12237 2514 6616 10713 7657 17898 2543 9200 14323 6646 18936 4606
16388 4620 10765 14864 18962 5667 43 15915 17453 19503 11320 8765 3648 8261 13896 13384 1610 16974 4689 15444 11863 5720 11873 8801 18532 105 8298 1144 6297 17562 4777 14508 19639 5816 3263 10944 8914 9943 12008 13551 8438 13050 18682 5884 5374 766 7425 773 15110 12040 16650 8977 12564 10536 8488 19755 5962 2903 1378 14701 15732 17793 18819 9622 11162 1950 3999 18341 2983 2993 15305 5582 14800 5074 11731 10708 10200 13788 10209 13288 3564 5624 18939 10750
3077 2576 7703 7192 1054 2592 7200 18468 1061 11308 11313 17971 13880 19008 3138 19529 19019 10833 1622 15969 11876 2148 19562 12395 15980 5741 12407 13952 18561 2181 1675 7317 6300 9383 1204 15550 11460 4804 7878 14027 13516 19667 10968 8412 14051 13540 6891 770 13062 5387 16141 8976 1301 7458 13625 11073 14665 8529 15706 8040 18807 19332 3465 9612 7059 14744 6561 4516 2470 6568 12201 7082 11693 9647 9650 13749 7099 15301 7630 1000 7662 17913 3582
7681 8193 16908 12302 18963 12312 10267 9243 4636 14373 16425 3628 17972 13876 6713 5179 9794 5711 18004 16987 7776 7266 13926 11879 7799 17028 3206 6793 17551 19602 11928 15513 10906 18096 3251 18100 1203 7861 13505 10435 9929 15055 14052 2790 16106 14070 5882 16131 17166 13089 16680 17192 19762 14648 6463 8512 3402 9549 15695 12114 2899 12633 4441 865 16227 9059 15207 3439 18803 1908 7028 8567 8060 9090 12689 19861 17314 3505 13241 5072 19411 4568 17900
13335 10273 17956 4134 16427 12850 7227 8764 5694 10305 10309 12871 13386 19553 610 6758 11378 11382 18555 641 4227 13960 13455 5804 1198 17608 3795 4820 13525 8407 3803 16111 7922 9465 18169 9987 3358 19745 17702 13615 11062 3403 2893 19281 3921 14674 17239 8538 10078 7531 10605 11119 5488 9599 9607 2451 3988 18327 9115 5022 17311 9130 11189 15801 18366 16837 10181 970 15307 6604 5589 478 9699 16869 16360 6632 8175 7664 11766 11768 2554 10236 19453
3587 3075 517 18960 13841 9755 11814 18990 13359 9264 8752 8248 15440 597 19543 16984 14940 10845 607 11360 11361 4203 4725 16529 17046 6813 10910 17057 19630 7345 5297 14002 11957 18619 19643 1215 1220 16589 15580 4327 13035 5359 1777 3829 15094 12023 15616 18713 3354 4895 4384 15649 18723 7975 16172 1836 10544 9039 1875 9043 10585 860 10594 3427 2402 13158 11624 13678 19824 9080 13192 14734 15260 10657 2472 11698 9150 9684 9183 15328 8675 2023 11241
9228 531 1049 543 1570 8746 46 8754 5690 19517 2113 578 5697 6736 2144 10854 3688 5244 16541 10914 4261 6314 8366 9919 16064 4289 9414 4808 1229 6354 10965 17622 17623 14043 1250 19171 5862 18667 13559 18172 14077 2814 8464 18712 17692 4894 11051 2349 3379 17204 7482 19275 10572 2381 6478 347 9069 4463 11632 373 6014 8575 16255 10113 4494 6551 7576 1946 17823 8098 19363 16296 8111 18869 1479 15815 14280 10192 18899 9694 15852 8685
1537 514 6145 9224 5137 19 4115 3123 2100 15413 10810 16456 12378 19038 17505 112 12913 3193 2682 7302 5786 12954 1692 11938 11429 9384 11950 1202 16564 19637 12469 15032 10425 19142 8903 7370 14546 11479 10458 19675 10478 7418 4862 17664 4355 7431 13576 12553 5391 14608 1808 14107 800 11042 17186 6951 16681 16691 9526 9016 14676 11099 8545 18283 15725 16244 6019 7555 9094 15240 404 13728 14248 19913 17867 18902 4062 2536 13801 17392 1009 12785
7689 9738 523 8204 8724 21 6677 8215 15901 17955 18472 8247 16441 13894 19032 615 4711 9853 18055 18576 11927 16536 12448 1697 12969 6825 5296 4274 14517 11963 1724 5822 8393 3786 723 6876 1758 1764 19176 1770 10474 7402 9964 1265 14585 17657 6910 3328 772 14087 8990 4394 4915 3898 18238 17727 17243 2912 19299 14691 1382 5991 15217 6516 11142 12187 17308 2474 4525 9133 16818 10675 9144 10176 8652 16849 5586 11221 19933 18399 15338 17396
16896 13322 19989 3613 10278 4649 18481 2618 15420 1616 119 2681 8313 10878 16512 19592 14476 12428 11919 10901 154 6817 10924 2222 175 17584 19122 3250 8885 14522 3783 19145 1738 9420 9424 10970 17131 18674 3827 7420 9469 12033 9476 4367 7960 3355 4381 4382 10017 16173 10040 19267 326 13639 2380 15185 1361 5970 18258 6993 12122 12645 15727 17778 19319 2435 6538 7569 16277 16289 5027 3499 6061 1965 3502 4532 19382 19393 14278 18904 5106 3063
4097 17424 18450 4630 24 11288 8227 16933 14393 9298 15454 7263 17502 6243 2151 12905 4204 18031 11887 14458 17545 7819 5260 1171 19095 16030 14494 17581 5809 6862 19152 7376 3283 15573 1240 18155 13037 3826 14587 1295 18706 10519 11032 11033 11034 10015 11039 13617 10045 831 1855 4423 10058 3931 1372 8029 10095 380 15745 10628 16265 16272 5522 18853 14245 19883 5047 1981 959 13764 11209 8656 4565 15324 9184 5091 13799 6120 3567 16883 9207
4096 11268 11785 1551 12307 11799 11298 41 7725 11315 6236 18016 18538 12911 1654 8311 3705 19069 2689 7811 4242 13973 6805 17564 17052 19618 15523 3238 18098 12987 12476 198 10464 3304 16104 237 17141 3837 15614 260 10504 3849 14615 19736 19758 15689 15691 13134 1359 6482 339 10579 14174 6499 16231 17261 15729 15219 18293 376 9596 3452 3975 5519 3489 7077 14760 12717 8117 14778 4027 3517 19903 15827 15317 4566 9687 14301 11238 15861 10232
5634 5128 11284 5149 15393 17473 17480 18513 13906 5204 7764 14424 19045 619 4716 4210 13944 13439 18051 6283 7826 15508 1685 5784 14493 7328 9377 3748 7874 7882 14037 19167 11999 18145 14054 19687 745 14571 243 18695 14602 788 2341 14125 10560 18250 15694 13142 6486 4964 14183 8552 5480 17771 2415 10608 3443 2938 382 11658 11664 13201 19349 7064 2976 17828 12198 5547 1454 945 13235 12221 451 6615 12249 474 11739 19946 8682 12786 17404
9222 19981 15376 6685 18982 15402 8757 13378 68 18500 2118 3656 4169 7245 2127 3678 6238 15469 4717 8828 17030 13466 157 17069 12461 14528 3266 11462 18121 1740 1233 15581 8418 5347 9442 11494 12521 6391 12029 6411 9488 1817 1818 18205 7465 2870 316 828 11589 6494 3425 12652 19310 7534 378 14220 7056 13203 16788 5526 5014 5019 2974 16801 420 9646 943 11701 13755 6076 13761 15812 17873 14801 17881 16347 996 9189 10224 18429 11774
513 18961 1557 12309 11809 4131 6180 9252 1066 15940 9296 12387 103 14952 12403 3194 11391 6788 13444 11401 3212 141 2703 12945 1183 16036 17583 6858 3789 719 1234 10450 12498 17630 8435 15606 15098 13571 274 11539 10517 10522 13083 297 5933 19246 18232 3391 8513 14658 2882 17221 5959 17224 11093 7510 15202 18276 9579 4493 9102 9630 934 6054 3508 14783 1475 11724 18382 5071 9680 8657 4052 13782 8154 16354 19950 5102 17906 4602 8187
8706 19460 13833 12811 12818 10782 7712 9761 14894 2613 7228 17470 2630 7757 10830 9310 10847 14956 4728 12927 17549 142 3217 17556 18581 19606 11424 5814 16569 8378 17088 12992 718 9431 1243 15070 17132 18160 9458 2297 6402 14597 11022 8472 19743 8995 303 12091 8508 16714 3915 18777 8537 9564 4453 16744 14708 18299 8577 4997 14216 15757 10126 8080 10647 9134 9137 10690 18892 12750 1489 18388 7637 16343 7129 11226 14309 11247 10735 1012 16374
4103 6176 11299 8230 15913 10801 16949 9303 10843 8284 10851 9835 109 7789 8814 10356 14976 14468 3215 11408 16016 10385 19608 16539 1706 1715 19134 3774 14025 727 15071 5350 13031 18664 4842 7404 6905 2302 19726 783 19215 8978 14098 11540 18199 281 13600 1314 7970 16174 9027 9037 3406 3934 5997 18291 10108 19328 16770 3458 11144 16264 3976 4491 12190 19360 2476 4527 13231 15798 8120 12216 17857 968 15306 4558 1493 13781 10201 16346 3044
1542 7176 15889 19991 17944 2585 7193 11305 8233 2606 1075 6722 16966 11846 10826 590 15953 7763 18010 6751 19555 14440 8809 13936 15993 8314 1149 14975 18567 13967 6811 3229 6816 6307 1191 12467 3252 19126 4284 701 5821 12479 7356 13508 14028 6350 8399 11984 6878 17125 1766 755 19193 17148 16127 19204 14084 12068 13114 6472 4427 12620 12136 7023 4471 14202 9086 5003 13720 2969 12193 5054 2498 987 18908 2028 18420 10741 6142 2559
5 1581 12343 7230 12354 6218 7760 12881 7783 2152 14960 8308 18052 5766 2199 2712 17053 3230 3232 13987 15532 10419 18626 12495 4310 3321 4346 2816 18696 265 14099 16665 18204 14621 4901 18729 19756 1324 3372 1840 3386 10239 10558 5440 2883 2374 8523 9042 18259 18773 9558 7001 1374 10080 17760 6498 9065 14194 5491 10623 12692 3478 1949 8096 17825 14757 10152 16300 12722 17844 13238 17849 14279 13260 2540 14320 3059 10234 1535
7680 2051 6668 9242 27 18972 10269 16926 7204 4647 5163 11823 15412 6196 2615 7224 2120 19017 2138 19041 13928 1659 18050 2691 13959 10378 16026 6820 1190 15526 14513 9909 10427 14014 14022 16072 222 4841 13561 8968 4880 16146 7456 13611 18220 9004 11569 5956 16716 2914 11622 3431 3949 371 14204 2428 14719 7552 19329 6530 391 15755 5039 1972 7092 9658 14269 453 1480 18895 9681 8146 15314 16861 18398 18931 5622 4604 17407
13825 7685 13829 3596 2572 17942 8223 4641 18980 14389 9787 12355 15942 5703 5705 2139 3675 1122 11363 4200 15474 3188 3195 8834 10888 13962 12434 2715 12962 4782 19640 18125 15565 10960 19156 3806 19185 5363 12022 9473 17666 9474 262 9992 19214 11040 17188 4912 7995 14141 6990 5454 15712 16751 1398 3446 8056 12159 8585 18832 17821 2461 6049 17323 17329 13747 2490 15290 6593 11730 12756 6101 12758 7654 11751 13807 19954 2039 18428
16384 18945 18955 18956 16399 13840 7185 1042 8721 11796 15381 7699 6168 2072 15910 18998 6207 19011 10317 623 13939 3702 19576 13432 3723 6802 661 12440 19614 15538 3269 716 1231 5335 8927 6880 14049 17640 19182 12530 5875 17147 19196 14086 10509 787 1832 2350 1839 12595 13107 16700 4926 11079 15181 2909 2409 19821 16238 367 19312 13176 4990 8074 19852 6035 18845 5558 5575 18377 9677 9678 8653 15318 9196 2031 1521 14327 19964
8195 16391 19479 19491 17980 5692 1089 9284 16967 85 19551 10855 14957 5235 640 1153 13446 19593 5770 11402 6794 16532 18071 2201 19098 16546 1195 12979 7863 9920 4303 1751 19160 9949 10468 12519 8937 6896 13049 15123 8470 2336 7972 6445 13631 17218 19781 325 15693 14686 3938 10092 15215 12149 6523 6012 10110 18821 15250 5012 4502 18329 12723 11188 8115 4535 12737 17346 1989 2504 7626 5079 477 16353 11235 4593 13298 11763 8697
8716 528 9749 19477 16406 6171 4142 8751 16945 561 1594 9790 579 14917 9291 18512 6242 10347 12413 11395 5254 12972 2733 1201 3763 9908 14524 6850 8902 18130 212 17633 4323 17636 5349 2804 2294 6903 15096 7947 3854 18202 12062 18211 4387 6440 5426 3893 18746 9536 5445 4936 16712 13649 18266 9565 1385 6507 8557 12143 2934 5502 9601 19333 10117 16776 10637 2961 4015 18360 6089 16341 16355 9700 15336 1003 2542 9716
14856 19998 13857 8750 9779 5174 6715 13884 15933 7768 5210 1119 9317 5748 12918 18551 14464 644 5253 140 6291 2215 17576 19625 12456 3753 177 18616 185 9915 13503 15044 6341 17098 4311 3291 19165 14048 3315 8444 14085 12551 7948 7440 7954 10004 12053 4905 17196 15150 17209 9025 3394 17220 16709 14664 5456 10583 12120 9056 12641 4974 10606 10622 18307 15749 3485 18851 7095 19907 11722 6605 7656 17387 2036 7159 5112 8189
3112 17961 11304 52 3125 16440 11833 11325 5183 12870 7765 6748 16477 8286 9824 15974 1127 11882 5746 6265 11390 16021 19610 5793 17595 7355 7357 6337 4801 19141 2252 10959 14042 4330 3822 6390 14625 1833 5931 9007 5944 11579 16702 6462 2371 11080 13643 17741 4942 18263 16728 4439 16225 2923 8048 8049 15734 17790 12675 10631 8584 16779 10660 9638 5557 9653 4541 19391 16329 459 17883 14811 18913 17890 16370 499 11252 7670
522 19992 10271 12848 9267 11318 4668 17982 11839 69 14413 8271 11346 11348 13909 15446 1628 3692 2675 5240 5273 6301 8358 3751 7334 19629 8370 18099 1213 8893 11459 10451 5334 10969 4320 1760 6369 6377 1774 7406 17653 14082 5890 19205 19209 10007 16158 9503 10528 290 4920 17726 322 1347 18754 12612 11606 1883 5984 866 12133 11623 15210 2431 19856 16786 10136 2460 4512 10665 4522 17334 8640 3009 6596 1491 19421 2021
15367 8727 12824 13853 14882 9764 6692 19502 17969 14905 14909 13898 2639 1626 1118 6239 2660 7795 1658 8827 12924 11901 6784 17554 11941 11942 10922 10415 1713 7866 12989 12991 9936 16081 10974 2272 2794 19691 2800 13552 11512 13567 3846 11017 782 15631 11545 11556 19240 2366 16703 6980 4934 16204 11602 10066 10074 18273 357 15211 12654 7543 898 3474 8085 16791 2466 14756 5029 15274 4041 18893 14288 6109 995 10726 3571 2558
3586 14874 5164 5684 16443 3139 16453 1093 12362 17491 5206 13914 9819 1631 6252 4721 6771 10869 14465 9858 9860 9866 7833 14492 7332 2727 12462 5806 17589 694 6332 13507 4818 1235 5845 9437 5344 8935 7911 5878 13564 3845 11020 4385 9510 10026 12079 11580 16209 18778 3930 8546 5481 19306 2922 18797 7540 13696 15236 11659 12685 16286 13744 17333 15287 16827 3010 19910 19401 4562 8150 9686 19417 12257 17381 11755 11759 1533
2 18440 11283 6679 3100 6700 5682 16950 6208 15437 14941 10335 8297 6780 14467 2183 10887 13966 16041 4778 2743 14520 7353 2748 19656 7880 19155 4840 17642 14063 13039 7921 15093 1796 7946 2827 3853 18703 6931 2840 7977 8491 16688 822 6976 10570 10067 7525 7527 10600 9583 16240 3440 7546 10619 18300 4995 17802 9620 1436 930 2982 11695 17336 5562 7615 14785 3522 1481 11220 18394 19934 1506 15335 9715 6650 9725
16392 12296 4616 7179 2067 4122 17952 5664 13862 12840 6699 7733 14906 11838 13888 11329 15938 2123 15436 78 19031 4183 13419 12396 9844 17533 14996 7319 8356 4793 3787 1228 5328 2260 7386 221 3300 16101 1765 19190 9978 8962 5392 9490 18195 16663 10010 17181 7455 14112 19235 7986 14669 18780 17758 1897 9577 1392 4472 8061 12686 17812 17301 17814 410 16802 7078 957 10183 6106 7643 11228 2016 2530 1509 3047 9709
12807 17416 16401 2579 5159 3124 1601 8773 3153 9308 10334 14434 7267 19558 12391 2666 1138 15987 7289 1155 16521 17546 1165 5269 11419 9380 16042 11438 14514 10964 734 3305 9449 12014 19698 19199 5386 15118 16147 18710 17174 10009 6937 4379 11045 6953 15147 5429 1337 11582 2890 11102 11620 5484 17274 15245 16269 6553 10137 13311 14236 14753 16290 3496 11182 19384 5566 454 9670 18379 976 2003 9176 3558 14833 3069 9215
13315 2564 18952 524 3088 5140 5141 18471 18476 2101 568 14396 1607 11856 18514 14432 10348 114 14967 17024 7824 6294 4251 10399 10925 2745 14011 8379 15038 4798 7369 15567 17112 3801 2279 17130 16636 8445 16642 280 8985 2855 8498 4414 19776 6464 17241 14696 11627 7031 16257 2433 2950 15252 8093 6560 5540 15271 15277 8129 1478 455 5066 1995 10199 14296 6618 3548 15326 3554 7144 9707 18412 491 3577 12285 2047
10252 6669 3090 8725 18453 17437 11303 9257 8235 1068 16942 13365 19523 8274 19544 13922 11884 10352 19586 12938 18589 14496 18089 19116 10931 8883 18622 15057 726 5851 4317 12005 9963 17134 17648 12018 4352 15620 6925 3352 19747 17190 10542 1332 14645 15158 11575 15681 4424 1365 15189 11096 2907 10618 7044 18315 18319 13213 2975 16292 422 16807 10684 8637 1471 16323 9671 7122 12755 17365 19414 2012 16362 6634 7660 14837 4607
6529 9861 8326 14725 16517 15882 6154 6542 18959 10639 1812 16283 2593 5923 19496 16682 8364 13486 12591 17200 13105 13361 9136 18485 19383 15800 10809 6327 6455 8124 6842 17086 12224 4544 5057 323 14790 12359 13254 13001 202 11210 2119 17357 14542 6220 2891 9548 10955 12631 9047 12125 15455 7008 15841 19682 3454 13030 14695 17383 617 494 4590 12528 18545 16243 13300 245 16630 15863 3320 18553 1014 15739 17278 3583
10368 19842 7171 2054 18184 13708 19598 12175 7951 5907 8214 17175 15255 4763 18332 3740 5921 5794 12838 5031 2984 553 170 12970 8240 18865 12080 17715 7991 4279 2489 19514 9531 16318 18239 16447 17987 5960 15432 12619 10701 8269 4177 6098 16210 3672 3162 2141 13534 8159 15837 8544 7393 14433 4580 3557 13798 487 14055 3562 12793 17262 13038 13424 9201 15857 8947 18676 6003 630 5107 18680 14201 12667 1915 2429
9731 1283 1674 14860 19725 1677 14221 15760 5904 3213 3730 13204 4629 6935 11031 9623 4376 16040 10024 19882 14251 18092 11181 6703 4656 8625 11954 7987 5938 7727 1591 9399 4026 5946 7229 1603 19908 16454 10950 1352 17226 5322 1742 14799 8526 337 14163 18260 7252 11735 3928 7384 11610 8925 991 16480 17761 993 10465 2787 5221 1638 9186 8440 15594 5098 14573 10349 4335 12015 2034 9461 18166 16759 4984 7157
4864 13186 13698 7304 6540 11404 14990 15119 11152 2188 2316 19219 8726 13847 17816 1945 6557 11296 11936 13218 4514 3106 7592 15529 17065 13867 6956 17708 5425 2739 11702 951 18490 8251 14907 16445 3390 10430 9023 11835 8769 4028 62 2756 14918 19783 14152 16073 11977 8134 16844 13773 3534 12616 205 206 8658 19530 17364 6229 2133 207 10461 18654 1762 5093 4326 16741 8559 12414 16499 120 10489 13306 8318
16386 17284 19589 15494 17158 9864 11657 16394 4999 12556 9095 5262 8592 16017 785 6803 2708 151 16792 18201 12317 14498 163 16931 16420 38 2342 9895 10280 6947 17324 12716 11949 15790 3506 3892 18484 10423 953 18108 956 10556 19648 4291 17605 5446 8005 2636 16717 12110 15310 6866 19538 17492 10453 18647 4312 18905 18270 7007 16481 3811 19814 8679 488 5352 5482 7273 8044 625 16372 6900 13686 18940 1407
9093 6406 2441 12170 5258 1676 14605 6541 13457 11793 530 9875 7958 3353 13722 5918 15262 18846 8353 19362 6436 12841 19242 12204 813 6578 4531 4148 821 9913 1593 7738 12219 7868 17215 7231 19010 14914 16069 12357 19911 11976 73 4039 7366 4812 6982 17743 7503 209 11007 15060 1621 14679 3159 16089 11225 19040 17504 13664 3168 737 1632 5604 19432 13800 19054 17390 16371 16245 18809 11004 19326 17535
6016 18177 11521 5377 1280 6664 19851 13181 13582 6160 17042 18198 17047 16664 5142 12822 667 10268 11933 4253 8609 18594 6563 5796 19494 13865 8106 12075 3242 7086 14383 6192 15284 19765 4790 13750 3895 15677 6590 8127 1729 11074 3140 5957 2501 17865 11211 4171 19789 14033 18261 12126 7135 8928 2399 15586 13026 17252 11746 4966 2529 248 5353 13162 8302 14319 19056 15985 13935 15350 10998 9720 18173 3327
10369 11780 3973 1547 12812 6027 17294 9237 6934 8984 19355 17947 14109 14627 7587 19238 18086 15400 9254 3370 12203 3625 8493 5801 8626 3507 11828 12726 566 9657 16314 9147 9405 17472 961 8258 3906 6727 11081 3657 2766 8527 8528 7251 16212 17367 11480 15066 18652 4444 16094 15584 7649 5218 7139 15463 15977 2027 16364 13421 14830 13550 6763 6894 13938 10995 13172 5108 1650 6899 10104 2556 19454 8191
5637 6918 9593 14474 270 1402 7313 18578 12691 914 11411 5529 5913 5146 4121 10909 9724 4767 288 8610 14755 7843 17573 14629 6822 3498 8109 7343 10287 9523 18995 2355 16442 9402 5564 11257 7998 9533 11201 7361 9793 1860 456 17353 10568 9547 17228 5707 16848 2643 15316 2261 87 15191 6363 11489 2913 12259 12002 8803 16998 18152 14569 17513 10091 16621 14832 2803 761 13430 15479 1145 6906 764
18049 13316 15621 777 7306 10892 9357 9485 6164 3221 15510 3223 1050 14363 8858 13082 14456 13566 17444 5413 4006 8232 1579 16044 11052 15533 1837 9775 12213 18230 14518 15163 18237 2878 12477 16061 17217 10179 17733 1606 2759 18248 15049 8517 13900 14285 5070 12751 9294 8145 8276 19669 16982 5080 473 9434 2269 9567 9440 2017 5346 4321 10086 7528 6249 19307 7787 4847 17135 6898 16118 18040 16891 13182
14336 11910 7432 4233 3983 8079 7312 9234 15635 5780 8087 2584 9370 15900 2463 5026 8867 18599 7207 2089 3754 17707 6187 1067 17330 2226 19769 19515 11323 18749 19778 9924 15943 2632 17352 19912 17737 4170 6859 9421 14926 5199 1103 12625 15697 2769 12757 3929 13274 14810 7260 12507 11356 19807 14178 1890 6373 6118 10982 3703 14186 4588 11629 7151 14705 12273 11122 2422 1911 12280 10235 14588 3581 18431
6659 3204 2444 19468 7436 17681 10386 19478 16918 14872 7577 5658 4762 10142 10783 2847 13985 18210 15906 8100 12453 13992 4520 11947 556 14380 17711 15665 16305 4019 2227 11571 2486 11959 2742 16825 12345 19261 19390 6077 1857 10306 1227 5200 7507 6998 6870 18776 13402 17371 16092 8543 7521 612 16871 15720 19177 2282 5612 7149 18413 1645 5740 17264 14577 11249 1395 9460 18933 17525 1015 3313 7283 17277
17280 18689 259 12295 8715 13196 13965 17423 5264 657 11669 1785 5015 9625 1433 6683 5277 12958 12574 15647 16039 17832 7976 7338 15148 15021 16302 4911 8622 8758 439 8888 16957 832 6082 11206 1353 18639 18386 3667 9812 19670 2137 2649 17627 8921 14046 12895 11488 2270 4574 5089 13794 10469 15080 4714 16634 5356 17773 1389 17007 19442 19955 10483 10228 7798 7154 2932 1529 5754 1017 1788 13565
10240 4229 11398 15238 19462 10890 17 12308 10518 10646 16668 11165 5920 1315 8612 9514 10027 7214 9903 17712 2096 9008 19891 12084 7476 15670 311 11576 3642 8763 16188 14653 577 8770 18755 12868 1863 8264 3144 18378 587 842 4941 2687 9809 10963 19540 19158 10070 19672 18526 18015 1120 16993 13152 17123 14307 485 2786 1255 6631 13282 5354 13163 15466 11501 8417 19953 501 5239 10360 11771 17663
12288 6656 1539 18179 16004 3843 15242 10634 19596 4498 5143 19224 408 16409 7578 14491 13601 4769 13730 1954 18596 10148 15403 2091 2095 8369 4787 19252 18868 5303 3000 3513 19386 14652 9022 1983 17985 14786 11458 15428 12865 7749 8386 1993 19274 9673 12361 12490 7881 13391 5458 8664 5849 2778 12123 7132 15453 5342 11231 11104 2401 13410 1634 7909 11368 17645 1006 17395 14068 16116 1271 12409 8959
19457 16647 10760 3209 6029 19471 18705 3347 14483 10645 10262 13596 4511 3875 19748 12196 9726 2986 939 2736 11056 10674 9649 5556 1207 14392 8889 2361 11578 1341 9151 4543 12097 16194 15481 1348 837 15174 5573 14151 1225 15435 3147 13261 12494 13647 18510 9041 18000 594 8779 3540 7893 5462 8533 13654 17753 16602 2776 13149 3422 7519 6114 14819 18023 10601 8173 9454 3660 11889 4597 17273 18046
17665 13953 7427 4870 8 13834 5130 398 13327 12304 10769 17682 5394 16790 12314 19995 795 2845 2590 13597 1321 4652 11692 18093 14641 15157 3769 3899 9019 16574 18370 19140 12741 10823 12103 16585 19786 2379 19918 10447 17871 19537 17103 7631 2132 6484 5078 18903 2009 91 6108 7773 1630 16478 14304 16096 7778 8669 14182 15719 6633 8556 10223 7537 19058 19314 8050 13682 19063 13048 2811 18558
6785 18690 14466 3332 15365 15493 9479 17413 5769 11656 11 6531 6666 10373 14222 15375 9615 19988 7445 8596 16922 3483 12188 2077 13856 4645 8487 10664 4007 14891 7979 18991 14768 7984 1586 13622 7478 14136 2874 12733 14397 18495 7616 6847 5699 15302 967 329 1355 3150 11599 11343 2258 17619 7634 1877 5463 9691 11996 17632 12258 1892 18157 9326 5229 15216 8689 1396 19192 12282 17916 11646
6786 12035 19078 14983 15239 2438 12426 19211 8330 11530 8454 17293 18579 17172 2709 17686 9238 18456 12567 4249 12696 11157 7452 1948 15645 12831 4386 15522 4772 8229 8616 2731 13869 9773 9138 2484 9781 7735 7098 17725 16192 3521 9538 11717 9160 5708 15053 17744 8788 15830 11483 15197 17377 8033 2659 2020 6755 8678 19048 2026 1900 17005 17389 9071 4209 5234 14836 14709 10613 1272 9979 4735
13569 15495 9609 3595 10123 7565 14478 6672 11025 15890 10387 14227 3092 406 13075 5393 5401 5785 5914 18336 10659 3236 18088 5803 5420 8110 6449 5940 53 7477 18103 8375 3128 10426 4918 6460 5685 15422 12735 6975 7742 12738 3907 1350 7368 3662 10575 15700 15061 5972 4825 14556 17501 11870 16485 17254 744 19945 9704 14060 13040 15601 19573 9078 1141 17016 2678 7860 7547 16629 10365 5119
17792 15361 13318 13703 15752 2056 14598 8971 6026 10255 2705 10258 16787 5906 3476 8593 10140 2589 2078 18335 18848 8737 4509 2979 19621 12582 2601 18221 9262 18351 17201 10034 13106 2357 6070 9655 2363 317 573 5567 4416 13893 15558 966 13382 16201 17866 19273 1867 3145 7758 14671 13000 5193 1106 15443 2259 14677 5590 2262 13530 17375 9572 3175 17514 2795 2157 16497 4339 3575 16250 7548
14850 19588 19974 18571 2575 9744 14863 13969 16659 10260 17683 3859 9240 18586 19482 6047 6946 9124 15653 5287 11048 9767 2730 9132 13487 8623 7599 14130 18355 3634 7349 9522 10552 442 13244 15806 7486 10816 8000 17091 18884 13636 9028 16067 9925 13770 4938 16460 12491 19803 7387 2019 2405 231 15208 2665 19434 13548 15726 18158 12526 11633 10610 883 11891 14961 5231 8690 9849 17915 4732 895
16898 19330 11394 18311 13448 12041 4747 7051 7058 17300 2454 2583 5783 14745 11674 11675 15515 6556 926 9758 9884 8730 11811 9251 18085 16422 3239 17064 7080 13733 5676 12590 2225 1971 15285 13110 10294 5304 8886 2747 17340 12861 576 4805 15559 2378 14154 9803 17232 9168 12370 3542 16088 18524 8289 19685 19047 2919 4456 8169 17133 496 7152 19186 10740 7797 8310 4215 11513 250 12541 8447
7683 12291 4 6149 5640 11913 2314 6920 7567 14482 1683 5398 1942 18073 6943 18720 9247 18855 16168 15273 14378 11816 16561 12600 8125 18879 15552 10434 14275 8518 11207 1735 9289 5448 11852 12109 17105 13266 13907 13526 6360 19289 8541 18781 5728 16737 11362 13409 11493 6886 8425 2155 14955 365 18798 2799 9839 3697 14450 19443 626 16757 15345 18802 5752 4856 11635 10875 10734 8700 6911
4992 13568 5121 8963 1028 1925 14214 12804 3720 13577 3335 4497 14739 17430 16152 12825 18714 12827 8986 10012 19999 14495 18337 2464 18467 16679 9512 18218 19627 11566 5423 14385 5298 3635 19511 2488 7865 13627 17724 17341 958 11967 19136 19653 5578 19150 16336 7762 15188 8021 15325 864 10336 11234 7804 7012 1124 1639 1386 10731 11756 5998 17391 16880 15218 4211 17270 379 9468 3965 14078
9600 13188 134 392 15241 5131 2446 9487 9231 9489 2964 19093 8599 11166 2465 2210 16162 6520 6182 13863 9128 3369 6958 47 9396 11192 14650 2746 18623 19392 3135 11714 4803 17860 10437 10947 8007 7364 8647 74 9413 19406 462 2126 18515 15957 16597 17879 4949 12765 18912 10978 15459 17764 19941 15589 7014 12776 18025 12137 16994 10604 366 1139 12661 6774 18935 18808 19194 11131 9981
17281 16003 261 12425 19595 16396 1164 3084 12050 11282 4244 18325 6427 12572 7069 3357 5021 12833 15138 10403 2981 5797 8744 12457 13226 12971 5034 13353 13738 10543 4271 6835 14772 17973 1461 9784 60 1212 2365 7484 16834 12999 10185 331 8907 17102 14798 16976 5457 8143 13014 983 14168 5718 17370 7262 17249 14050 14818 13413 4197 4202 16236 10991 6639 6385 8432 1783 6136 3068 5757
5504 4865 14723 12932 10885 1926 4356 18825 1546 11145 16140 13325 9740 2063 2321 9106 5267 6420 2069 19994 1179 5020 2717 10654 13983 17695 2337 3745 18334 18681 1964 6579 14005 12086 19255 17463 18872 13887 10175 12353 3264 1859 1732 1861 13123 13762 10312 5961 14922 4043 9676 6094 16720 6096 1620 13146 1498 8158 19295 13665 6882 1249 17892 5602 13671 7145 108 12151 19321 2555 12797
5760 17539 19972 7557 9734 14596 15368 18570 19340 3724 10124 5135 9742 18321 4372 10903 17434 14747 6052 9511 2426 1973 17467 10301 5438 2239 3136 5312 10818 16451 8388 3914 7887 3791 721 3026 14035 8020 6355 12628 7127 3288 17113 858 18907 1500 18909 16605 5593 12512 2657 18530 4191 6749 15461 11747 8290 18665 17258 19435 6635 15470 3311 8431 13786 10607 19700 634 7800 4857 3962
10112 19969 10753 2560 1284 4996 10886 6660 18312 3082 18167 8703 6799 4112 16273 17810 12819 8595 16533 6804 8471 18328 4887 5271 16411 1438 419 15652 2854 6313 16554 12459 18862 13488 3381 10807 14265 16697 1211 15421 15294 4670 12742 13129 14155 13517 14416 12754 15315 724 14804 9942 17751 600 15954 7123 8790 19548 12252 4965 8680 236 4076 6126 10097 5493 2935 8186 9854 1919
6400 3457 12546 12419 4484 15109 17542 519 9991 1538 3466 6789 1292 11149 14213 12813 2960 6024 13842 6419 7556 10775 13593 12963 7589 10795 9260 14640 7344 9141 10421 18361 7611 16572 16701 12990 12608 19009 16448 16452 19526 17478 8904 12106 19148 16588 4174 8141 12496 9426 10068 12373 7512 3673 3674 5471 12768 4704 15970 6115 4067 3936 12266 18670 9586 15603 11127 18937 4347 7807
13699 5508 2823 17928 779 8846 5013 13336 2204 4637 1437 12320 18849 4642 14243 19497 8618 18347 16169 19501 19373 687 14384 8497 3888 14259 16948 12341 17974 7223 5432 12344 58 2102 1079 16829 1722 8768 17986 5443 11588 3910 4166 18632 6344 13642 4811 9801 18265 15964 7422 19936 13921 5474 9315 3426 3940 4713 15083 4331 11503 7280 6257 16626 19316 12916 17527 2298 15102 2943
18944 16513 1668 11012 1414 6663 4487 14348 6157 11918 3858 5778 17429 7063 4991 15902 5536 17697 15777 18978 8736 9506 16166 7596 817 10417 14008 19129 19130 15802 15676 13242 14271 15679 9537 19522 4167 6217 11725 18254 12238 6221 1492 10196 18390 18007 17624 5591 10330 6746 12770 10850 2658 6372 6370 4708 7779 10213 13804 12397 1903 11760 19057 5618 9713 18036 15866 893 15230 13183
10496 13441 10754 5891 774 7559 267 17292 395 15502 5899 18064 14737 12045 6670 894 7701 4863 1432 8216 7065 18075 3101 31 16671 14372 12197 19374 16815 7089 18613 18614 6709 18362 1467 14780 6205 449 580 16071 7624 11855 16464 18896 728 2392 218 4187 4831 481 226 17507 15334 2283 19948 17516 14829 10859 3183 12017 7409 13297 18292 9581 8687 11641 5499 11516 254 1663
3842 7939 13060 18437 9990 5123 1034 4876 15117 17678 5905 5010 11027 660 7316 2710 11666 3480 13849 1434 3608 17567 7968 3105 4256 10018 15012 4899 16299 1580 19247 14515 1844 16565 11187 14902 1592 6461 18243 6724 10948 4420 11591 6348 4686 10063 8400 17747 17876 17621 469 1496 14553 10714 14814 10466 13795 228 12518 1895 15721 10218 13547 8303 6128 4600 19705 14971 10364 4350
3329 8578 15618 5889 18950 12429 1040 3091 11156 5653 17151 791 19097 8092 15264 3361 15776 4519 19371 1709 14893 560 4404 13877 18359 6200 7736 7996 12605 14013 13117 4287 14017 13376 6979 7997 9285 445 12105 10060 14925 17235 18774 16214 8408 7039 8409 1238 19455 14429 5598 13791 13021 16740 19430 17896 19816 17768 9960 9708 17901 17646 751 1649 2674 19569 19829 7542 16895
11136 13697 17794 16901 17926 17799 12678 19217 6418 3990 15127 1048 11673 1305 17946 18076 7318 5148 6818 1060 550 15401 3626 4009 15276 11821 6829 18863 18864 12720 8880 15283 9901 3765 7859 569 14782 8511 9662 10190 12497 466 13651 5843 17109 4437 9436 3164 3932 3041 99 4707 5220 486 15079 14442 6250 12780 7405 14575 17520 1394 15346 9587 17017 8698 13691 1404 10367
6532 3079 6280 16778 1931 2826 7053 13073 15767 5017 4890 18719 3360 18209 2079 803 12966 12712 3368 6444 11822 3630 12464 2224 9265 2994 18612 9525 12214 11703 11951 7737 827 9277 321 3011 10180 10824 9544 5580 3405 18126 17359 2384 3023 979 12372 213 10071 17495 9559 1113 7385 6871 3679 7264 5990 12264 7274 10090 19694 381 6773 8054 4726 3066 13563 14460 18301
5763 18308 3461 6279 4232 16393 14475 1035 18320 14865 12690 5654 10391 13079 4886 9494 14237 17318 16297 6828 174 19380 8628 11700 15547 11452 3392 19521 16833 8771 15813 13510 18504 3400 1099 16076 12621 13646 4814 8144 19535 336 12624 4306 14029 11861 14550 18519 6999 1753 1242 18523 6619 4951 4828 9181 10972 1123 14564 871 5351 13290 10353 5874 3788 14711 16376 12236
14341 3590 1545 11914 4749 16527 5910 16534 15512 6295 1562 8091 4374 5530 15643 541 14366 16287 1058 4644 6181 11690 11691 12076 15534 9263 18608 2229 9656 5693 3265 12994 1605 8006 19657 6090 14538 18508 19279 19664 1618 8534 1623 11609 12634 6235 10077 479 2655 7137 6113 11519 3174 19561 16874 10217 5610 238 15855 9711 633 8434 10743 17145 10746 7292 6526 19967
18688 7553 2946 15492 14470 14344 17033 8830 651 15629 13198 15503 1811 13843 9363 9369 9241 8219 7582 3359 2848 9123 19243 14764 4139 7339 19377 16563 310 14263 15929 12860 17345 8130 13892 17223 1865 5706 11851 4426 4683 3794 16083 17363 16725 467 11607 10835 15486 10204 5341 2910 6366 19425 7777 8548 9319 10220 624 18801 4595 12276 15222 3190 12920 14198 14334 15103
19840 4739 10372 18180 8583 15626 18701 8205 7704 11802 8604 16674 19236 9765 1572 679 13993 5162 10411 12588 13228 4913 17587 14132 2996 695 11065 16699 16956 14139 2238 11196 18496 7867 10178 3267 196 14916 4550 7745 7747 15561 848 6097 5330 12499 11733 3798 6490 19035 16609 8929 11492 12649 1641 14057 15468 13932 9836 17263 1647 16496 2929 13931 4084 15989 7929 19583
10626 6146 17924 14852 3719 2952 2313 4617 139 13451 9351 653 7950 7183 12177 16151 15257 282 7195 15899 19486 2591 6177 15269 18600 7722 9771 18606 8494 2865 17588 19508 10493 16954 15292 1980 2621 9663 18112 5313 1474 3908 2246 12230 9287 16969 12232 12749 18638 19149 3279 4304 3924 18389 5599 13153 8806 9192 17897 3563 1901 8943 9968 498 17652 12792 15867 18685
13057 2566 903 390 1671 1549 9230 8594 3093 15382 10263 5402 10907 3231 11683 11427 8357 6694 15656 9001 6443 13823 2861 15022 1327 19890 6452 10933 9398 8632 15293 1473 2370 707 12484 5701 18886 13255 7750 1737 14026 10700 15308 19409 2772 12886 18391 11872 17634 8292 10470 1511 3176 2280 10475 13675 6892 2927 17903 9456 12658 19827 19571 3061 13046 7415 4216 10111
8833 11138 11779 13447 11916 7566 2191 2959 17296 4626 8719 18324 11413 11160 17049 7449 19866 12828 16669 10013 11555 5028 18854 12839 13094 19881 5414 10793 16428 16049 11827 8630 6329 17722 17083 1214 1856 1985 9664 11258 4548 6981 3014 13895 3141 3913 7493 18763 5323 17358 15696 12246 14938 14939 4954 10718 992 13408 10983 8315 9966 17136 17521 13175 17528 10361 15482 1403
3330 13059 4354 5381 4615 12 1167 11409 15380 18197 14614 17302 1912 19739 19615 10400 8735 6178 3362 7971 9002 14635 10029 18350 5166 1070 4909 15537 2611 4013 446 2879 16576 15808 9792 8126 19268 3909 17222 2629 6856 7752 3397 1739 8776 3021 17486 5839 5588 6103 12248 17754 19290 7905 11106 17635 16356 363 16747 4719 2547 5876 10101 16502 19064 12284 14589
1665 7042 2693 14859 19724 8591 1807 9104 8338 14741 6166 11671 4632 11929 1303 6812 927 3871 15521 19746 14115 17957 10149 9639 12329 11563 7469 6576 2487 10042 4672 16326 4807 16584 8137 13514 332 13135 2257 5459 4181 18262 19927 5977 2266 7131 1248 3552 15842 12642 3428 14822 8167 17000 6375 9450 3307 17772 11886 16367 18162 18547 4594 2805 9467 638 9343
4481 642 4228 17029 19463 3848 19466 17163 4748 19597 14610 13331 17558 2839 11158 1952 17824 12834 18979 9507 8482 8362 4906 2988 18739 6067 18742 17206 12342 11446 8122 1978 8641 6595 11718 3271 19914 3019 7242 7759 5969 10578 9939 13396 18775 11994 19547 5722 18142 18655 16226 15843 4325 16742 15976 11497 8569 1004 12268 17518 4332 10482 10098 10612 9335 15865 11262
17287 8840 10250 5243 2319 11154 16276 11412 2205 8222 4766 19488 6175 15778 13604 5285 5412 14503 3624 18345 7335 1963 5548 3115 15142 16822 3258 16187 4924 14525 12986 5820 15937 8262 6527 11340 19277 3792 2385 4432 16980 6102 10457 7261 5982 16735 12638 97 14561 3172 229 12774 10727 2281 17386 19051 7401 18925 16878 11372 7408 16754 8053 18294 123 13949 11263
8705 5510 19207 11272 16007 7564 2061 8206 11502 8848 14225 19474 19859 1684 10135 19612 13084 16159 18081 4771 11044 2344 7466 2603 304 4272 7091 2228 1846 8761 13757 18240 16320 18242 19650 13253 18502 16711 1094 9805 9550 11471 16337 596 12245 986 9566 19808 10849 2532 6885 3812 4455 4586 18284 9070 18671 4592 5105 14703 16115 15859 17013 3187 6775 14712 13308
12162 8453 16135 10375 17289 15113 7178 1548 11150 10894 6288 8850 10771 10900 5396 15383 7831 3736 15386 10651 11164 18463 1695 16805 14246 4005 7206 7594 3501 11055 10416 3761 8881 17459 13363 7989 16824 15545 6457 15932 2620 10814 16959 8385 6083 1222 15175 14663 6598 19659 4685 18518 19291 5854 9825 9826 9443 13670 17770 1131 12140 5226 2797 7279 4731 8183 8059
1026 5379 4733 1670 18566 18057 18446 7823 3987 2196 19094 3734 13464 3097 17691 1052 4380 14624 18338 4260 17958 8872 13736 10999 44 13614 16434 3762 15797 10805 8760 1595 10812 10688 7618 15555 14659 5570 197 19146 19276 10958 9172 13143 217 7644 15741 8926 4578 18404 13156 8294 3429 3689 377 3819 4844 4845 16494 750 11380 628 17399 15609 13821 14079
11777 12545 388 13957 9352 3208 12171 5390 6161 15378 8467 2450 1686 4759 8854 12441 26 18588 3103 9504 6434 11939 1958 8361 7597 12334 2354 19379 1460 6707 18870 1590 18557 16573 10046 4419 7365 12104 6730 12364 16846 18640 18641 16084 18135 8791 12505 5467 5596 12894 1252 17637 742 14823 19049 12909 11374 18030 6253 17269 19701 6392 1914 3835 17661 14462
10884 10500 17672 10121 5129 5513 5898 11021 1552 16275 7444 1046 1815 19352 12438 14106 18584 16796 19742 1567 14878 9121 3364 13093 11300 19111 6062 1714 14003 7474 18101 824 6331 17087 4031 18497 6851 15557 19018 9034 12746 19661 13390 9038 16592 4302 9554 9171 982 10329 14554 4060 17887 8034 1763 15464 235 15339 17517 12016 13170 15220 10103 4730 4219 10495
7554 10759 1037 16655 19600 15633 6290 11537 6548 1556 19605 8855 1302 18582 13971 11926 10006 9117 10487 16415 15143 9259 2094 16558 4145 9397 16693 4408 5180 15424 15425 2369 16580 2757 5828 12489 10441 10187 13389 5583 12241 14419 2005 9430 6744 9560 13658 14427 4058 5853 15582 16378 12262 104 18024 19819 2411 2544 8563 5237 5623 1913 19834 12796 4221 6783
9472 10755 3974 6790 5385 17426 16019 4883 9493 1944 666 1693 5278 799 14240 11295 19234 18847 8740 12065 5544 15017 11436 431 559 6065 10929 15279 13878 18873 5433 10811 17852 3004 1342 14656 5824 15427 17349 4809 9675 844 461 12875 9045 9046 14551 3030 15962 5339 9562 3326 19298 15203 14692 16868 2277 7143 7918 13294 760 4467 12275 16120 2044 17534
14337 1921 19970 9604 17929 13706 7052 14349 19343 8722 19091 12563 1045 15126 13974 8600 13726 8479 8097 7073 11043 18212 7973 6055 1065 8105 12842 4907 14510 12081 7731 17462 10167 10296 16185 2360 3772 19775 10049 13633 16196 14405 7109 1354 588 7756 9934 3276 6224 17361 12239 10581 11865 19935 10208 16482 2917 359 12779 14445 12782 18163 9974 16119 2171 8190
11137 386 14595 6020 7430 7 13319 4360 14982 2186 1803 16524 6407 10249 2320 2448 9361 12179 7188 4245 11287 16280 4633 18587 1053 13982 9470 805 13991 1323 7723 15789 13102 5035 15792 3887 10546 5042 17332 5555 18302 10169 17851 9403 14140 3529 4557 846 14670 11214 2513 4431 11995 19293 482 19431 6119 7529 7658 10736 14066 6901 13434 18684 1662
2176 385 10757 17541 3336 19337 12681 10507 1816 10904 7834 2073 2842 10788 11428 9766 2343 5415 16167 19239 14379 17838 19249 12982 4023 19896 825 6330 19258 11194 3773 3134 13119 8376 15225 17090 5188 1609 4428 17231 12244 5848 2777 3033 14808 12890 7005 10587 8923 10848 4706 355 16612 18150 14441 14058 19183 8818 16886 18679 9976 12921 5498 5367 15228
5888 16641 2562 17668 9733 15237 7814 2824 14857 8842 5005 15505 12823 4248 925 17182 14622 801 6562 14374 19368 4393 4648 18607 8368 15922 4659 8756 1077 7094 1975 7994 7104 13250 71 19147 14923 5453 2255 17872 14292 17494 7803 14428 2524 7517 9820 18020 16100 8804 8423 13796 15082 1262 13296 11120 13426 8691 7924 19445 7796 19320 1018 2299 4223
15875 2563 11013 2821 11909 4871 15751 9097 10638 17298 11924 16279 18072 2457 2456 15769 28 9118 3872 2082 17187 17060 13986 15399 3629 16431 19888 8879 9015 10298 8507 59 2875 19395 18244 19269 6723 16590 1488 19159 17240 9433 18522 14167 13404 8792 9822 1377 3681 5475 9956 1256 18281 10730 11628 16749 13293 14704 3568 18546 17907 17908 17524 5364 11255
17409 3202 1795 19844 8199 3722 11917 13454 1935 3856 658 17048 793 18715 16028 2718 19102 542 10915 17443 16550 1707 5932 2989 13870 3247 4910 1841 2610 13356 19767 17592 15928 6972 9917 8510 6591 6977 582 5449 5451 18128 16596 11478 15064 5850 17885 18141 17374 3296 2784 7390 4344 18789 13414 5735 358 10986 7786 1133 5230 8304 18675 12152 17022
18048 4353 17410 8835 5122 10629 6403 17543 8321 2057 12299 10251 13712 1425 4501 10134 4250 15259 12191 19237 14118 16423 7591 18857 19115 6577 12594 9780 9268 12598 10806 1208 11322 699 3645 6720 18113 5314 4164 13765 3782 15177 14283 8780 16461 6733 9167 8018 6611 12759 12632 2265 3034 6872 4447 16097 4705 11878 13032 872 2538 7403 6388 6645 14966
13440 257 8064 17156 7940 5515 12557 18831 9871 2193 5007 7057 2581 9750 19607 12952 18457 6042 152 6684 669 19869 8603 19107 13732 2214 13223 9896 1577 9387 12332 12338 51 15411 5173 7350 4149 4281 11710 18882 17602 8900 4036 72 16458 14410 3404 19662 13904 7250 7674 15958 3543 10842 13666 10596 4199 18799 5871 3569 13813 19830 15738 17019 1789
9856 1794 11527 12680 8586 5900 9101 16526 7315 10389 8086 3863 14489 18170 7196 7197 18343 13355 17068 4397 11185 4017 4405 11958 4024 11066 2108 12096 11200 5825 8256 16836 18757 4806 6855 18760 4681 8259 12235 5068 11844 15826 9811 14164 7638 18906 19804 16862 8160 19426 8037 15591 13289 1258 3308 15983 4207 4596 10997 18164 9719 11764 15737 17914 19836
14848 16644 6151 11912 2567 18187 19085 10510 14479 2194 8210 6676 1814 3864 2713 5018 11547 14361 7965 13852 287 671 2724 4264 17195 15660 7729 19123 11448 17977 186 14137 8894 1088 12228 19782 10567 2760 8646 11259 17742 12879 19920 18001 592 6226 13399 6488 12375 6364 5852 16222 16864 353 14563 7013 10471 6248 5865 12523 3189 3833 10363 10749 17023
7426 19590 1159 19976 7561 6030 9360 12433 12693 3477 11159 9372 6432 5922 5539 164 13348 3110 10022 13224 3497 10408 5036 1199 6959 13491 11956 7221 4150 3127 9907 4154 12478 14527 7621 7367 12360 4552 714 6986 7627 13387 15182 14673 19153 12882 3544 1115 16348 9695 13920 7011 5476 2534 7271 11753 18414 18416 12656 12147 19572 13941 2548 12794 11899
2050 17796 6661 16646 11277 10640 12181 19222 18454 13718 13977 18716 12060 15392 16928 9122 12070 17574 14758 18601 13482 4267 18604 3244 12845 13103 11955 12725 18747 10683 6971 11328 12996 7622 12873 7114 14414 16206 17617 15058 7506 17620 7509 8660 9810 7257 13020 12893 7269 4837 19303 16617 16619 13164 15088 10993 14834 1779 4723 6133 8565 3961 4860 6781 5118
15874 16130 16260 9096 2058 5514 17548 5774 6800 13585 17170 5139 1176 285 9886 9248 9505 5666 8355 2213 12583 5675 17325 10286 12978 16310 8119 3384 6583 14138 16570 16831 15809 14274 195 7491 13251 19784 9033 3146 18124 2768 465 8017 8787 3157 5077 9685 8665 4443 9435 17373 14685 7516 11621 2918 13811 1780 7156 15478 10486 16248 4477 4091 4093
2432 9986 13574 11143 14600 11399 2442 12684 6156 4239 11153 10897 19987 12821 18709 13337 4507 10144 1185 5153 4392 10796 6830 6190 3120 17841 4273 8243 7992 15673 18489 11068 10429 16446 2367 5950 4033 6209 13380 10949 5964 1107 17366 854 7255 5719 2781 5087 17250 19554 18916 10856 13929 5868 19564 15341 748 1005 14448 7788 12146 4978 16628 2421 18941
16387 9862 775 17160 4872 5257 16139 5383 13710 14736 18449 12561 3219 5782 8729 4377 40 16552 1578 11562 11180 8365 3758 17840 10928 12082 16947 3889 10549 3512 8896 13120 14150 1608 5321 457 6602 5194 7117 8270 3151 80 3665 3666 8915 18772 14421 10325 11338 15231 1373 11229 18144 3169 1640 5227 3184 1266 9718 17015 12536 6649 4474 18687
12800 15107 7299 13704 10 17290 13435 18065 12566 9239 664 12697 10266 19225 17179 13081 13345 12067 5926 684 3756 17326 14000 18866 19636 5177 12730 19003 6075 8381 7226 5568 67 1604 708 11972 11847 11204 3531 19660 9164 19025 19539 6485 8149 16985 14425 484 9188 2407 13545 16876 8684 13680 11505 10864 2035 17268 18550 19318 19449 12283 7932 13694
8320 16258 8707 771 19971 7303 10119 1800 1804 3468 18707 12949 8598 2967 10393 14873 414 5375 3876 13860 12584 1325 3377 14643 180 9651 5812 7354 18618 830 11969 15682 15304 586 843 3408 4048 15698 16467 11989 15192 18396 348 15068 12255 13277 12254 738 11874 15333 12647 7790 19439 3695 369 5362 12148 9077 10102 4601 15354 16380 5117 1151
18560 18948 1029 15111 13193 6153 3469 5901 14351 10256 16022 12311 13848 17689 15770 17566 9632 1313 9888 18725 9637 12455 3878 13822 2092 10799 19633 11953 435 18617 4925 11453 1988 13767 6095 17874 15186 215 1495 16345 11992 13531 4057 6365 13918 19043 13027 10085 614 3815 9318 4710 15467 9324 3823 7024 7026 1399 10744 18426 11003 510 3839
1920 4482 11652 14981 8331 19854 12047 8849 10008 2203 11804 7074 13474 11301 9125 7462 1064 16812 18605 6957 11567 19760 11443 10547 3891 14775 14651 829 1726 14145 10817 13381 6654 3143 15048 2889 11592 16459 18636 8268 6480 17875 6227 11991 2779 3547 10206 5343 15200 17639 6888 19433 1769 9453 13166 18415 19952 10866 7155 9076 7666 10616 10366
18304 16256 4738 10498 19845 7688 10633 7818 6282 1036 12301 16781 17295 3599 18193 3345 18968 19993 16537 17951 6945 12194 1187 7844 11557 12323 4903 17577 9897 19250 3639 15543 4280 5052 11837 8255 16962 11842 9411 7106 2637 10573 1872 19795 17755 17244 16221 2014 4702 13659 14946 11619 1128 13672 18027 6256 7025 6002 19699 7158 9848 10745 19327
4226 6915 9605 14471 14728 8329 8712 19086 1294 9232 14228 16919 10392 3737 2329 16284 4124 5532 8606 7840 14754 18083 2978 4770 15658 8490 301 16306 7090 819 17716 15923 2231 16571 9788 12348 13118 12351 6085 585 8521 9804 8398 1999 5329 11859 19028 12884 13784 2393 8539 12385 3556 12261 15078 14948 11881 4459 6509 6130 2169 1786
11010 1157 11654 1031 9099 7182 17167 5647 11921 14354 9594 19228 19103 7329 12325 2469 1576 5928 9772 9389 1966 14639 7340 4277 1335 697 2233 14395 15039 17344 7873 15684 2373 10438 8645 9161 18509 591 7380 14934 11734 3802 4446 10462 12515 18277 18918 13287 16232 8038 18154 8940 3182 5104 16625 18290 12532 15862 17786 15355 6397 1278
19200 5376 9847 14732 8335 7830 15895 7321 8605 9119 10401 4257 675 15141 19877 1574 13609 9770 8617 6697 18479 18224 19378 15154 12853 17846 4662 8633 6714 12734 448 704 19959 19652 3012 4293 5572 1096 11339 19917 1104 9301 13275 1245 12663 15587 5219 3813 6501 5995 17260 2413 3824 7793 497 17010 17779 11381 12662 9975 17401 18686
14080 8451 18820 4358 19719 7816 12297 17801 16144 8720 13586 17427 8213 7447 4760 11546 12316 17950 14371 2851 6186 1194 1834 10290 12083 9910 3511 4152 12472 11195 9669 845 9295 7248 2515 2647 2906 12763 10588 12639 5855 12897 6753 13284 19428 13927 14056 2921 5609 4075 10988 15085 18927 14579 19188 10227 5494 631 2292 16377 11643 6143
19073 15235 12036 19973 16134 13449 19979 18443 18958 18575 1168 15249 10896 10511 10777 8602 2468 6566 10407 10023 17706 13994 938 3500 8113 6451 13623 16057 5947 10876 3398 11335 4299 12753 10193 3414 1241 4314 12535 16476 10463 4703 8415 10082 18019 5861 14310 5095 10344 7551 5099 749 11245 13043 2549 17398 15223 3322 18683 6268 15357 14463
11139 9477 10501 17670 12424 12298 2955 5902 12815 7310 1553 8082 8733 9629 6303 6048 1568 7333 4773 11047 2090 13999 18480 19505 3632 4399 17590 438 3897 13626 4922 19262 19646 3262 9930 1994 13004 1357 1230 11475 1112 5465 10841 3165 16229 3686 6887 12904 999 3818 16363 2156 4462 18159 5615 2801 15221 18422 3064 6138 7035 4348
17153 3201 12925 4359 7943 10761 9610 17550 15247 2062 14359 17305 5274 3226 4635 2844 11946 45 2221 2992 12729 14010 9532 14144 2249 7241 17227 11597 5966 10702 1615 19536 5073 11133 7508 211 2900 11601 4815 16855 14807 4697 5336 15321 5340 18269 11358 7901 13792 9946 1508 15590 5607 17384 14953 18156 11500 4591 11385 17146 1148 19197
7041 14472 11533 19353 16285 7837 18078 16800 11553 10658 2211 7586 4003 13350 8998 8873 18858 19370 17964 16939 5677 8621 2352 12589 4526 564 17205 16566 12468 2362 14526 8638 18369 15811 4295 17864 3018 14411 5968 5201 10449 10576 2774 9302 15449 16217 862 1375 6111 12263 11752 12265 4458 14699 10985 14067 8052 18421 18806 6011 14844 14333
7040 11009 18306 13573 5127 14986 9995 17040 18323 3605 9111 8088 9112 18711 8480 17313 10785 6691 16293 1702 4646 12585 2346 1073 15796 9654 1080 17208 5434 2494 9534 10304 15170 7544 10821 11465 9290 10571 1996 5710 11087 13777 342 8663 10328 17503 10977 7652 1253 1510 4839 3430 7141 12651 5739 7147 9457 8825 1652 11640 1401 9083
19713 130 18947 9602 14210 9988 10630 14088 4873 1162 2954 3731 16661 10261 9626 12802 3867 12956 5150 3998 6264 2722 15395 11813 3749 9382 296 5289 17331 9014 15607 19260 15353 14398 15936 17354 1611 13138 10836 14039 4088 6745 2394 19550 15966 11233 10211 12135 4967 19181 11758 19826 16114 3445 7414 12919 15352 249 12538 15485 16382 10751
128 258 5124 18569 9354 5643 4235 2957 12558 273 7698 1307 9116 9245 9851 1056 11684 10789 19108 14244 10919 1830 1193 4774 15019 17836 5545 18225 563 4147 9271 19642 13116 17601 9666 3781 15817 1483 7889 15699 1111 4056 6362 17115 4059 4090 15971 1380 3691 9967 17904 3441 3956 1397 16246 5495 14073 10106 8699 2812 17405 11135
12290 2179 17540 18692 5894 647 19849 4746 17931 15497 5133 17555 13592 12313 15131 9628 5665 293 3621 8231 10025 17450 10540 14124 10541 7471 8367 3248 5680 10032 11317 18231 18750 8387 6342 18631 18761 17611 12876 14539 14928 14034 16851 13780 14932 10326 14169 13917 16098 2403 6245 15851 8813 6893 2546 6642 15604 1140 2166 11897 10362 19837
15872 4230 5382 5511 12683 269 10898 4119 17304 4123 12700 18974 18718 18465 14497 1699 8103 4779 13101 18478 19759 8239 18737 4529 6189 1076 12980 11311 2300 2617 16190 17984 4161 16068 13509 6087 13644 19790 19027 595 14547 17238 19161 13913 11355 9821 8162 7651 6884 12901 9829 19815 3434 16748 8046 16879 12278 11895 5753 19962 1916 13437
13572 12421 17415 5002 16397 1933 3470 911 10767 15761 8211 11029 7448 17560 4378 12444 17054 11810 8486 935 9385 15916 17197 17709 15280 18104 3519 14401 4417 15171 19780 12740 3142 330 5836 7249 13523 9174 19799 8152 10456 12888 7895 4700 16863 18527 14437 12006 3685 4072 7785 3178 8550 11373 9198 9199 14324 5109 3573 11126 17400 15997
5505 12034 2817 2436 7560 14473 16010 13323 2702 4756 3351 17563 4893 9375 12703 16417 13087 4383 4390 2473 17710 6831 2607 8373 312 15289 7481 188 4157 2876 4799 5702 1098 12363 3409 18132 4823 15063 4313 14170 8919 14047 3167 9953 16866 4450 736 9062 7655 1767 18153 3050 16761 7933 4337 1906 4854 6777 891 14716 14845
9091 16263 765 3851 8081 14869 15894 12439 14485 8857 13210 17178 8860 14234 9502 14752 12960 1571 37 3495 10153 17582 6193 2998 14135 13369 8249 13243 6843 19138 6339 13124 4546 7239 14537 13262 15825 7381 15447 9052 13533 3677 606 3421 3933 5724 13283 15077 5478 361 11242 10858 4585 8686 8815 9969 1907 5365 17911 1147 16765
8192 19843 8067 3086 13711 19983 1300 10132 14232 6555 14879 19489 545 15009 14883 10151 4904 5032 7856 4660 1205 14262 10165 10037 6969 3902 7359 193 13122 6086 19785 10445 16462 11857 17362 7253 1879 5847 7002 6747 9309 13406 14558 14431 16607 9055 11105 19557 102 9961 7146 13934 7920 13937 17394 17140 14965 14838 14839 888 10490
2049 8322 8065 1669 4485 11400 8969 17805 6416 10257 8465 13587 14868 13844 6165 14613 7061 14362 16027 9500 8477 18466 15011 8739 19879 15659 15407 15409 3122 14388 4792 4539 15035 13758 10564 19654 9799 19144 12747 9300 3284 344 17884 9951 8416 18401 9187 19172 3299 1898 14826 364 7917 6251 9327 11251 14452 18805 3317 12922 2170
19201 9857 7558 13830 19080 7049 10635 17676 11410 9107 13972 8852 3865 284 4764 4126 10530 7202 13866 19500 812 10285 10028 12976 12337 5807 307 5172 8759 17080 3003 2750 11715 17861 17610 16075 15563 333 1870 18002 16978 3539 10073 17242 4572 10592 10467 5732 10341 4069 5859 16099 6378 1771 13423 16368 11892 19189 18678 12534 5373
15234 4099 16133 12165 3333 3080 3977 10122 13835 11023 7827 9108 789 2202 8861 11680 1057 16930 2849 4513 19750 1575 11431 13478 9644 1712 7858 11570 9272 1850 11706 4292 14153 5834 1997 2383 2391 17496 16087 13528 15067 14300 17245 17247 17765 1894 233 4329 1513 7150 14447 240 17649 11761 2928 8950 12153 19578 5115 14972 7678
12929 13826 17411 6404 12677 18310 9478 18056 4740 16522 18318 18067 13975 8473 13344 7714 14761 10410 19248 16176 2869 11449 18234 17084 4030 6848 2499 14020 10052 10314 17738 15183 10322 851 9555 6613 5205 9048 4570 18779 94 17759 19552 15583 13151 1887 12664 9958 19565 18285 1775 12657 10994 1011 1268 9717 16373 6263 18424 4085
9984 13575 12682 15883 11915 7956 14871 14455 16538 19100 13980 3612 14885 10533 9900 10413 10930 7475 10677 17078 17979 10941 10943 19906 1858 14534 5831 9542 14666 9293 11729 6868 7126 16215 9817 14298 7515 5725 19679 15968 4577 15330 13154 4194 1125 19046 8799 5733 3306 12010 877 5485 6767 12783 19570 6647 2809 16508 6398 7935
19584 3073 9729 19459 15876 17925 13065 12810 6033 15122 11155 1172 12562 4369 23 1688 7450 13948 8993 13606 11943 4136 13480 13990 3755 8360 9517 9391 6063 8241 16180 17335 16312 954 18625 4929 7363 17092 4038 17993 5067 18764 7118 19408 11472 1490 16085 1366 7676 12127 18662 8939 2029 16365 10609 19067 18812 7293 16638 17919
11776 3460 9221 10248 19336 6922 6923 7438 12943 3728 14609 2831 9366 3479 5912 33 34 14501 13734 15911 552 15528 18602 19372 12211 14007 6839 11191 5436 15426 9163 4556 8012 10446 7633 10839 14171 16988 4573 1117 16989 6496 7650 6626 1383 16233 19180 7278 15856 241 2930 10992 13428 5620 13812 8564 10481 13692 5886 1279
1673 8458 6412 15506 7187 18452 9722 7190 919 6552 409 2970 12443 8989 2846 19358 1312 11169 2338 12322 806 13610 9515 11437 6574 14127 7855 12209 16816 558 16568 15034 16315 4671 14529 5186 4294 3528 6345 15692 8786 9689 3071 7388 19166 2142 8031 8161 14308 14438 6636 6254 1776 244 7413 1400 13562 10109 19582 13055
16129 17537 2305 3969 2312 6536 8332 2192 4114 2841 8224 19106 8099 19109 10150 4517 7336 6442 16043 19628 15786 13612 10800 5810 19251 436 1843 950 11830 11826 12601 13629 318 4029 5309 16835 10307 841 19402 16202 17868 6357 12887 15448 2140 4188 3294 4063 11742 14562 17379 18663 7148 11121 14706 5619 8441 19963 16764 11517
3713 7428 10502 12422 14342 3594 16525 1687 7832 16025 17687 3743 1700 10277 18214 16678 10669 12206 19376 12336 7346 19507 6963 309 14391 13495 3260 13885 9020 4669 6974 6338 5318 19527 327 2503 2506 8394 11212 13648 5712 16850 12115 338 17749 4182 5715 17757 12514 9444 11110 17894 5222 18034 11890 17781 8949 6134 12157 12671
8576 14212 13831 9480 4490 16268 11405 12046 16911 19345 913 2328 12701 14075 9249 802 13735 13608 6188 2353 14715 18356 10035 5302 7993 14266 17211 5051 18877 15162 13763 17479 15816 6985 14794 7243 17356 9928 16718 10443 3323 10703 6476 1363 19288 13403 12253 15076 3559 5096 11240 16490 15723 5225 368 16763 6518 889 6395 1276
7808 18305 6274 1030 17288 7562 4109 526 4625 16153 14105 6682 13981 8351 8865 18722 11689 4398 3760 15666 14771 15414 13494 15288 11831 15164 9404 3904 11457 15554 4421 13131 14541 8782 2765 18642 13650 852 14295 11608 2519 1114 6233 7256 10072 18018 611 3555 5606 7913 15978 13420 5999 1778 10354 4598 10871 3451 15100 18430
1408 1792 2949 6022 8839 16008 13832 17035 3982 4753 6930 10133 2071 15385 10524 8352 15015 6952 13481 14634 11176 16936 6573 2088 816 2608 9906 567 3001 17339 3643 6588 7617 6340 19531 14284 14795 4813 8013 12752 6353 2642 4050 8917 8023 12504 1371 5979 3808 15329 17762 8932 14949 1512 9194 14444 2030 887 5755 11005
19075 8323 9223 6409 14346 15371 15627 5773 5772 19986 5779 12178 3349 3350 25 15002 19226 1055 18591 17953 295 10932 10238 10554 18875 12350 19322 9153 17603 5827 4935 11082 18897 11090 1747 4692 18521 14173 19423 12899 12516 5603 13286 10083 11496 3817 19820 14958 4206 11118 19313 13169 10739 14071 14840 16889 16122 1022 13951
17417 18826 3985 1555 4628 10774 8476 4510 5024 11552 4640 13220 19878 19241 3627 15788 5805 1328 4402 18233 8890 4153 10043 2619 13883 192 18624 7360 1987 10436 4035 19960 15946 3277 14157 4560 14289 7504 9553 6100 8404 507 15194 13022 95 8291 18149 7910 13543 19944 8553 17002 11504 882 19446 3958 19832 9211 4220
8841 10380 14092 17038 14094 6671 9619 18837 13589 537 11676 13214 14623 7967 19110 14507 16556 11312 9983 2358 17464 17721 15804 1852 14142 10942 9665 4673 9409 14533 13007 3793 10197 16475 4061 13790 2525 9952 13025 9955 2022 1768 1257 4584 16491 7019 13165 19822 10989 4976 2033 13554 14195 11124 14453 16887 16121 15358 9591
11392 17921 1027 1672 12939 2829 4881 18070 8347 1308 1564 18717 7581 9892 6949 18726 19884 16813 1452 12719 5550 13366 14776 13630 18751 9280 7746 8390 18375 17607 2887 6346 9419 6731 10577 9938 12371 4434 5973 3289 16090 15834 9696 5472 10979 7780 5863 6889 362 16492 19693 8428 3054 880 13042 9971 13304 7165 19071
2690 2819 16772 1798 12169 15114 1419 17932 9867 15630 17679 15504 14 2323 7702 4634 13339 16540 12702 1696 7969 9760 3492 16165 14630 7716 8869 3882 15020 19885 19120 4658 8501 5307 14781 4158 7870 8263 11594 9165 847 18385 3922 4946 16724 11990 10327 3032 13919 13412 11236 4589 12142 3186 12789 14200 18425 18559
16001 2310 12168 5645 13709 1558 12185 2074 4508 5660 13341 16544 11937 17447 19624 13351 7848 10670 3121 11441 13109 11447 4538 8762 61 5053 17983 11456 3905 6212 4037 15178 13901 5455 3152 3535 4694 15705 19802 603 7646 13535 1247 15457 12132 9959 3944 13679 10351 19059 14326 13815 17656 5881 16762 15483 17149 16254
9089 18946 255 2568 6028 1020 2447 15251 9492 14870 7575 19609 12569 16281 7963 17571 17063 7849 14123 7213 14511 10673 15540 3636 16438 14006 9912 1209 8505 16317 19389 6080 12609 1346 10945 3778 13638 17992 11642 16594 16338 9170 15702 16726 16086 89 19546 2267 7640 11625 107 15214 19317 3834 6139 15356 126 17791
16132 6405 19335 1290 15886 656 8208 20 4884 8982 10139 5405 13342 19231 15648 16673 5283 9131 7852 13996 14638 3759 16435 6068 3255 6071 14146 7494 12488 13769 18123 2635 16587 14286 17615 3959 15828 7639 11100 1633 13793 18403 4599 4454 17511 11113 3435 12527 17522 3698 884 3957 16503 2808 14457 11130 15995 2557
6913 3970 6147 14979 10379 19083 14477 4878 19472 13588 5531 2972 17056 5409 10147 15655 4138 15531 941 9902 16430 17072 1458 19899 7100 5182 9791 17856 8002 14662 13385 18251 1101 11854 13393 1109 11864 5337 17882 18395 3418 5083 4958 13273 6497 10340 15204 8427 10733 17902 17776 2545 8561 115 1019 3324 2941 12542
8449 13187 8324 7941 18951 16137 15499 5771 14224 6545 276 18975 15391 547 17059 18344 5416 17578 5038 6706 12851 18228 5559 1338 6459 8636 8766 1343 8128 16065 4163 8132 3013 6469 11850 1102 6737 15955 4051 19797 11738 13532 11741 12766 12764 18529 14693 16102 8042 18796 1132 5613 8812 13041 3828 15477 19961 6782
1536 9218 1922 1413 2825 7435 13324 15501 18063 4368 8466 17428 18069 917 6932 8090 17310 158 16675 12452 9636 14888 4653 15406 1842 19254 5689 19772 702 5439 1345 13634 15303 11982 17489 11858 13778 6483 3025 19925 6612 601 6875 17628 1885 15198 5600 3298 7394 6756 2667 12020 13302 759 3704 14459 3708 11645
5252 18054 9084 9103 17788 12571 2459 13598 15007 9250 13090 18730 16170 428 14253 12718 18735 18483 8372 4406 4796 17858 17350 3654 4678 5833 7927 2125 7121 1746 10069 12119 9688 5721 18782 2015 608 18147 6628 7781 17638 12007 8424 14951 13930 9063 4715 8941 13422 17767 6517 9846 15351 13174 4858 9340 8317 12926
11264 16769 15746 5251 13317 9996 19341 15885 9870 17680 15120 19092 15253 19862 14999 9110 13338 12195 1062 15530 16684 4140 2477 6318 14897 13618 2482 9139 15669 8887 1083 14908 9916 13499 8514 8003 2633 7886 16216 17114 8156 2398 6750 14560 4834 1379 14697 18540 15344 15089 9331 7284 14581 17142 13558 8824 17658 5630
5632 4612 2437 7045 16775 13320 18190 4879 16658 11028 1941 2197 4375 13462 17817 17055 13855 14881 11554 1827 10404 12709 3109 17448 14633 17322 14120 6058 9521 6322 13237 5686 16444 17859 11843 15939 18633 14544 17745 6481 11987 12242 18650 8540 3453 8802 6757 4969 15340 5614 12400 116 19323 3964 3709 13438 8446
7296 8068 10116 12806 11526 10632 137 8844 18573 9998 14097 15765 14103 18331 6428 19105 17826 19112 9006 13358 14382 12463 4016 18229 16309 18615 17474 8642 2631 10184 5064 1482 13772 7372 11728 15187 8405 14166 5333 3292 6493 18146 14180 8677 360 10857 4457 9578 10728 5357 9068 5103 9837 17651 14835 7675 511
13184 6912 15490 12420 9732 646 8455 11278 14991 3218 17043 7574 18843 7835 1180 15774 3491 15908 15396 6824 3243 16685 10030 18993 3890 15155 12858 14779 15165 17600 18118 14406 9159 14921 9166 7246 10704 11344 8401 5460 11736 17626 11482 9185 10593 11618 8296 11369 874 19308 18926 11250 15986 15730 1526 4985 3836
256 14726 9606 8328 18313 12167 8333 6031 17168 4495 1810 13719 17688 2587 15517 2335 15136 9376 8997 17194 19117 18227 16051 15156 19510 2483 13497 11197 2880 4928 16455 12744 8649 15690 9927 13128 4559 3536 14548 11094 8282 10715 5086 8032 18534 9575 4198 3049 2920 8039 2924 4333 3821 16623 12531 18804 9466
4102 6665 8076 14480 10384 19731 8468 14875 10274 15394 937 13739 7084 16941 3757 2351 11184 5549 7726 16179 5678 18486 12087 14519 1081 12474 10170 5943 11584 4290 16708 70 8774 4168 18891 5842 11988 4185 6491 18011 10460 5088 225 14176 7523 11748 4070 15465 16366 14831 16635 16884 11253 6004 8185 8571 18174
3072 6914 19846 3078 18568 5001 17674 9482 2060 4243 4758 10648 15132 9757 16542 17662 16935 18983 14119 16937 4391 1453 17968 11829 2492 10302 17343 4802 1986 3524 7112 16715 15823 9935 7635 13524 19671 4186 731 2908 3805 19422 16351 8671 11745 13281 13667 13155 16237 2285 10477 5745 14321 11638 14584 509 17918
2561 2177 15363 10245 15369 19722 13450 3593 16909 3341 6544 3729 5651 10772 1173 534 7067 3356 13469 1181 8863 10016 16418 10405 8615 11560 2985 15914 12331 14644 10934 12855 18871 12471 10935 3002 18758 16839 12234 9292 18381 6093 1752 3160 10202 9948 7391 5477 17126 4074 6770 2420 4086 8695 19448 13177 16381
5496 1543 19850 18058 19984 10130 8083 5527 6040 10652 12576 16034 2083 2086 6950 8743 13484 3886 19375 5167 6191 15029 9143 17337 19897 19770 4283 11581 19777 17348 14660 11334 18374 15814 10695 9157 8520 3533 8525 14543 18255 10459 8035 11366 14314 9323 18029 6510 12653 16241 8948 4724 17144 5370 9723 13820 11518
6277 15366 1927 9737 13194 12554 9611 4621 10001 12565 5272 11163 17565 5791 160 14241 16288 7210 9395 6584 11321 10557 18494 16961 15810 17732 709 2884 328 14536 18634 6091 6732 6475 6865 13137 4563 11350 19287 19416 3415 5466 16731 3549 9823 96 13291 16235 3055 6001 18930 3574 3960 9082 14203 17150
9216 12673 15744 16771 15488 5120 5765 12164 5896 14601 9745 18842 15261 5151 13091 17071 9009 1459 16436 8629 4666 15675 17085 15037 13121 12226 11716 6084 10694 16205 17870 14030 2898 5203 8532 19541 12374 5846 11349 11770 17631 10719 9827 13157 19174 9957 7915 19309 4205 7535 6640 9075 14454 18938 19195 14717
15104 7809 16777 14217 13707 9994 4877 5134 18830 18574 9359 7325 14749 13727 3744 3487 19749 13605 19626 8749 4528 19763 691 7606 313 4537 9918 2751 12482 17093 14407 19528 2248 3401 4555 460 5581 6351 12112 5202 9427 12629 13148 6621 351 7265 12646 3303 7400 19178 8043 13933 2032 11254 11511 16760
1024 12160 4483 11147 11151 4240 6801 9616 1939 3607 9624 1306 5533 18595 19620 10107 11050 4908 19887 14129 2738 7218 5300 2230 16311 10295 5178 10692 5830 7623 589 10320 1625 17372 13276 12510 18911 12027 8673 14690 2274 16870 15849 15850 11243 7530 19949 16877 19695 10732 15600 2293 15991 7417 17787 19838
3840 12670 7172 5768 3081 12937 15 10512 16402 18969 13465 10398 17572 1573 11430 807 15912 2345 8745 4011 6948 6967 19645 17853 9026 12611 3780 1992 713 2376 19787 6219 7375 6610 18646 5209 7769 17499 6622 8287 4322 9702 6505 5358 6511 4977 15090 1651 6005 1270 9845 10105 10492 16637 8702
13056 17402 4744 17803 7695 1936 6289 7186 8463 15766 16794 7962 14620 14876 18464 3107 165 18984 12713 5291 2604 11565 17714 14642 10163 4278 17599 2626 3779 14403 1349 15438 8272 8916 6869 11481 7258 13019 7899 9568 7140 3301 19942 14825 11114 3693 3309 6769 12659 15349 15990 5110 1274 4859 6653
896 5506 2308 15622 18442 17164 12173 3725 8845 16913 401 19476 539 13211 17693 1569 7201 6051 2081 16037 11426 17959 4654 17456 4018 11186 4020 11572 18743 15033 13753 13375 10559 1731 8906 12367 6867 6740 15190 1880 2521 9051 6620 11613 7006 2523 10338 12771 15592 7916 10476 12012 11631 11260 8701
17283 9603 8070 17671 10889 7817 9229 16398 17552 144 16914 13332 11415 11803 19487 1311 19873 5411 16677 4518 19495 2217 10797 10289 2866 5170 10548 6836 16823 184 57 5818 444 6717 6719 7238 4298 11723 10062 2895 19665 4817 9940 2517 6358 18136 16472 7134 4968 2537 5993 3052 16117 6266 19452
4480 7936 11140 18949 15878 17544 11784 5646 5263 784 17936 17297 8979 7952 12826 18074 2076 10532 19754 12715 2863 16432 15668 18997 55 12088 6589 9407 19135 5056 6908 10182 12743 18942 2000 11345 3156 16213 5082 17629 6877 5217 9313 9830 16358 3302 13544 3310 18033 4475 18037 17275 8188 11773 12669
11393 8838 7815 17032 14854 11783 4107 19980 4751 400 6546 15509 6550 19480 5144 11035 18203 17315 15140 7083 2479 10159 12849 18226 12466 10288 18491 13501 190 11332 710 18247 200 18506 19916 16719 12240 16208 15445 18012 8542 2271 6110 5729 10207 3043 6500 4709 19943 14824 8562 6643 372 11898 19579
129 17025 10625 17414 19082 1163 5388 12942 1679 5648 16271 19730 277 12183 19737 11801 3099 5276 16797 670 7713 17446 19751 18097 15282 1331 11319 1336 7607 1468 7103 705 12995 19396 18117 11337 10057 5579 11598 2386 6738 14806 11866 11485 4445 17508 6630 6761 11885 13425 7665 9204 19447 19704 636
19715 18181 10374 16903 17933 14861 6415 19344 11663 7184 17171 5908 5397 794 2716 2206 14114 14330 15014 10663 6955 3374 1455 14512 12465 2735 18487 4025 1596 1982 9408 17089 11970 10819 840 19278 14161 16082 2008 16604 19806 9061 15206 15462 14053 3177 13674 19563 12139 12141 13805 3952 3450 6141 12799
1667 8325 2569 2059 7307 19087 7442 13976 15772 9246 4255 18981 10535 5160 14762 7850 5935 6064 8495 2232 2810 1339 8892 19774 12863 1598 2684 14531 15172 15941 8260 5190 12748 1869 17104 15056 4433 11352 1497 15323 14812 8795 10717 11743 5986 9195 12525 15854 8560 4852 19065 6010 1787 8572 5759
1540 16518 3462 15498 12435 18455 3481 16160 9889 7845 11817 4265 13483 15149 15920 17586 179 2099 14773 11190 13751 9270 10297 2105 3385 5561 18493 8118 15935 6079 11203 10951 583 18505 3537 7761 8403 16469 13017 4699 9054 15967 4963 14821 8166 1515 4843 14574 15984 9841 13810 4083 2168 13305
17152 14978 131 5895 12936 7691 4492 13 9614 12431 9105 10003 9762 1831 10539 2734 9135 1072 1718 12089 16060 63 2241 4674 18499 13506 581 11719 1224 10055 8524 6734 4690 17107 10966 8025 1755 19676 4955 2654 7907 17380 6371 1126 16361 12393 13802 6255 19825 11634 3825 12277 247 16383
16640 17795 263 4105 650 12560 6034 14355 17045 2070 923 7457 18084 5924 13095 11559 15146 12330 173 14256 15541 11061 2111 4159 15560 7240 6860 6861 4045 4047 19792 16080 2771 4308 19034 8411 5212 18397 1501 5211 15578 3293 10852 1260 16620 10738 12019 17397 11765 15095 8822 13946 1660 3198
1154 8966 14731 1421 13584 1170 3861 15384 15773 18079 12063 19617 9635 677 16806 5925 2600 14377 6185 14506 6053 1196 15151 15791 19761 9392 5552 4032 12993 6210 18372 17096 9032 16842 11596 15569 14290 8406 11223 16986 10586 988 9692 12256 7136 7524 19302 2288 1905 19444 13685 3449 17530 9982
18432 8196 12808 17418 7563 5517 7437 5625 11792 786 10131 17044 8723 6296 12955 17436 8095 19744 13473 2726 11687 8104 5418 11952 7217 11444 11962 15548 4285 10174 10815 2625 9156 3532 3918 14927 1619 4696 12761 9439 13538 5994 17899 15342 16750 16112 5616 18035 7541 15864 10617 18171 11132 6271
18816 3717 14345 17161 780 1806 17939 15639 3992 3995 15387 5661 8862 11807 13472 17699 8484 1319 7079 15657 5546 9386 13227 5288 6441 7983 14769 5308 16705 2627 6468 8899 12102 8138 18635 19923 14420 12117 1494 2775 16344 7383 7254 8672 8420 12520 3948 5996 14451 4982 16506 5371 12156 17789
11267 19717 6537 18314 138 6284 10763 16270 14350 19473 7060 8597 14487 14746 18330 668 12066 3108 4262 7463 2858 4144 18482 14258 3378 8116 19894 11707 17469 14654 15551 6853 13130 335 6739 340 16091 12408 9314 868 7398 10984 11499 14061 1518 12402 12404 13557 1528 11001 13947 127 18813 14847
17026 11011 6021 1158 13689 3855 19218 7570 3733 150 12058 19485 4125 16414 12704 9597 17570 13858 11173 14713 18090 7212 13741 942 8112 9778 16308 8244 2741 19898 15419 16059 3518 11198 4930 3652 12356 18759 16330 8397 722 11347 10452 9429 5592 19709 602 3046 18026 16113 8693 18041 5629 8319
3074 4867 7301 11276 13964 18191 272 12182 5657 5145 156 16029 19741 5281 546 17058 14116 10913 16551 2471 6183 13950 10412 8236 1710 1587 949 54 2999 13247 9286 8392 2510 849 16852 15833 2010 8283 13405 15713 14306 16483 12898 10087 12009 18282 11375 13808 18161 2163 17523 9592 17529 19710
1793 10242 12037 3591 19720 19465 5767 17675 16523 5516 14862 7441 6292 16789 15893 18964 14742 5268 10902 16667 15516 8987 15135 8608 12835 1063 18216 9769 11307 433 689 2740 10555 4667 7485 19263 11072 14016 1602 16841 9679 11219 17625 10846 15327 11103 5985 483 9064 19179 2161 11508 4214 7291
10883 1924 17157 17034 6539 268 17421 15116 15759 3472 18965 19864 14368 19361 16929 14370 12832 6309 17319 12711 298 17451 8234 10667 12207 7488 1218 6594 9155 19271 10697 15051 3149 2128 17488 13776 7636 14549 19542 2136 13915 1756 16349 6107 12896 9058 15205 1384 1519 9334 6137 11772 1661 9214
7810 12931 18693 9338 10762 8075 15243 11665 12820 16282 10908 16932 12073 811 6572 13229 3117 12077 948 2616 1340 9789 5315 18116 18630 3658 15819 8908 11213 5714 3923 17236 11732 18134 3158 8793 476 8288 18785 1637 8934 18278 3432 870 4970 14827 14189 10093 2287 10868 11893 8570 5883 7294
10882 11269 2184 7944 19210 2189 10254 4366 5520 14104 8345 3486 14751 18208 1698 4133 1703 2728 18473 426 427 1448 4524 1917 5295 18867 13364 7605 5301 10803 10808 7608 6970 12220 14015 836 16582 15687 11848 201 18889 13259 11726 10580 3031 16732 17506 16875 4334 19575 12026 15611 19965 8958
10499 389 2440 2700 19469 6285 12049 6678 1047 12694 4891 1439 7584 8992 931 10276 18469 17575 6184 1449 9642 13225 18732 12072 688 8882 15667 19253 17847 8631 10431 3649 2242 5191 10825 14156 10956 6608 10321 1745 6996 19162 15450 4316 16990 11614 5987 10853 9584 17267 19707 19324 5758 15743
16128 17538 9219 2948 12933 2064 5266 920 5400 18585 9499 19740 9633 1828 1189 2084 14759 2216 16811 686 14260 11445 4021 19127 823 952 2623 19520 16579 18628 6467 3448 6984 3411 2389 15832 12377 8536 16219 4068 6502 6503 5742 4079 12144 16369 11376 13171 11637 18552 11129 6909 12798 16639
15105 18182 11014 6795 18572 9741 7820 9997 2190 8337 2195 15636 2968 11421 14238 30 6304 5663 4643 35 15398 424 5033 300 18095 12724 16058 6206 16319 2753 834 1219 4422 7629 15439 13395 13652 2388 19926 10838 15199 15456 19168 6117 2533 11626 18923 16107 8683 753 9332 16631 17912
19587 16648 13961 654 8980 12948 12951 9880 4505 3996 11549 6814 11294 11681 12705 7715 17321 171 15917 16303 2481 7347 6199 10039 12346 5949 18110 17342 9282 13635 7234 3395 10308 6088 17101 11853 14159 10189 12379 11867 2782 4833 8036 4073 2410 4077 11757 12914 13301 8184 890 6267 11775
16261 12166 1420 18957 7949 271 9618 16531 14611 15379 7828 9878 2324 15258 11038 7839 8478 3234 13347 18346 16555 1450 14767 10161 15415 17720 16316 18880 15553 5958 17991 2247 7879 10186 19020 2130 2387 12116 11095 4567 8026 5085 10975 13279 18533 16486 18920 14062 17393 11507 18934 16247 4479
18697 9226 12043 7434 7692 2066 10642 7323 14364 6940 16413 10529 14242 17830 39 16171 4655 17328 10940 2877 16189 2364 2752 3520 12736 18885 18120 10316 5838 13263 4944 1236 19029 7771 5983 4576 16865 5216 1893 1254 8295 13034 16108 4460 17265 4850 17011 2291 2933 11510 10996 13560 10874
1025 9345 14469 18694 14599 3205 19723 8588 11279 6680 8601 10779 5275 6435 1188 9000 15018 5424 7734 18744 17978 16828 12093 16958 7358 3650 9923 11077 9541 10953 4554 13003 11595 2507 5325 19151 9040 2134 1239 9432 4829 17248 4962 1899 5361 4466 16755 8820 13429 14072 9210 8956 4734
13312 11265 643 16902 19975 9481 10127 11290 12829 9374 9885 18590 15265 18082 19619 17700 7331 8994 17698 11819 18734 305 6965 10550 12470 4921 9661 7236 16710 12358 10440 13383 75 8396 16463 1360 2896 82 730 1499 7772 17886 10210 19175 15209 17641 1387 12778 627 2931 4603 13309 1791
14593 18564 5892 1033 8713 17422 11790 4238 13202 16660 1428 11798 2455 16408 7191 7711 10656 8607 418 4768 11049 14890 11183 13232 6704 1206 2359 12984 3257 2107 19006 11583 10561 7875 11974 8136 6474 11083 10444 6606 9551 980 14038 6112 3810 7272 3433 9706 8811 3820 19437 17654 14968
14977 2818 18691 8581 4614 4488 8970 3210 397 3597 8975 10770 3475 12950 16412 11932 10141 15010 1059 9634 9641 6317 15536 4400 19638 17591 8506 3387 3644 2493 2368 7362 3396 11975 17997 5587 6230 7128 9057 16995 12389 18406 8549 14954 18287 1904 12271 3314 4212 375 18427 2046 14335
3716 19206 10895 14481 4882 10515 16403 8981 6547 11544 10265 1177 3993 3873 7459 10661 7590 9513 19245 4914 10166 2871 4411 3399 10698 3020 17229 10574 16335 7500 3029 12502 4821 14044 18013 1502 18910 16479 5469 5470 4222 8426 1134 13681 17009 15092 4853 246 16758 10873 7034 15484 16766
14851 2182 15880 11280 16785 6417 13205 14486 1943 13725 8481 18988 11054 8753 5427 12852 19381 1717 9528 8380 2749 2110 5823 7876 10053 2886 11721 15948 14797 13902 975 5584 2254 17877 1110 3541 15960 19418 10214 230 8696 1130 18924 7020 9330 8306 19956 3444 118 5747 6776 9333
13570 10627 7684 1544 8462 3343 18448 16530 6293 6821 18470 10279 15272 8489 11178 13099 11439 16817 18354 6195 13748 16182 1463 15927 7101 15680 3008 962 7233 5189 17606 16581 8777 13258 4425 343 17497 14297 4827 16220 5214 18788 19686 14950 11498 1390 7919 10863 7791 4340 2683 17532
16259 904 8334 8974 13461 3222 3862 12184 2075 15519 161 1186 4129 8996 10916 680 14509 3633 10033 8504 1465 17850 13115 19002 15803 17596 11193 2104 5435 7877 3017 19534 10065 3538 6231 13912 4824 3290 219 15963 9180 19296 17893 18917 6629 6637 15728 12274 1531 8957 2942 6655
11008 3456 6662 16649 14219 3857 2068 11797 3482 18721 18339 16419 10790 17705 299 2987 16046 7728 7601 13621 19641 12862 11587 16198 2375 10310 17097 15434 8265 1612 1614 81 19922 11351 14555 861 15711 352 1121 12644 12517 11365 11367 11112 10599 876 2414 14325 502 7030 5621 508
769 8582 4874 16651 1166 19727 16142 7697 18066 147 1299 4371 5525 6673 14358 412 10396 15005 10270 4775 10668 18477 12592 8496 10291 18357 5045 13624 5688 13756 7743 16960 5569 16965 3270 16583 8783 11217 17880 7513 16600 18139 990 18914 3941 8170 3053 14192 6897 8566 3832 2303
18309 17798 7686 5641 13578 4365 1298 2578 15762 3991 7461 6315 17837 5165 5679 4146 14516 13493 14261 14004 6840 18235 12227 203 19405 19024 8273 12024 15320 14040 19420 5468 8157 8800 17889 3937 4835 10980 5345 8165 1896 16745 18922 19436 4846 4720 19697 3954 2679 2936 8826 8443
11648 4610 5380 4104 13321 4361 11273 11660 11019 4106 12172 5136 7571 19732 7572 19990 9879 8732 11551 2721 12578 5030 10406 18222 13616 17458 5171 9140 2614 5310 9535 833 9926 14281 9422 15059 12501 6742 13911 6104 15836 10333 13789 6879 7648 7904 9831 2162 7412 19062 15992 7934
13058 1418 2704 9362 13206 17303 18840 12953 540 6942 16032 1955 3620 2725 3747 10157 15918 19119 12208 19509 3767 1976 9146 4795 7102 16706 4933 11720 7498 973 17485 18127 15949 11985 16211 7382 15831 14936 3161 9175 15588 8164 5094 5617 757 7926 1525 10229 2937 7925 9336 4478
7433 10508 16916 6933 13078 8342 19611 2588 3870 19359 19871 18850 8614 5503 17449 940 1326 15663 6575 18102 13882 1082 19644 572 17854 703 5951 5442 17731 5700 18762 10699 10954 10831 3663 7247 15571 15572 470 18392 15359 16352 18022 6379 11903 1007 18929 3058 7668 16251 18815
16515 902 10247 9608 16138 14733 14993 10641 10643 12437 9621 1820 14365 16161 18219 3116 9643 16814 13104 15795 11316 13879 13496 12857 18107 5819 10173 960 65 2497 5059 14532 3525 4549 17739 2511 9556 14165 1749 13657 4442 1116 6237 12513 2018 13411 13159 6508 7276 7277 19703
19202 5378 6667 15500 17037 17553 9233 19860 2325 2326 6041 14235 4252 7203 19364 15524 3245 8877 7857 14898 19892 4533 7351 19004 19388 4540 5185 15429 6597 18376 11208 17612 7164 15576 8027 3424 19681 4065 101 14439 16488 19689 5738 12138 492 6895 13555 13819 124 19966 16511
19456 6017 11778 17667 15758 13845 18966 6807 14997 278 5789 7585 8354 15397 12199 167 3623 19000 5176 18874 10686 3006 5184 5696 11330 14661 4046 18511 13264 7125 4053 15577 729 14045 15073 12648 9705 11370 14313 106 6125 19566 8047 8944 11248 9328 2670 15608 18811 8316 15101
7169 13954 17673 10768 16018 4499 8220 2333 7966 1441 4132 4776 7081 17962 11820 15661 3504 14900 19893 15925 1974 4151 4919 6203 9406 11205 7237 5061 14282 18507 19788 17106 5971 6997 12118 15574 2013 17118 9441 354 3942 16487 18666 13676 8945 8307 7411 758 7033 15226 10237
16519 905 10636 11788 2830 14735 4110 652 2835 4500 18839 12056 13207 5656 3228 10014 3363 7974 13357 944 9776 437 6201 13372 6973 16062 12223 6846 18881 18119 9545 10313 7753 19919 6992 5840 17748 18648 11486 13023 9574 13417 12269 19311 242 4980 12405 10357 2040 3578 16507
7168 8194 17027 8709 8843 11531 14992 19090 17557 19350 13717 14998 8089 2330 13590 15904 14369 5792 13607 2857 17455 1583 1330 6198 10939 12988 13245 2491 12480 6081 2500 18890 16331 10315 13903 17360 13520 11091 19800 11098 15451 1503 12640 19810 9060 1001 18411 10219 8171 1653 18168
0 18435 1928 1801 9225 11148 19734 19351 7198 6433 1826 5668 19365 5157 8871 14632 5671 2860 6446 7088 18996 6964 17719 11064 2234 6074 12604 16577 12872 3785 4042 19915 13388 15311 8015 210 10194 14036 13139 10455 19033 90 19931 7900 5213 3048 1129 7792 13943 18810
8961 10371 8964 19208 649 9483 1041 17938 4116 8853 6422 5781 11286 7964 17696 8611 933 10792 13485 7085 2172 3640 10044 18114 9540 12229 9932 19921 12626 9683 11604 13269 8661 12247 5084 2783 17378 356 740 5989 17127 12777 8810 9834 7017 1902 13168 14074 13051 16252
4994 11906 8836 12418 14091 19212 1550 6928 1426 10005 18460 8734 13215 2719 12580 16934 3881 15787 5419 12333 3638 16567 15544 10679 6712 15934 8383 14148 11333 10311 7495 8648 1108 3927 4575 12000 15458 13539 14694 19688 616 7533 13167 16498 10867 10231 7673 251 15742 15871
17285 648 11529 2836 9876 18970 14877 12319 4127 9759 16035 13092 8485 7718 12074 8874 18348 2220 16686 8876 5936 49 8624 7854 181 3383 7864 4536 12094 66 17475 13126 17996 7373 4688 1105 5075 4819 7767 4952 13785 18267 16603 10215 8681 8938 12272 4722 13940 2677
12289 17282 4098 17412 2053 2695 16395 12555 10128 1809 3089 145 19348 9850 14488 11420 11423 10794 7853 16304 16689 11568 12854 8123 17597 4286 319 5055 17730 7620 4430 18768 4087 2516 16468 7124 2263 11354 5981 4195 12773 19692 881 9585 7281 18677 15735 7928 19066 10877
12672 14338 5250 776 19853 5389 12944 12048 3346 403 15121 2331 3227 1957 15525 15781 15784 7209 16429 7982 2609 2867 2995 15028 15546 15674 10813 18756 19655 1223 1736 7120 17234 19283 14294 6234 19164 3420 17246 3935 4957 19809 11357 7782 13161 879 15087 3185 8180 15612
7694 8336 11024 19858 17685 6421 15640 6170 10525 6688 13346 10537 9899 11948 2223 1584 14895 6066 8242 6325 183 19394 15176 15688 19021 17613 1744 11603 7894 13401 5978 13147 11868 6881 8930 9570 16613 16103 1772 13549 3057 6641 17012 629 1269 18549 7672 18297 8309 13310
4608 17159 10503 11275 3340 19470 16910 15248 16015 8983 17819 15907 6308 549 8371 7093 570 13370 12222 13760 9922 18883 4675 2634 6349 10191 15312 4309 18006 18393 14299 8028 16733 7775 2785 8547 9828 998 5864 14312 3438 10862 12401 6129 12915 18548 16756 8442 13180 18175
17920 13827 12552 17162 11787 6413 5006 6798 13715 12052 2963 16535 2200 8218 18458 19356 16923 2332 5662 9244 4638 5916 2594 16038 6705 5044 17848 18236 18364 6335 2881 1221 17490 4179 6810 18520 12892 15973 2793 18288 18418 16242 2164 8181 17014 2550 9074 13053 1534
12293 8837 9 11786 6924 5261 9868 9100 15377 3601 14867 1175 5399 11417 19357 13471 1440 12708 2340 11046 8870 1320 19753 172 1708 2990 18994 12210 9530 16449 1476 6725 9800 15945 15052 12883 5717 14426 10720 16997 18919 9320 9832 9451 17519 19184 4855 8953 2301
15873 4609 11653 1291 536 15128 15001 1304 10905 17050 17051 32 15267 10021 10917 16808 14121 12458 6832 12593 13874 10036 3509 5305 12218 12602 10428 18621 4797 16321 14788 9798 8391 2121 1613 5198 4175 15824 5709 9044 3671 7645 18148 15717 19060 11514 12411 18814 383
18565 8460 13197 3981 8207 9365 665 17307 5406 1951 1316 19752 13354 18989 16050 15031 10681 8250 19901 4162 12486 2502 13256 11849 17995 16334 4943 8016 6352 18770 464 19285 5974 15961 1369 10203 18271 10723 3939 18793 13292 1261 14702 495 2286 8437 2552 14586 14591
17155 10243 2307 5764 11524 10506 19346 7443 1938 3606 4888 16921 4896 417 6819 9255 5927 11306 10538 14892 18860 4780 10927 13362 15794 9142 1847 8377 10172 5441 14913 17734 6343 4553 16471 989 4448 2273 17891 12791 19560 18410 15724 15472 4336 2290 15347 3447 11256
11522 1411 2947 6023 13705 2698 19339 13326 655 10514 9109 12568 5528 2458 19354 7453 15518 2852 12069 6569 5674 13868 14381 6960 17457 1333 1078 17082 18878 15167 3007 16193 3777 712 6603 8140 16207 1364 10331 8668 10721 18660 875 1391 11888 1008 8057 9213 2175
16893 1285 7687 1289 15628 3471 19728 11536 22 12055 13591 6426 10523 15780 5286 10283 8492 2862 14255 7087 8884 7220 15030 15159 1334 3129 7096 12727 9276 11128 8254 11202 13771 14540 7116 10319 18516 6232 9816 5208 14436 9701 16230 13044 2167 6904 253 18045
17154 3459 3203 13061 11525 13070 7446 9371 1566 4254 11168 3233 10145 4128 12964 3365 10662 5543 7464 3371 18352 11836 19133 3646 5181 3016 1232 13521 10834 9425 4180 8022 7897 18268 16095 1761 9954 5731 10724 19304 19818 11116 16624 15860 11639 16633 18554 7423
19712 5249 7298 12674 3076 17800 1929 10383 14226 12436 17177 10272 8483 16549 3494 11818 7851 14896 15671 16952 191 7235 17476 3273 13005 2638 15821 5069 3410 14293 5338 17117 10973 1759 15840 16739 19812 8936 12524 5100 17775 13683 18165 13173 9462 5497 252 6013
2688 11782 4362 11662 8718 19857 1430 14233 16410 10778 19738 15389 4001 14249 13097 2729 14647 5560 7741 1090 17477 17095 8010 15947 1743 10971 11227 12380 12154 4192 9697 8674 18915 6244 16234 17003 10603 6515 14580 3955 1910 2551 2038 1657 7290 10870 8819 16253
3200 14724 8708 13189 14855 8711 15754 2570 8587 13069 1422 4113 7700 17941 12695 6681 8094 10526 3488 12449 13740 3373 15023 3380 308 18740 4165 16838 9672 12880 13270 10454 18137 1370 9049 16996 6374 5479 232 14315 5611 12908 10096 13303 1527 16379 15996 17406
8832 10756 19334 7174 18186 906 13838 910 15892 12057 16666 3741 7709 6815 13216 1953 17442 3102 15775 7842 19886 1071 2097 4657 16819 13620 19900 11965 10687 7744 8643 17735 19399 4296 10188 16973 8654 2641 2395 4571 19300 16359 5223 10987 15213 7022 13178 4988
14594 12548 7173 5125 13063 1416 6408 16907 8077 13837 19855 2065 915 16020 8340 17815 15897 11548 18844 10402 9763 16548 685 19506 565 17081 10299 3900 9667 15173 5320 10829 19666 7890 16342 8280 9307 12381 17255 2791 15722 14828 10860 14191 2159 5879 13817 3967
18823 6921 13458 16404 14231 4120 15771 16543 1823 9631 9890 6701 14254 12975 3376 18609 17970 178 6323 13360 15926 9782 11573 15168 16195 18373 10566 16327 8019 341 1881 14687 19424 6367 2275 741 2024 15337 2412 19441 11762 10225 17526 632 19835 1406 17279
1152 19978 19594 1429 407 17431 7070 929 8226 17827 15144 6057 1704 17967 946 10936 13498 13889 5698 18371 19524 2117 1733 8519 12108 10879 19026 5461 598 7766 8277 12382 9569 18402 13029 10725 11750 7532 16752 6768 3696 12533 9590 8312 5242 18043 12031
11141 11146 14603 17804 16653 3348 3096 19481 17822 19230 7072 13729 12575 10020 5541 6312 683 8878 11699 17077 15678 9279 18753 8898 9154 16713 10569 2762 15820 3917 2512 13012 11092 6105 19037 19294 13663 4319 19169 3423 17004 18928 2160 14576 6131 4861 18303
4611 10118 14729 2828 9873 12442 7324 12189 1694 17440 6305 5408 8866 4388 2602 555 7468 1582 12977 19634 1074 4665 9786 574 18367 8257 19779 18115 19012 12483 5060 8644 12614 971 2124 12877 9931 981 14041 9561 15460 12394 3051 13806 4975 7288 19577
6272 9728 11911 8327 4489 12176 10129 4754 11030 3224 15514 1825 12451 2596 9893 18213 936 5673 5672 7595 2807 9266 16053 11450 18748 19137 2114 13513 15050 7884 16975 15442 10582 15707 12637 16350 19173 7270 14567 9448 9190 9322 17515 14700 15595 17143 637
12805 2439 9098 17291 19084 18447 3473 2577 9491 3860 13333 6173 6558 10911 12581 3493 17579 17454 815 9519 10545 818 9905 9774 11059 10938 17347 15683 1351 1991 2761 13133 334 4687 8785 19796 10712 15193 475 2652 6623 4328 18409 12787 12790 1016 5631
13701 12679 3980 3214 12814 15124 6036 11541 13721 798 18593 14626 673 16163 4259 11824 17073 7730 5813 9145 3130 17598 16575 10177 16324 1990 204 16593 12376 12889 4953 15452 15069 3038 2143 480 19427 19053 15086 15597 14318 8429 752 4851 6261 7032 15227
9347 6150 135 1415 18060 912 17818 17306 413 16031 17184 17829 678 11433 1322 16683 9261 12973 10160 9011 3516 11324 5954 4931 9030 9288 1226 2763 1998 10323 5331 856 14552 3036 5726 14179 2531 2662 14311 13416 3947 16109 5233 5236 1273 3579 8829
5633 4743 12935 8967 12306 6167 6302 18091 17580 8237 176 9904 10418 9777 16692 1845 17723 1853 1470 11199 13248 4034 10563 2244 10693 8004 3526 5704 5447 2251 14415 14935 13272 13144 220 13662 11491 2278 9576 9452 10861 2417 1523 8694 6008 19706 12158
3715 11397 7813 264 4363 19599 5649 9235 1813 663 11289 3610 5147 8859 8217 14886 14504 2859 6059 13997 9005 18353 11825 17843 4917 11709 3005 1730 5319 18005 9557 7003 11612 15072 16228 7653 10598 5605 5224 5228 2669 2416 17777 7667 1267 7287 14718
4224 11271 3721 14090 2571 4618 5132 1934 3984 5911 7836 14880 2208 2080 13731 9256 18985 11434 17965 15410 2997 11451 15299 2505 17355 19407 8784 13392 10961 5713 19929 4315 11869 17655 7009 4451 10480 18673 8177 4729 12917 8821 1143 8182 16249 2939 2940
9344 11520 16899 5507 2696 4234 19220 8084 13846 8728 5919 4000 13349 3752 681 10282 15275 2864 14899 11960 10937 9529 2624 5953 15298 10432 9668 19014 9306 13407 3042 19683 12643 12903 1643 18028 6127 14449 7153 15858 12540 9589 5750 13431 13433 11388 6399
15617 15233 11266 1043 6423 6009 1309 5790 12961 8999 18986 5930 15404 7981 18223 17713 5299 9273 12475 19131 9660 18111 14272 16322 6466 2245 5832 9423 14545 10705 14291 14675 5594 13536 6625 19684 15332 15598 19958 8439 14582 505 6006 4092 15613 14590 13695
14592 16136 5512 17806 16656 16912 4624 16148 7573 12570 5407 4515 11944 13098 11696 15026 1716 6072 4282 3393 13377 14019 5571 7496 7497 5450 16203 14412 6987 15951 977 19794 19581 4189 16606 9950 14816 19170 9446 18535 3437 4983 2296 5627 1021 7295
19968 6275 18699 5650 16149 15254 662 5909 921 19616 16545 5284 11174 13479 1960 3240 1967 15153 9010 4661 16951 16184 9400 14521 1723 11968 11461 8909 5967 18133 6489 4449 8805 2663 19305 12906 12907 110 9072 16882 18038 3191 13942 3963 6652 14973
8069 4742 11270 14352 12305 7314 17173 4373 15768 11292 8221 2595 16424 16553 7341 12974 10162 16055 18999 1848 12856 1210 3771 6458 3647 15297 3784 13899 16972 9808 18769 18898 14930 7505 14678 4959 18528 10591 6116 18151 5736 12392 6386 6907 9342 12287
16514 10244 12550 5256 6155 3598 6543 6037 3738 19227 16925 5917 19104 16416 13096 16940 17842 13236 6454 19005 12606 19007 2115 3651 9552 3920 15829 2901 4695 6873 11353 15838 11877 5734 490 14570 2925 2926 5743 1264 4464 17266 15348 17782 374 11896
13443 15108 4100 16266 14730 15372 11534 17935 3600 18451 4631 17945 3225 11293 286 18973 1184 15134 11935 12573 7710 1829 16421 15527 7724 18733 2737 14257 17461 11712 14787 15685 13511 15180 11101 7903 11359 489 873 11754 17008 10611 17780 14583 7419 4349
14722 10120 15753 3337 17940 5787 6172 7708 17949 19233 11940 8359 14889 15145 10414 13745 16178 10802 1589 4022 6837 13881 11076 16197 11468 16721 13268 2006 15575 2905 12506 7642 3166 11616 8419 11237 19690 2796 1648 113 4465 4082 1909 13052 16894 15999
8448 18433 3712 4605 12423 1930 13067 4236 16157 10146 18597 17834 557 13490 17203 4788 17717 15542 440 10680 8634 4155 12217 4160 13890 711 2377 720 4947 11605 17110 8279 5595 10589 6883 1636 10346 18795 5101 6765 5869 19191 16504 5113 14714 15869
16520 3727 15125 7829 7706 13723 5025 4389 12710 10791 6056 19369 10666 4902 12460 1197 1790 12847 9393 14264 11705 7612 8001 18498 7107 5197 15570 9173 2264 9818 2011 14557 16357 9447 18794 6890 9838 9842 19315 370 3316 17785 6522 12668 11134 2815
11650 2434 19461 5638 14727 6414 6927 6287 18577 2449 5008 5652 14229 16405 15898 11682 5155 9894 5929 810 12335 19631 2991 7990 6844 4156 2236 15549 9539 8008 3272 11466 12492 16093 7520 10084 13541 613 2153 3436 13677 6638 500 1782 1275 12286
15360 1 18053 3334 7821 9746 1689 17180 11934 10527 3874 15139 19623 11442 8500 18741 19125 6582 12728 9652 7352 10804 1984 19649 2372 9158 2888 19403 1356 5965 3664 16977 13011 15701 1237 10709 3035 19680 19568 2673 4468 8692 4981 5369 19070
16897 525 3342 14866 15507 13978 411 2973 19997 2207 7199 11167 674 19113 7470 8755 698 8635 443 7999 4800 2628 964 13640 18249 15433 6347 4435 3285 2648 11737 12383 12129 9698 19556 743 16493 18542 9455 12021 9206 8952 10233 2045 11647
9346 4866 4357 1146 9736 11403 7308 17677 16654 1039 1805 4875 12817 3986 11920 1559 6169 1947 11931 10787 7205 10534 12071 13613 11053 4141 5808 7988 2173 19902 3911 18256 2004 11477 7677 9571 4836 12775 7784 111 10100 16890 16124 7037 12543
8579 11651 8198 11528 9613 2574 10382 9747 4885 18838 6038 7194 6044 7454 17960 4650 2219 4010 15405 13743 1588 3637 16694 12985 3515 17604 12366 79 18771 6741 19030 8278 5207 7000 14430 7647 17251 5988 1381 17129 15982 14963 16632 11389 8062
14721 17669 15881 7568 14353 2832 6163 18580 9977 1051 5915 18206 9120 162 4130 13603 2723 5154 10284 15919 6456 18745 826 2235 3770 7610 13754 5311 12739 4547 6211 839 969 17994 11467 8024 11097 19930 3163 14815 18017 13803 5111 4089 8058
4741 133 16905 2315 3726 19982 527 15891 405 533 792 808 18859 4143 432 5168 14386 6453 3766 7483 11326 1854 17990 10952 9802 19022 5585 19282 1367 13015 4055 12250 5597 5858 8807 8808 5992 5737 15596 7663 5744 11506 117 5238 7160
12928 897 18434 387 16645 6278 3338 5775 4503 4889 9627 3997 3869 15646 159 3111 11432 4012 16048 8502 10551 15036 11331 5316 19525 12231 11464 7754 8395 7628 3659 15054 4691 12121 4698 7130 18525 350 1246 12390 3572 1781 14841 18044 3455
16000 19076 8965 3592 11016 12809 907 6797 18967 19865 16033 15909 13989 4008 3246 16047 17074 16946 12340 11063 19001 16186 2109 5063 14924 16595 216 19674 9690 19932 15965 5856 6240 14947 3684 17253 9197 8430 16495 12145 7410 17139 6259 12788 13307
2052 10376 9865 6032 2965 15256 4761 8731 19872 17061 13222 11815 19632 1329 1585 16698 16063 3776 7232 19519 13379 1216 11463 15818 12618 6989 9806 4049 18003 16853 6874 2651 8924 1888 19042 3170 994 10729 2154 8179 13814 3065 4987 17276
1032 18953 7690 8202 16143 10259 4755 2966 14328 9753 9113 2462 4002 12707 1317 5542 7208 1961 7219 3253 11577 17981 6336 19272 9035 12107 15309 5332 3797 16857 8285 11232 19297 15331 10595 11880 8041 18541 15981 12270 19702 18423 17784 5366
4736 14980 9350 17036 15373 10000 10513 2706 1174 7959 13080 8856 2582 19735 10019 4266 2732 14765 2093 4783 3894 14009 1977 19016 11979 17100 7755 11980 19791 7244 19668 2396 227 8293 6247 3945 15853 8301 6766 5489 8051 3831 5880 2425
9088 9349 10758 13064 5644 8973 4237 11789 14096 8078 18196 18708 291 7847 14250 14636 5293 13230 8238 9388 5934 19128 16313 15930 3132 6078 13891 9417 1866 77 6477 8148 6743 17368 4569 13661 6627 14820 17769 14188 5870 11769 6779 5628
11908 8714 11406 4622 16145 12957 16799 7841 5410 9508 168 16810 17066 6698 13998 16687 19889 9269 13502 8515 4937 19663 14672 4178 8530 4564 11860 5716 88 13787 604 18653 19549 8030 15585 19939 8676 5097 19951 6383 2802 3576 9339 4989
7424 4869 1802 3339 18700 15888 6808 9368 7580 1822 1824 3746 10920 15535 18736 562 14390 17976 1721 7225 15296 14273 2496 9415 2894 13006 7502 19410 9813 18651 14684 10976 11744 19938 13923 17509 12134 16615 878 14196 885 3830 7671 11515
17923 3844 19077 5126 4745 8972 9999 19216 9748 14612 2586 19493 5158 6696 10409 682 3631 6962 1970 6069 6073 955 3319 9024 14147 11075 14792 17482 6863 4945 5844 4184 16859 2146 3682 11108 11495 620 8174 9202 2037 13047 14331 5887
15624 13328 7953 14994 15634 19604 13724 6430 2334 10784 10655 3490 4258 18856 16426 16045 4781 6319 4786 8252 17471 19904 706 15046 16457 7883 11469 11470 17233 14417 11476 18008 19545 15579 5215 2400 7142 4071 13160 15593 7399 18032 14578 14843
7942 16782 12559 12688 402 916 3220 19096 11416 9852 11171 17189 2605 14126 7216 1969 6328 8121 16826 15291 7740 15807 15169 16578 963 4172 12493 13775 18384 9169 17746 13522 13908 9814 1629 18783 17121 8931 18537 3561 6512 4338 13688 15740
19841 6658 12547 19331 7429 5639 13963 18444 9743 14995 8988 16298 18731 3885 9394 19635 10168 17338 1469 13504 6721 10054 16078 1362 2773 11222 13527 3417 12635 19292 16223 2528 18274 5730 7010 5092 18021 17766 17382 1642 12529 19068 16126 15615
1664 8066 1410 3972 1287 14987 12430 529 11922 1044 10644 15638 4247 16407 11285 19868 29 12447 14113 19874 2597 6570 5681 7222 16183 13112 4534 14784 7111 4040 9162 16586 2535 16105 3179 1516 3056 3953 8178 16500 9205 10230 17531
17922 13955 9092 19716 13702 13579 3467 2453 535 15129 16927 16164 19622 12586 18603 5421 16690 10676 2485 19257 6587 1727 13249 11386 11600 19154 18517 985 5081 17500 15074 2404 4324 14566 3181 14446 3951 14193 2289 2419 14962 9208 15610
10241 14081 13313 13956 6148 11781 2951 8072 18954 2956 15244 6286 12946 3732 9877 5016 19484 18077 15903 14499 11688 17966 2478 19768 4410 11586 19143 17736 16328 15562 5452 11089 5841 223 13024 2527 15972 869 10990 3062 12155 12030 9855
19721 7050 14606 13968 13330 11414 9754 12061 2850 17316 3750 2218 10156 5037 19118 15152 15025 5683 19124 4916 9275 6333 575 18368 1599 16191 19398 11078 9416 6599 9933 1486 6994 12243 8410 12508 3171 2150 7029 10485 6393 14076 9341
16012 11791 18833 3602 19475 15511 1561 11291 9883 2843 3739 18977 19490 6565 1069 7598 14842 16307 15286 6711 314 5691 2237 11841 17989 13002 458 1741 9941 11224 857 16473 1884 19039 15839 8422 12902 14443 8951 10872 18042 17659 9087
5762 2692 6152 7696 9874 19347 18834 11418 15388 8350 13343 18976 17568 3617 15779 2980 2853 11175 17718 5431 2106 13374 5444 5574 13512 8651 15822 15952 13783 8667 349 16608 18657 19429 18791 18279 10473 621 2158 8816 2672 3060 12279
6534 19718 12415 6281 11532 3085 18461 11550 18852 18598 1446 5798 11945 11435 2680 10158 9518 7473 12981 3126 2872 5948 9795 452 5577 3148 6092 12368 4561 16598 13398 18140 8413 863 2911 15715 4196 5355 17647 6262 2424 10747 639
15362 2178 2694 19079 4364 3087 13072 11407 5138 13463 16793 17309 12445 13085 7327 17569 16803 18087 17320 16301 13492 9914 15418 1084 6718 8895 16964 584 17609 16971 3669 7259 9947 7549 12128 18787 19813 11371 7669 12150 18298 3325 14974
12416 13185 13314 3 12032 1797 15625 3604 1435 14619 1691 2339 3235 11685 9126 18474 6954 15539 6708 13111 11704 18106 9274 9148 13373 3261 10820 12615 2250 10828 8781 3790 16474 8794 12004 6380 7661 13809 5490 9079 15994 4095
8580 6 18824 13195 14989 7693 4623 19088 14357 6806 13979 9756 6559 548 12454 294 2856 15281 5554 4530 5175 4791 9527 15931 16830 3775 17729 16963 19400 7113 3275 18253 7374 2253 12500 6356 13016 19673 747 3950 15473 15475
8452 12039 5751 16014 14095 12432 17937 5534 8225 10531 9381 3366 10923 7472 14001 5565 1087 2112 12352 19651 1477 15564 974 16079 11983 3281 1748 13397 16854 8789 16991 14305 5601 4582 6759 618 17774 4849 11383 16888 15097 4218
7682 1541 14988 16013 8847 7439 19729 7055 16920 8346 12699 9882 10011 10780 11297 13859 15782 6394 6961 10420 3254 15799 15417 6586 14268 14655 2640 2897 16723 8151 5976 9563 7389 6624 14817 7016 12781 18672 13818 14332 5885 18047
1156 3589 3852 17165 1678 13199 1431 15000 6941 1182 10653 14884 15013 12837 9127 18215 19880 15270 10798 12078 10293 4407 16832 9152 12233 4297 3919 18387 8531 14423 10075 92 9693 3040 16610 3173 493 17650 11636 15224 2553 3711
9985 10881 11907 15748 518 5642 13836 7181 8343 15644 18592 3616 9003 11564 17585 5041 5939 17460 16696 15161 4923 64 11840 7105 11713 19013 11590 18503 2122 6991 14929 14933 18649 16224 4838 10345 2671 11377 2418 14969 6140 16125
16900 6917 8071 12427 18316 7822 17299 3866 12446 9891 7719 5417 12714 16437 1720 14394 5563 14919 1484 2509 17998 19793 15313 11986 13140 855 19415 14681 15196 11740 5980 15201 12260 997 17512 6760 9843 17910 19831 762 5116 18943
12676 2697 8203 18061 11535 18068 11668 3735 14616 5659 9501 7326 19232 6306 6823 6571 5048 11961 8253 9278 3523 13125 16199 18887 8775 6600 5196 6864 14802 17878 13655 14937 19163 8798 5727 8414 3683 2798 7027 6519 17018 15229
