768 385 384 903 271 528 660 917 404 151 281 410 159 927 932 934 550 167 554 557 431 944 950 311 312 956 60 702 191 61 69 588 80 224 225 487 873 620 109 238 501 247 760
3 391 906 397 399 912 400 914 527 24 154 923 669 799 291 803 299 429 688 447 575 964 580 324 968 971 76 722 981 985 601 732 735 226 739 996 997 748 239 378 253
777 13 654 526 143 147 407 796 928 933 293 810 301 949 826 186 955 705 198 713 457 77 461 976 721 83 595 469 468 473 345 100 490 875 243 628 120 633 890 125 639
6 904 648 785 663 793 411 674 931 290 428 816 946 178 693 566 831 577 708 197 839 711 585 459 332 464 725 218 220 889 991 743 232 365 495 116 372 246 759 761
641 5 263 138 275 670 33 938 941 432 691 309 313 954 700 573 446 456 587 204 975 855 88 600 607 95 867 488 750 879 110 881 754 755 115 630 249 255
898 2 264 392 266 780 525 142 652 924 287 802 681 41 811 812 427 948 310 827 572 67 205 979 467 853 983 217 738 483 354 617 619 877 622 885 251
901 646 775 8 523 140 653 15 273 402 21 922 540 285 549 939 684 54 183 182 64 576 969 586 334 335 349 350 990 479 351 484 499 117 886 381 511
513 514 642 259 386 921 539 544 545 292 423 172 942 49 177 308 438 569 442 957 961 322 967 206 81 212 213 470 346 476 609 228 749 369 883 245 248
774 522 651 783 529 145 659 276 149 282 160 417 930 418 296 937 51 435 959 960 962 706 965 460 590 343 856 989 481 229 231 233 491 108 757 119
131 260 905 22 664 546 421 679 425 43 300 689 951 185 825 315 316 571 972 847 463 599 986 602 223 480 864 868 486 492 624 242 500 502 763 895
900 650 14 533 790 662 279 155 668 156 163 430 687 565 570 574 703 320 448 970 845 718 977 210 854 857 994 358 234 751 370 758 634 509 254
0 897 129 644 910 144 532 406 278 415 161 806 179 694 823 58 188 445 321 194 709 583 333 848 720 336 344 603 222 357 230 112 113 627
899 643 521 403 286 676 164 40 940 176 818 563 52 821 55 953 966 458 846 78 339 984 859 988 604 92 992 96 98 489 746 494 240 764
388 261 778 394 408 667 284 925 672 294 682 555 45 943 560 559 952 830 452 582 840 841 715 203 974 723 852 596 471 870 744 747 376 891
640 387 773 262 135 909 788 20 157 805 39 170 173 180 53 181 697 314 189 192 71 466 978 215 90 94 862 993 995 103 880 371 767
393 268 12 781 913 280 30 929 801 419 677 422 551 809 426 556 44 562 57 318 584 72 728 348 104 878 111 752 375 888 122 124 127
771 7 520 267 530 916 536 26 34 561 50 947 433 699 63 963 707 453 973 593 980 477 482 740 874 632 625 497 374 504 123 636
132 772 645 389 10 141 661 405 537 295 558 46 819 436 704 195 201 731 861 733 863 737 866 741 362 106 236 363 373 118
770 517 902 133 776 649 915 148 531 283 412 42 686 567 696 828 958 449 450 207 850 474 478 610 611 355 361 876 383
256 136 395 269 272 657 19 918 150 792 27 413 807 302 815 695 441 444 454 712 858 353 869 105 753 114 887 250 637
9 655 158 414 420 553 297 690 564 439 56 701 835 68 323 842 341 727 729 734 99 360 745 618 235 635 894
1 258 524 911 17 920 543 416 673 817 820 822 440 833 843 716 589 211 340 216 91 102 871 121 380 893
137 791 153 795 798 32 678 166 48 306 829 832 65 578 193 836 327 591 87 93 614 616 506 379 126
4 518 789 538 542 162 35 171 814 698 190 581 199 455 330 74 462 337 594 364 241 377 508 766
265 11 784 658 38 168 685 184 187 443 710 73 717 209 851 605 356 872 367 756 252 505 892 510
18 547 548 165 298 304 307 692 568 62 834 837 200 202 844 208 465 608 865 736 882 884 382
130 516 139 277 534 665 409 813 196 838 714 75 849 86 598 214 221 101 613 359 493 626 765
769 515 390 535 25 29 797 31 552 174 305 434 579 328 592 84 597 97 623 368 503 762
128 398 782 401 274 152 794 289 804 36 680 169 424 437 824 724 730 860 606 612 621 366
896 519 647 396 146 787 23 28 671 175 303 325 219 475 227 237 496 244 629 638
257 919 541 683 59 66 326 329 79 719 82 726 342 472 347 352 485 498 631
907 999
