385 131 772 136 649 147 668 796 797 670 543 932 37 424 937 555 436 576 70 713 719 339 596 344 348 863 864 992 735 481 868 743 103 873 366 112 242 627
517 8 892 271 662 409 154 926 542 547 296 169 299 558 441 697 317 62 706 834 452 197 586 972 464 977 851 599 608 609 356 745 496 244 246 508
0 644 268 524 397 143 784 537 156 674 675 40 686 687 63 448 964 330 846 592 211 981 471 90 477 606 478 994 738 870 105 494 369 626 755
900 902 776 658 403 20 153 282 417 546 550 168 938 427 684 685 816 308 954 571 828 446 453 199 74 78 975 724 89 862 351 224 483 618 250
770 130 388 516 135 766 401 402 663 280 281 419 549 38 807 810 811 52 564 440 955 960 196 584 73 461 462 853 983 219 480 489 619 638
387 775 787 404 665 794 30 552 808 46 176 434 948 961 200 460 207 80 466 598 854 859 607 736 357 744 492 499 371 117 377 637 255
257 901 11 910 405 918 919 666 162 165 167 682 303 49 819 823 704 581 458 77 847 723 726 86 986 858 221 359 875 758 886 888 251
768 386 518 648 9 673 421 554 813 430 302 433 566 698 826 60 703 195 709 459 588 976 210 984 475 990 228 229 233 885 120 633 891
1 142 527 656 275 276 545 418 166 806 812 557 943 48 945 56 443 700 957 572 194 323 450 333 718 215 346 363 751 114 634 381
515 6 395 140 912 529 21 150 793 283 41 947 179 833 966 212 469 342 343 600 468 472 996 486 237 880 497 372 628 506 636 894
643 5 262 394 24 26 922 799 930 426 45 942 50 188 577 967 716 337 850 467 988 93 225 482 611 741 615 248 890 253 126 127
393 651 511 141 526 655 146 19 671 160 164 678 936 298 560 951 315 190 578 707 965 327 973 81 979 861 997 617 883 505 767
519 906 911 914 659 664 923 411 798 801 177 946 563 569 58 57 959 963 579 969 79 84 217 474 473 860 871 108 240 881 509
513 390 396 780 533 661 406 415 420 39 679 423 939 178 311 186 64 836 582 843 594 602 740 490 235 753 370 118 376 124
265 138 12 657 145 789 917 928 161 163 933 677 809 940 821 183 827 575 68 583 715 206 335 855 731 613 122 507 763
129 641 653 152 924 159 35 293 422 47 305 693 53 568 447 320 968 332 848 336 214 87 993 737 742 748 877 622 879
523 652 908 781 277 408 921 667 297 562 437 565 694 708 454 463 721 849 978 732 605 222 865 866 610 358 749 878 500
771 259 646 520 904 392 16 18 28 934 553 556 300 559 944 815 55 956 573 193 585 852 739 750 238 243 501 761
512 256 645 522 909 654 398 272 915 25 294 683 824 699 701 830 191 971 331 845 85 479 231 362 621 113 759
640 514 650 399 407 548 292 680 43 174 431 692 950 953 714 76 593 728 985 95 98 869 102 364 623 252
896 132 903 264 905 266 10 786 158 800 935 429 689 180 825 958 840 329 75 987 603 232 747 887 632
898 907 139 269 782 528 785 791 29 925 803 182 59 456 842 591 595 340 856 91 226 876 498 503 889
769 7 647 270 927 544 31 435 820 444 455 712 970 722 729 991 354 995 101 872 874 109 625 115 121
389 137 535 539 669 286 416 804 428 306 691 67 839 209 82 601 604 733 227 612 491 882 629 760
642 4 774 778 148 532 534 279 151 676 171 941 949 54 61 962 325 201 334 730 223 746 111 630
897 525 783 144 920 157 285 814 181 312 696 313 319 192 451 837 838 711 72 857 752 374 119 765
258 134 22 23 792 155 795 540 672 172 175 51 310 831 710 71 587 204 614 104 241 373 125
899 777 400 660 149 538 410 32 931 309 952 185 702 720 980 982 216 355 236 504 893 895
773 531 916 412 414 802 561 695 439 184 189 445 321 580 208 341 99 884 757 764
260 788 536 541 929 551 44 688 832 324 202 589 974 338 218 998 230 754 631 762
779 913 790 289 805 301 432 822 314 457 844 717 734 94 485 360 365 493 382
681 705 13
328 999
818 487
128 198
