6147 4616 5135 1561 18976 12833 3618 1060 15397 8744 14376 11307 9259 5167 7727 17457 19000 2105 13373 573 4673 3145 7241 19537 6232 11360 16491 19569 18035 17015 12922 9855 7299 9353 16524 9868 6285 2711 10903 17565 18590 5798 17063 6313 13994 10416 18621 2237 11456 9926 8390 17102 18129 14552 3801 19677 17117 10979 15590 19176 3304 14576 2296 3834 8442 18175 3840 16131 9987 5384 9482 19211 11025 13075 10013 19751 18216 15150 13103 11056 7481 3905 8002 8005 334 18770 6482 13141 8024 19802 11610 9571 5989 11622 12650 6509 11121 10613 12664 16767 18816 10111 13188 16268 15758 5014 3991 6552 6551 3994 13729 15268 9638 9127 14249 5545 8619 10670 15285 3515 17855 3525 6086 6598 13769 8139 3532 7629 11212 16337 4053 6103 3031 7641 19418 12256 10211 10212 14820 13797 10216 7658 8175 6639 6131 5109 5119
7693 12817 15379 4117 16922 13338 30 7715 3628 18995 8758 14392 9287 1611 6738 19540 11354 9323 19565 11377 8823 639 13952 18561 8835 19076 13960 14481 6293 14493 3747 3756 13486 11441 5308 9930 4812 17631 6882 17123 1765 3814 13544 10984 1263 6388 17655 6396 18176 6411 17169 11038 3361 14114 6433 6952 9525 16187 11584 1858 835 17741 19790 5455 1364 3420 18793 8052 11125 12152 19840 16780 5008 3987 19865 7066 11174 3495 6065 10674 4532 15297 3012 2501 14283 972 19924 8664 10718
5128 15369 2058 14862 14868 26 3100 5664 16935 12839 3625 18478 12846 58 12861 10818 19013 13389 16994 2683 15486 14976 1681 6806 6296 7344 17592 11962 17088 16086 8406 16604 9446 1261 6895 10482 5899 4878 4881 11545 11555 12069 11048 17704 12082 11060 17205 18744 15683 11595 11601 344 13152 8549 15207 3432 15210 13682 17779 18296 19329 8577 2438 905 19857 16280 19870 7587 13734 15275 11692 7597 3507 2484 11710 15811 19916 14285 15311 19415 7640 18905 18907 9191 12793 19450 8189
13824 18439 18446 4625 12310 8229 12325 8742 1576 17450 16945 6198 8256 3139 9288 12365 9812 11866 1132 18551 7800 14968 9854 1150 7808 656 10900 18601 6828 10415 15028 16055 3779 7363 18640 8912 8404 11988 10454 8409 15069 6376 5358 8438 1789 13059 6922 783 10512 4370 17177 16668 7969 6953 8502 6458 1863 10056 6501 3441 14203 2943 2433 1422 18334 2977 14254 15791 17333 951 13242 6594 16328 9676 14284 5587 15317 9175 5603 10726 3560 11753 3056 7671 16383 15357 13823
3 6662 11785 1553 16915 4649 7210 15916 6705 16976 1123 7276 10351 7797 16503 12408 1656 121 19580 5261 16527 11411 14999 5288 2220 18095 2742 9910 12992 9413 19146 15563 6862 5842 3796 17112 17115 238 13041 5365 14586 14590 13570 4358 8459 9486 17168 14615 2839 3359 18721 11554 9509 6440 13098 16686 12596 16694 6966 16194 18773 8540 16224 3431 3945 13164 15725 882 13686 1923 13189 13209 8614 5560 16315 3523 12759 11739 5596 18402 1000 11755 1004 13292
3589 17932 15389 6176 4645 38 10793 11829 2102 3132 572 16969 6731 16462 3156 18520 14945 6762 17517 4205 7298 5774 8855 16536 15520 11937 15529 12971 1202 19124 15547 187 15551 19139 16068 18138 8417 742 9447 6891 2800 18164 15106 7445 4377 15131 6429 8994 810 17200 16692 4405 17722 9027 12614 19274 19275 11598 9558 18266 353 7523 12135 6504 13170 14707 13696 7047 19850 3467 16792 19871 12200 4009 4524 15278 11699 1977 3514 10172 11197 10709 13301 5113
6657 14338 7686 8717 15887 19985 9745 1049 19996 6185 10311 6221 84 5720 7258 9308 2146 14437 12389 13938 13427 12933 16517 5766 9865 11916 2188 3215 3216 12950 12959 16546 6819 18599 14532 18629 8392 3274 16611 19179 9963 17143 14084 15124 11028 6951 10538 3885 8001 9542 3912 2891 12621 8018 11605 7000 12132 18284 2926 7027 16245 4981 4472 4985 15236 13193 7566 10139 14240 6052 2981 7078 18361 4537 12230 10698 10703 8145 2532 4581 15849 4588 11770 6142
3073 18444 13 6160 17936 8212 10263 7708 14894 566 17978 6208 11846 10324 4184 14426 6746 4702 16484 15463 2664 10349 13425 9356 12943 15511 18074 9895 7339 5809 700 9921 194 1730 3291 2275 15076 19177 9964 2285 19695 13046 7929 13050 765 2820 6921 9495 16669 14115 13097 1835 4907 13110 13128 12106 16717 9551 10576 13137 8534 12632 5985 10087 1915 15743 11139 11656 13709 18853 5544 14786 13257 8651 12236 4556 6096 15828 7637 14829 16372 6132 1532
8706 15875 18956 11288 17959 15918 1075 18487 5689 14922 7247 18525 1154 13448 14476 13463 6812 4767 1184 2724 19622 17062 12968 4262 12461 7862 5307 1724 703 18636 2768 8913 7379 1759 9954 7914 14063 13556 6391 18679 17152 12555 10510 13072 13602 17187 7976 11560 9524 14133 16193 19784 1353 2890 11594 15692 6484 13671 10100 13688 18315 2963 17307 18335 17316 15782 424 15279 19892 15800 4027 8127 17345 12233 10705 7124 3032 19936 4071 1515 3569 14333 1022
3585 7175 9749 14876 12318 5667 11816 8754 9272 57 4159 17984 11331 2630 7764 14424 89 19042 14436 7781 9835 2157 18562 14488 5786 16027 9899 11954 16054 8886 19641 7867 12477 15556 5321 13002 12501 5335 10967 15575 6361 226 14566 19692 14583 13564 4353 6403 772 16139 17676 8463 10007 13595 10018 5418 17206 13111 1870 10584 10595 14693 1893 10103 7035 14208 1934 10127 14745 5023 11180 18868 14774 9144 14269 4037 17880 2009 17370 14814 13796 9204
10242 9748 16918 8216 10273 17971 8759 6203 12360 15442 2135 16472 90 603 8287 5221 6766 3186 6770 13941 16514 7301 12434 8857 10395 673 13996 15047 18131 11479 4311 14047 2785 6371 11493 14060 6381 1775 4851 14584 10491 4861 17664 270 15122 16158 4402 19770 17728 18241 4930 3907 7492 8518 14152 9042 11098 349 15719 15736 14717 16254 11659 18830 18833 13201 8593 19860 9622 936 6573 4015 7093 17335 10687 17856 3016 17354 16339 11219 14329 17919
18433 18448 10769 9746 17437 16925 9765 9261 13875 19518 8255 2629 15440 14929 2650 16995 619 5233 18039 18047 18564 8836 11910 2186 10382 12954 6301 8363 4783 7345 12468 16569 5309 14536 2253 14543 5327 15574 10969 5337 9437 13534 12006 5351 2295 3836 1792 16660 19735 14108 8492 1333 10557 4413 17729 840 1864 12117 18800 18802 1914 384 10625 12677 18312 1937 6048 8102 7596 2993 433 13261 7128 5592 1501 16865 15332 17382 16871 4077 4087 14330
14345 4618 14352 3601 6673 3093 14359 9240 14898 4670 15937 10837 3161 3690 14983 16007 14988 4749 672 5291 696 5823 10946 5827 8909 18650 3812 4836 8431 2805 6904 12028 13572 5892 18192 17680 1829 16168 4906 1839 11058 14650 3900 7484 1349 15179 4942 8023 11100 17757 17250 3938 2408 12137 19308 13166 17784 11643 9083 19845 17801 19862 5527 13738 2474 16302 4018 4025 956 3520 962 4550 18888 15313 17874 18910 5088 2538 5099 6128 18420 10743
9731 8727 10775 9755 16418 10278 16427 15408 8752 10293 17982 17985 16451 17484 591 17509 18541 10862 4206 112 14977 5253 10377 3725 1678 1183 7330 1716 15550 18630 1222 7878 13514 15060 19159 6871 7896 9944 6367 10977 6373 9478 11017 18191 8977 12577 11564 15662 12602 3391 3914 5452 16721 1875 19795 14164 3438 8047 16759 9089 7563 15249 19858 18837 12695 17818 17823 2975 6068 11701 12216 16825 15813 17353 16844 12239 1494 15327 10724 17381 8691 2549
1536 3592 19992 6189 3638 5687 10300 14397 10822 2635 3068 13390 14934 16470 15455 9837 14454 19063 17016 16507 6803 13973 13998 11952 10929 2231 5306 10428 2239 6854 11476 730 19675 15072 9440 9451 13037 5372 15613 11005 6399 10511 4386 294 16682 18736 15158 5432 3899 10556 1855 3398 4940 5964 19796 4952 8029 8553 13677 6514 15733 7031 8572 17799 2955 396 3989 15772 6568 6064 6070 443 2495 4547 18890 6091 14813 13790 4587 502 1531 6140
15363 9736 9747 1556 16407 10270 10791 7217 564 5696 5186 13893 8784 13395 4185 9817 14429 18547 19581 646 18570 17548 1676 8340 2712 16025 671 6307 7340 10927 11951 12983 5815 4300 9421 14030 1747 13533 18660 4335 19699 17141 18707 7955 11541 6423 1325 3375 16176 5937 19268 10053 327 11094 8551 15753 5005 11668 9623 11680 3493 8106 10155 5038 9647 11188 7605 13756 18877 4028 8131 9157 4050 16852 1498 12251 11229 3553 1505 3051 492 1005
0 7684 3591 3085 11278 9743 4624 18425 11294 15395 5157 11824 61 14406 8774 11341 17486 13400 16473 8800 2669 9331 3700 19075 1158 2182 16008 9870 12432 6294 3223 6810 17570 19621 18107 12476 2747 12478 17091 18121 4301 11471 13011 10474 7918 8945 16638 18691 12560 10513 6946 15651 16677 4404 8500 11580 5442 18261 19287 11617 2410 16760 7034 18813 11657 13204 2973 8100 7090 18355 15283 17332 6081 4035 14793 11725 3043 9711 15351 13817 12796
14848 19461 19463 18450 3617 3107 18470 3118 49 1084 3138 5708 14428 11358 10849 4200 13929 5224 3182 14449 2168 8323 1669 16006 18066 14994 11925 18582 13980 7842 167 18608 16565 13500 19134 10434 10955 7673 13014 11491 16107 16112 12537 6404 6414 4887 2328 13591 5936 15172 9030 16205 5456 10066 1372 17756 10590 15208 3965 10628 10634 10128 1435 14748 4513 5540 2478 5040 16819 3021 4055 11223 12768 3045 15336 13289 14315 18932 4088 6649
17924 3588 3087 11794 4627 13854 7198 4651 4660 3126 8782 11858 12394 7280 1141 9871 19607 5271 15527 2729 18603 10932 6325 12471 15032 15552 2754 3781 8393 7373 4819 18659 18662 4329 3825 9972 11010 7429 12042 3855 5911 16160 11042 19236 2860 3373 814 10552 9529 5434 16223 12127 16230 14699 18289 9586 4470 385 19333 15749 3474 3995 9628 15779 13733 7084 14765 436 3013 14294 16343 12760 10716 3548 10207 2531 7145 2540 505 8190
7168 15877 8 16400 1579 2604 6708 4151 14407 8265 19544 6234 3688 14954 11897 12921 14997 6298 17564 17068 6836 15035 5322 13515 6864 19153 9947 6884 12005 14059 15597 6383 17648 12536 18177 16134 1800 10001 11026 4884 5908 2326 809 10546 7986 19254 11581 13647 11607 18267 11102 16735 16744 9072 5493 4476 3452 18305 18819 3971 4488 5003 19852 6541 7054 5013 14750 4517 8107 13237 18371 9671 6090 14287 10711 6119 7151 16379 12284
10245 18457 12836 37 5158 12854 7239 5198 10343 16493 627 2677 4725 8309 18054 4233 19084 1166 4240 2195 7315 17559 13464 5791 18081 17581 11442 16052 4299 3788 17621 15062 7899 5859 4339 1269 19221 8981 3865 15643 1308 1314 5922 1828 9511 11064 9530 12635 862 15199 11104 12129 4451 14182 11625 4461 19310 6007 3981 13202 11667 16786 8605 7581 18340 3501 3519 10696 17358 10194 7638 9688 11748 10725 13802 19948 12276 6139 8703
16899 6157 15375 6167 6171 18467 44 7731 1599 8261 5191 11340 2643 10835 3157 14952 7284 4730 16510 3201 19074 18568 19094 154 7324 13475 4272 4792 8387 13006 17110 5338 7397 14572 18689 15105 2314 17675 10507 11019 19215 8470 4902 2873 13648 1369 9050 7517 18270 869 13674 12146 7544 3454 7039 3459 4493 1935 11664 12177 12698 15780 10161 19378 13234 1459 16820 7118 470 4056 14297 12762 6616 12253 5087 7655 10222 17906 12286
18945 5139 15382 9242 15900 16927 6690 12331 11839 19521 8770 1091 15946 78 19535 18000 7256 12905 1135 7286 1658 13946 4733 1661 13442 12420 6789 6280 15002 16542 6328 18109 14025 9931 17616 16084 16092 10973 14568 9455 16115 17149 13575 15629 9999 5912 1822 4382 15650 5414 14120 11076 2377 11093 9057 3429 4455 7536 10608 8054 17791 17792 8579 2443 5528 16282 14747 6566 10664 2489 11200 15809 16323 7631 5590 12781 13302 503 1530
11777 5133 12316 5149 6692 18986 13367 2106 4671 7760 13906 8805 2678 17529 9851 12412 2175 3199 5260 19602 662 8342 19096 10905 5785 3242 1713 15538 5824 1217 7374 17105 11474 16601 5856 9443 5348 2281 11503 775 2318 5391 16670 13090 16676 9508 5419 4920 14140 8517 5958 14672 2900 14178 15203 3449 8057 11131 5520 17814 7067 10655 18852 2475 3503 2481 1973 3511 14291 2005 2525 3550 3558 2025 7150 6126 2551 1529 1023
15362 17414 5126 19981 3604 2075 2607 18486 19517 15939 6211 16967 10314 8779 6732 11348 18526 7265 1636 17009 17522 16504 6267 3708 18556 7819 12941 18068 19095 13474 1710 11959 11964 1726 19651 1219 12484 4294 714 1753 3302 2792 9970 9971 4343 14585 5882 17662 276 7956 17707 14643 18742 14651 4944 11606 15195 19825 1400 15229 14212 389 14726 19847 5508 14738 5012 13213 13214 4512 16289 19373 17341 8126 7106 13786 19423 14835 8188
4100 17422 4622 10259 5654 13860 15406 8242 4665 1089 6217 2123 10320 15445 19542 2143 10871 5247 3722 16523 2700 19603 8860 5283 16553 690 5299 3256 9915 7872 18624 5312 8897 13509 4302 18645 14037 14042 6885 6892 2802 4348 9982 9472 5393 8987 2843 7471 6451 10555 11597 5458 19801 17754 7005 14188 14702 14193 13183 903 12168 12173 13818 19350 3490 428 14767 7600 5062 11723 461 3030 6619 13296 15860 8181 18936 11258 19964
18434 10754 2056 13322 7712 2594 10275 2600 3630 17462 8252 3647 18499 14405 4678 12377 612 12398 1149 9858 12421 9861 1164 17037 17551 7830 7833 5274 17566 8872 12985 186 16062 4288 2249 9935 4334 3826 8440 19708 2317 4367 1303 13592 14125 7997 5950 18758 4934 8531 3924 7020 365 1912 6522 378 890 6540 2451 14746 14760 17324 2483 9658 19392 13249 1986 4039 456 1999 8161 11233 8172 8685 10221 18424 11257 4092 9214
19462 8712 11273 7689 2062 3600 7697 536 16409 3611 1052 5659 545 16931 7722 6710 11838 9802 1631 1122 3687 11374 5765 9354 7829 12949 15516 12444 4771 19116 7859 7348 8891 8895 10437 16582 11463 1227 16083 5332 5339 3813 3316 256 3332 1797 17162 5392 16658 3861 7449 3360 14625 14131 3893 2366 13641 19288 1880 15709 6508 10099 13701 8598 5537 1448 2991 10163 12212 15284 9145 6074 15805 9662 1984 11749 17397 15352 8699
8707 1043 1070 11826 7221 2103 17465 4155 7233 67 19014 15433 17998 15439 18011 15454 5728 1641 2666 2154 4717 2672 11379 1139 13443 17029 11912 19600 10899 1173 3229 6815 3754 10414 10931 13493 19128 16057 15041 17090 3782 3272 11979 15075 5861 5350 8426 5379 6927 19733 17690 12059 14627 6443 19758 2372 2898 4950 11626 6513 18806 2937 14201 7550 17293 1461 442 11709 11719 3018 8654 2513 10714 9704 4590 12783 13807 2039
11776 2561 3080 12302 18963 11289 17950 13365 13877 16957 19533 1617 5220 6763 1650 1147 3197 3710 15488 15492 15505 13976 4760 11423 4768 1700 7338 8367 5298 9399 14007 12991 16066 12996 12510 14049 2787 5352 14573 17667 9475 8966 3850 280 16674 300 3383 19261 11072 3904 17226 14668 11613 5982 3434 6013 4480 18825 14736 404 9119 12194 1955 10660 11184 3505 14776 1470 5568 9674 19409 10195 2517 9181 6633 1007 12285 4606
1547 6668 8720 19991 1570 9766 17447 5674 5677 9784 8769 1092 18511 10832 12381 19550 95 16490 14963 8312 15999 5250 13958 16533 11430 11950 10945 8908 7376 9424 10460 17633 8944 3314 1786 7427 15619 8453 5905 15126 7446 15640 8475 3362 10532 8485 15148 1331 311 8503 2871 12104 841 8522 13135 15184 854 12634 5981 7520 11110 10097 6519 18809 14206 9600 17281 3969 15237 14740 11670 19876 12732 17344 986 16348 5112 1535
4613 6161 14872 18456 4129 16934 13351 17448 5705 14938 12891 19052 10348 2172 1156 1157 3728 6288 2706 17563 11427 9384 11433 3244 9907 15543 4280 10939 8380 4285 202 7384 18655 17636 3823 1779 18168 17145 766 7941 19720 1807 10004 14102 6426 19744 7971 9510 7975 2863 4915 18750 3910 5449 7498 1873 9566 10594 19813 17768 4971 6517 2425 4485 3471 13230 7096 17360 15318 1495 9183 12770 13283 13297 9715 2037 17400 8698
18437 11269 17928 2064 13332 19989 18459 1063 14379 13359 12349 14400 11856 3691 9840 13942 3198 19077 11403 7308 6800 9885 11934 15530 4267 1723 3778 8906 719 10959 13021 3811 10996 4352 6917 8455 7949 2830 9489 18197 18712 13102 816 16181 10044 9021 7487 18754 14659 16708 14155 8011 2406 878 18298 11136 16257 17285 13702 12682 3476 19358 17835 4023 1464 15801 19897 19391 2499 19914 19921 3561 4074 9705 10742 14327 3064 18938
5120 11271 13320 13833 18951 12 13836 29 3115 6200 9785 569 12373 3677 8807 5744 8308 7803 3712 3212 11917 6297 11431 11961 12475 9928 19148 14562 16613 5355 14065 11505 2809 763 19220 279 293 2343 17193 11074 13637 6477 15192 17240 4445 15200 16740 4964 18805 3960 7551 2948 10118 11144 15243 913 1949 6046 2470 19372 12207 14266 7615 10688 3530 5580 13779 12763 1504 10729 3054 18933 17398 17399 3061 16377 5110
516 4105 7181 529 13842 9235 17438 551 11817 16433 17977 9786 18491 19006 13393 10331 8799 3693 16498 15987 2676 3203 3204 6286 14993 9875 6807 9883 19615 19616 16547 18086 13997 1204 17079 2752 8389 1225 6355 6368 16102 8434 15101 18173 7422 19725 19734 6935 5914 2348 10541 10746 16693 10551 18248 3403 16207 13154 2404 4976 18299 1924 16261 18316 16784 7573 5541 12713 9131 8109 19893 4036 5573 16354 8674 2022 15866
13440 8065 19202 16259 9860 11272 14985 10 16265 13835 11660 9742 11663 16 12174 6418 659 4374 1302 1048 9497 6679 1819 1436 8093 11806 6010 17824 18336 9891 11047 4137 13866 2347 11947 7981 14639 9263 9265 18612 3124 17846 13750 824 12725 17082 13755 14012 9405 18558 19775 6591 14914 6851 13768 6986 6095 977 10961 15699 16985 7513 8922 17375 14564 7527 2027 17389 10098 7155 7414 8569 19194 13307 7293 18302
1794 18949 3718 12167 7304 13194 4366 17552 2194 4755 12436 7063 2713 285 11677 286 1568 9631 1826 4258 10274 6437 4901 7973 6648 14633 4266 2476 1837 5810 7220 6324 18104 8761 17210 59 1598 12351 4416 16449 579 5188 4419 7110 10442 6348 16720 4433 12369 2771 15443 12498 5203 11351 6225 1881 13402 13412 5732 8934 17638 18790 9190 17130 16618 8300 14832 4593 17907 19189 9719 13816 6393 762 19197 3839
9216 13190 9862 16648 16647 2440 18699 15500 6028 2703 19217 19474 9873 6678 16151 1944 10390 14236 18588 17054 16156 17184 7585 8608 8995 2464 4131 3753 15786 5931 7726 11697 15794 10419 7858 5427 7223 1463 1082 18235 1469 9407 19907 18628 18885 14020 12483 965 5066 7883 14540 1100 5330 5464 10972 12125 5470 8157 864 9442 6631 19304 5609 13418 9063 11882 5096 6000 12912 4977 4852 15478 18427 12924 8573 13054
12032 3713 19459 12676 17027 13315 4870 12422 9864 17930 12427 18572 7180 6026 4988 7827 4372 3349 8471 18076 7453 19998 6172 13984 19490 12962 17827 11043 5799 7978 16813 6574 9904 18865 3767 9655 9790 8768 14787 15555 967 14279 11592 13130 4428 10318 4431 2002 19283 17106 17237 13140 7254 15320 5202 17109 4701 5854 12384 5987 19685 12775 1767 5095 16362 6890 19436 13168 10866 6006 8694 2936 8955 1276 8317 510
19841 7042 13827 17284 1922 9221 16775 2055 13321 1803 16908 18317 10126 6542 13721 7961 19995 10523 15133 19486 18591 7068 19233 8355 12452 7589 6184 11691 13228 12845 1452 1709 1456 15409 9522 8239 18101 17461 4408 8123 5439 9536 9409 11714 14658 13251 4544 14790 11334 9544 10697 6344 7751 7757 14286 13521 1367 11224 15326 5855 13409 12898 10599 2667 13548 9198 9327 496 15729 3829 16118 18038 8570 9595 15484
15746 1160 10249 2824 4237 2959 18704 1425 5775 661 11415 14873 5273 19098 18971 1438 16799 7200 6561 15777 290 927 1440 5662 13993 15914 17705 11436 14891 8236 16559 7089 4787 6964 16309 8757 7863 5814 13629 6077 2624 2496 13252 4549 13382 18759 7117 16592 9681 11090 16466 3665 6613 15830 16729 19930 15579 14172 16349 2267 2654 13664 3674 11235 9192 7785 6507 17004 13426 4723 17524 1652 17270 4217 5886
19200 9345 9346 13184 10372 10632 14217 14219 16652 15116 4238 16655 18576 14223 4880 14226 14100 5780 4630 11671 3095 6040 14620 19101 414 7583 13985 1059 16421 11046 4134 14888 10535 5033 13482 17325 10033 12337 10420 4029 12734 10301 1856 11586 8003 10823 1355 18508 19920 17873 848 13652 18006 12633 13147 17500 3292 10463 3937 10083 356 1637 7526 12392 616 873 7534 16111 5871 8560 16246 1911 14328 15226 7804
7809 8701 11651 6787 8326 12296 8072 14071 9998 7951 145 15633 2324 10518 18328 11928 2458 5787 2719 18208 929 10145 6180 14884 13092 15783 14504 14505 6570 3374 14896 14515 19380 9781 1972 3127 4152 13754 5182 12223 2112 10814 706 5698 19781 5702 17607 9672 6600 9547 18124 6347 7037 3151 7504 19538 16082 10968 4059 9052 19678 3295 5345 8546 1507 6754 16872 16489 16749 16756 14836 13047 10104 12797 2686
1032 16520 8330 17802 16396 15501 17934 11147 11151 18449 8718 7307 12815 149 13691 15639 10394 9371 17181 3358 7326 10916 18212 7848 2094 11567 12080 2609 9266 17331 16440 2488 3770 13243 19773 7742 1471 7105 4291 836 16454 18503 8648 15688 8009 4427 16716 15053 9932 2255 14413 5586 10453 6998 11095 17752 8405 5979 18529 13665 14051 4705 10082 19174 14695 11496 13673 8187 9579 16238 1648 19956 11383 2424 16123
2176 9344 7939 18179 13830 14475 6539 9230 13199 2832 17 16529 9620 2709 22 14743 5269 17817 8985 1691 19485 1181 6174 9759 3365 17833 18605 17198 47 3887 5933 15280 9523 12855 8247 12856 10935 13375 323 1989 11333 8007 2760 15687 9543 19020 17231 4048 8148 7509 10070 6617 8282 13787 18140 18269 14174 18015 1248 2144 13670 1895 18539 18027 16365 16877 19055 11887 10350 7288 12281 18042 9467 15869
16001 8833 14721 15364 18693 6659 17927 13446 4612 8201 1673 3206 13453 3461 18319 19088 13330 12564 9876 13590 2325 18841 2076 13726 3231 7458 17315 13604 5026 2084 11946 2346 7213 11053 3250 2739 4789 11574 17976 7480 6969 17215 15679 4417 6850 6210 4935 6984 18761 8777 8137 18893 11728 15696 15826 10708 15702 1626 5340 2268 12766 2780 993 4580 4965 1125 7399 13419 367 5108 12660 18422 8826 4734
9603 8708 17925 1796 9991 17033 650 18443 3595 8590 12687 17807 1812 7572 1431 17432 4504 5913 18717 5919 17825 18465 17442 18084 16037 17830 12327 14121 14634 15536 6962 16307 11062 13880 16313 17338 10298 3006 13247 64 2623 19009 4033 2115 6207 6595 1990 10435 16840 14664 1101 1360 16850 10579 3668 10325 8791 856 15576 2648 18779 5079 12893 19682 18787 6627 485 18029 16495 12790 17271 19064 15227 13180
3083 8080 17170 10898 2580 8722 8604 7838 8352 15649 18722 15523 4772 8869 9639 19626 7594 12587 9911 6327 8506 1978 3002 13631 19008 6719 19010 3267 4292 16581 838 12229 8136 5835 13133 2126 6351 4816 13265 5585 83 19026 15573 11352 12889 14170 17755 2269 2397 12254 18528 11870 354 18018 14692 8164 18534 3175 8423 19689 18017 17261 14189 18545 8817 14579 372 15601 9334 11127 6899 2810 9723 6397
2304 16128 12545 643 14979 4354 135 7945 8586 9099 13580 19085 9872 13073 13076 17941 7959 3353 4893 8351 13471 15265 7072 17955 7844 10149 11169 19496 7720 18991 10417 16947 4534 14390 11706 10042 12348 2492 14912 11842 8515 19525 16838 11079 14153 18122 4555 19276 2510 14031 15057 2514 19158 14810 860 17119 12511 8933 7782 7016 5738 4459 11500 6125 11244 7679 18548 13173 2806 3967 11003 12540 2942 14591
19072 5121 17923 13060 11143 3340 6797 6417 17042 19476 13333 12566 4503 7575 3860 3484 9116 5151 17313 1954 17828 2212 13223 10023 1834 16299 2223 15025 5811 16564 15412 15670 14388 2870 6581 5817 6711 18114 18116 6340 15991 11082 14156 11983 3279 9936 15186 1876 19029 19414 13270 3670 16475 2139 7644 15583 10721 17256 10345 15852 19949 17902 15854 6640 15858 5234 15732 12789 12021 13815 10230 2169 15482 13055
3200 5507 17539 5644 11534 12175 782 14609 1680 19475 13971 5118 1560 13977 10009 3610 10396 10397 16541 15264 11297 11552 17192 3882 19883 13867 15917 1067 5552 8883 10291 54 7607 14136 14777 9146 6843 4795 8765 3263 12865 1601 2885 14023 3280 1232 11475 7508 4436 11222 9948 3421 15966 8160 17505 16993 9315 8162 6117 2791 8937 7915 8954 7917 14574 2415 10615 18808 3961 16890 10747 7932 11134
11395 5125 3719 18696 13450 13071 13839 13840 10130 3088 19093 17302 14231 3734 17699 4004 16294 17191 10279 11948 17201 17458 17972 15668 3125 15415 1208 8249 1979 7230 17214 15807 10943 11073 7234 14531 9796 6462 3015 14537 15306 1866 15565 7674 86 11097 13019 14044 18781 5211 7648 5729 8418 3682 12004 12261 4090 3559 3562 2155 11372 19181 17518 8814 9326 6767 17395 2675 7029 16888 9210 7675 18557
9349 15878 14087 8967 16650 12940 10383 8208 16912 17809 18320 15378 12306 10520 2716 14109 13855 16161 15393 12078 8878 14384 7856 1970 3891 16180 18484 11061 1207 19768 3253 1338 4667 3766 447 13120 2241 10877 3142 16711 8649 11081 1739 9425 6354 8275 17748 14292 14419 2391 17881 13401 19293 8542 10719 18784 9185 6880 12515 13539 3551 4322 7903 8034 18413 13421 13555 4083 13687 8445 8827 508 3581
14720 17542 3974 1417 8713 12169 5514 1293 9225 9360 18067 16148 19092 18327 10777 4378 6300 1565 6430 12576 10785 9378 13986 2852 18468 16932 8996 16167 16680 18345 295 14761 19628 2477 6054 4909 3631 10492 11063 19898 6842 17608 10952 3276 14157 19666 466 13138 3798 13143 1500 4903 15582 10078 16608 5601 8931 9188 745 4716 12780 10020 9584 370 18036 19828 18677 3188 10229 3577 9718 6908 17021
11520 14849 8322 2307 12930 2053 7683 4490 8333 1294 9359 13456 15889 11155 10003 10904 1177 14233 14234 15388 5918 7968 16549 1445 5925 12709 6441 3370 14763 18097 13364 13878 56 3131 4411 18749 19390 16321 3522 2376 8904 9160 11984 10451 8660 213 7766 13015 16983 11864 16855 14811 7770 15707 15964 18653 15838 9818 18016 19169 19680 2401 19049 14827 3566 14191 17904 8561 10737 4467 14168 4345 1021
2946 13699 5637 13319 17544 13064 2189 19087 15376 9104 14224 1939 15503 12433 3733 10645 9615 10002 10267 19357 15519 1952 14499 19492 13862 8998 1450 13099 4652 15533 4523 9642 6317 7477 8887 10041 11194 19131 4924 7741 5695 1472 14145 9410 6979 68 13759 3397 9416 6863 7377 15571 14295 18775 5719 1754 12887 15324 18397 11998 17247 1120 10848 2794 18667 16237 14448 4594 16502 4214 15867 7806 18559
14723 4739 16003 19331 12295 5124 4873 12554 9604 6663 11021 5134 8335 4752 12563 18969 3738 15386 11162 12826 10911 3113 19499 8747 555 3884 17838 12083 17204 15287 697 6329 10169 19389 14398 4165 7882 10443 5836 6861 14542 14671 5326 4049 10065 467 214 1110 1750 5081 17882 7129 4317 3935 10337 737 6883 18789 7271 4331 12268 19437 14958 15856 14320 16752 5104 12661 13175 8697 4091 18687
6658 9732 4869 17671 3207 7431 18440 16392 13965 526 17296 10514 7061 16662 4123 16796 13598 10400 10913 34 16290 11426 4259 9381 5542 13948 19753 6955 812 1966 19247 13744 6319 11571 17589 16053 568 15288 1850 2876 3133 5694 12867 16456 15049 13640 3915 2508 13646 10319 8151 10202 9179 348 4575 9696 15204 18533 16741 13799 2920 11108 14826 17900 4079 16369 1526 6135 5496 19574 6138 13308
6912 1666 8450 7173 11142 10119 9611 8844 17806 5777 4241 18451 2966 14362 1693 15521 1188 4773 7081 8108 13613 6776 9136 13106 11827 15031 16824 18616 12857 14520 2875 15420 10554 576 6720 8258 7107 1220 19910 19528 12744 5448 17101 1230 18257 4561 596 13525 15580 93 4319 8927 2657 17507 14053 7270 18919 10215 3049 1002 4969 17773 18801 19442 8564 17653 13176 13690 4731 2684 6653 12030
5632 15361 10627 10373 17530 12297 15626 907 140 9740 8973 7055 5647 9994 9212 15252 11802 18458 10652 19363 676 11814 16683 9517 13615 3376 16689 17841 3633 13620 19127 2232 9016 12344 6075 12604 317 15548 4926 9923 14148 17860 3149 16334 3535 13780 13527 5980 10717 16990 14176 7907 100 8803 7269 18281 15338 11370 8297 18925 15214 17646 7792 498 7412 7669 7285 5369 2170 3195 16252 13178
9602 12035 16771 17283 9859 11908 19592 8328 11914 10886 7692 8582 17038 8847 6672 16401 9233 1810 15767 7065 17691 3741 1311 4130 4264 11305 9514 16558 14969 6450 9909 13062 1592 17849 11833 7354 12094 10563 7622 3528 11851 3919 8274 8915 5331 2770 15321 4826 14689 5602 17124 18277 5862 19559 13798 19433 15078 12778 5992 8696 750 8943 2288 1905 14322 16371 8307 4469 17272 17273 18172 2174
10113 6018 12289 7172 3078 3975 19464 6153 3594 3978 1037 19342 13710 19345 11283 9492 2845 17310 18594 14371 12324 7972 7974 3239 13864 1065 6190 13231 7473 14135 16700 12095 11840 14656 13889 12355 6852 6341 11462 5828 16584 2248 1610 1738 15355 2558 17742 11087 5973 14678 8662 1371 4957 10206 17888 15201 10850 18531 2148 11237 7529 8041 15339 16363 2796 17263 18672 12656 3187 6907 13053 6270
11138 11779 4997 1415 1928 1033 13961 3084 10892 19855 18959 784 14480 7441 7060 4502 14232 12314 8603 19740 3613 17436 10143 2720 19361 3615 8092 421 7851 16173 19245 16045 1458 6706 19896 19514 8251 15934 4414 8259 454 15943 74 19787 14539 14666 12366 8532 3419 9564 5723 8541 14431 2911 8801 9826 16867 1258 19819 7916 621 9838 5103 15727 2419 19188 8439 13433 9722 19323 19967
2434 9350 1543 13706 11658 18962 8980 10389 13975 5408 9250 9637 19495 1193 15658 2345 5546 45 15534 13487 1711 2351 2990 3761 2100 17717 12851 17207 17081 1595 14780 7613 2878 16448 19779 4675 6723 6727 846 9423 17745 10067 17364 15956 11990 8788 9173 18522 11103 17632 15584 19810 2017 16225 13153 2274 17380 15464 6375 8296 7147 12908 9710 9967 11375 7154 5876 7543 5753 8829 2815
18818 16898 6276 649 6796 9612 4876 12689 18194 18705 1428 15125 11030 9878 15384 17561 17560 15515 8729 537 8094 18847 9888 5629 4003 2472 2603 16556 8494 6960 176 6268 12598 9783 6583 18489 17850 7227 15292 16828 5049 17471 8639 11201 8512 1352 8140 10189 16206 2764 18896 12240 17362 8916 7004 5471 8290 5347 9316 17896 4072 10094 12784 16501 2422 380 5626 4732 14973 12670 12159
9473 6019 388 2821 2437 5639 7944 16009 14858 12684 17677 10765 11279 14869 11801 14875 3868 4636 11805 18082 15907 12580 19365 12963 5155 9894 18217 19754 5290 9260 10148 12463 11312 10032 10289 6066 12089 19130 16186 13244 12860 570 15040 8384 17609 6346 6606 4689 16722 16467 11987 3283 16214 17627 19038 14690 2021 230 3301 7398 8681 18154 9329 14834 19315 19830 1273 9082 8316 10621 16127
7424 6656 12160 9476 16645 3590 647 648 2701 16398 17553 7313 7443 17044 16789 11542 19994 11295 2463 11687 16040 11432 11178 10411 14124 17453 10285 12081 15026 8113 10548 14389 13752 13113 9912 14139 1211 1725 13374 6718 15045 19147 16333 9550 14799 9678 3791 17746 14036 5847 11865 8412 12765 3422 5726 17763 16101 19942 10470 1384 1001 2536 13415 9070 4604 5619 7540 12022 11768 1788 17533
13056 6016 8574 11400 6670 1042 405 16022 13718 3481 7193 795 12189 6051 19748 8487 6312 7849 16942 3247 12848 19761 18098 14770 2355 3635 5173 10043 16444 10813 14908 7356 9023 2497 5319 329 6859 7884 14797 4046 8911 11472 8014 8530 19923 10452 13136 11482 4444 13792 1121 19171 14309 5093 15591 8678 9703 362 8298 8170 8046 4207 10096 17521 15857 8947 19060 3190 12154 17277 13950
15232 10753 18304 5504 19594 16141 2574 3854 1424 9617 4498 6934 13310 2584 12441 18972 2974 4383 2592 9251 12582 16041 4010 12973 16178 7092 12597 5175 7351 3897 2618 16060 318 1603 1476 6214 11464 8394 2250 19917 16078 2125 14288 18001 853 12246 6105 18909 11230 3171 7141 18536 7528 17770 16235 10220 8424 15343 14447 8177 5745 19316 1397 8820 9081 16122 16763 14332 12158 10495
1408 11396 9863 9223 14090 17035 15244 780 12558 6415 7437 18578 9110 2167 1816 9369 11034 18460 8732 14364 4765 19999 9890 11171 8610 4899 14251 15149 13233 2612 17973 7990 8888 9913 11834 8122 9916 5820 12735 10433 19267 17859 7879 5447 17355 19915 3659 4690 19411 2004 3159 2649 16858 4954 16732 9949 7518 8671 11877 14185 3818 10476 3181 4845 19313 2417 15862 9975 15610 3582
10752 4993 6274 3843 18702 19727 18322 17686 13974 6936 15510 19866 19738 3872 8993 4770 5285 16679 9771 18220 13229 1917 14768 13360 7984 13747 1588 7733 12727 8376 7993 15418 3769 15673 8642 14022 710 11335 14919 13129 3147 18892 9292 590 721 5715 17108 10199 11480 4569 13020 3933 15457 10465 5735 14955 4075 14190 13550 12528 16497 15728 15475 12403 5621 4213 11511 5111 11508 19837
4483 12166 15750 19465 4489 13325 11918 8336 15762 14995 11285 13719 19864 9368 9754 13467 5403 10140 16417 17186 5539 7462 12199 17832 1575 13355 6448 1840 8243 14900 8371 7609 19385 1467 6206 14402 12228 12997 4808 13384 6089 9803 5966 13263 12238 12494 12370 16851 5074 5716 10326 1365 4560 1882 5343 14432 11773 4197 13542 19944 872 10988 15212 1645 1265 4465 2421 10359 2042 17405
7425 19972 13573 18441 3341 12688 146 17045 18838 14871 7447 11031 6933 10266 4379 15645 17308 8349 11296 6688 19235 163 10663 10024 553 554 2986 2736 16946 19635 3764 6578 4403 1337 4026 9403 12092 8381 11965 11453 5569 1474 6342 18254 17489 15953 18130 8659 3540 13406 18657 17122 19811 17508 17121 2534 8293 12264 18794 10603 4718 2929 1394 19571 17266 14712 9977 251 19070
19969 11393 16005 3077 12425 15628 9488 9361 914 1938 3603 7701 9366 6545 13720 19737 540 797 13597 19103 12320 17441 7202 2461 3364 9124 1958 8478 14378 2298 17069 14387 9395 15029 1076 12599 5813 11590 12487 19527 201 15436 11468 9166 4173 1362 12115 12243 3669 1618 17111 2258 9305 10587 16477 17886 14173 1119 4703 18405 5094 10473 6637 19054 2674 3317 6903 7546 1271
2689 17410 387 4228 2817 11016 7049 4362 1930 17036 3852 18318 5131 14613 5784 793 16283 14363 6557 12447 2847 15394 15266 1701 2597 6821 6565 12972 15152 6963 7349 10167 11447 5561 14653 10941 10559 8128 19523 13380 11843 1731 19399 12361 11977 12108 6220 4814 3022 17232 9554 19156 5333 15447 11873 9313 4833 2790 11623 14312 19178 4458 364 12143 7024 2418 14326 12539 15740
3968 7171 5251 17797 2823 19593 14602 13198 527 8592 13586 6930 1814 18454 18714 14492 17949 1950 18977 1186 14116 7332 7080 7465 12201 6394 10286 9390 5806 12209 13748 18870 17594 14524 17726 17472 15940 1733 17477 2117 18504 1865 330 18506 9798 16461 11089 9041 12629 4567 4823 16602 2907 221 18656 6370 15847 5866 3435 13042 19443 7925 1270 19446 10358 10106 5499 9084 4605
13571 11013 17670 12039 14601 16779 9106 16147 11412 2707 11156 12951 12952 3998 11040 19234 17445 18982 1831 2728 2601 5929 19627 4135 1454 10031 3895 14393 19386 1722 6973 319 5697 580 709 4677 1351 13254 19273 12746 331 17227 16714 5965 7633 15058 18388 17369 10457 17245 17373 11743 13022 13537 13410 3298 996 3685 6887 16234 11243 14700 16626 15090 13044 1143 6137 15996 2047
7169 1668 2694 4103 774 777 6410 5389 9103 16018 15123 16402 6805 15254 16026 16667 17435 7069 19356 12317 5663 10784 18211 9599 19624 17709 8749 18609 13617 9009 5430 16965 2245 3656 12616 971 16076 2638 7502 339 11220 4693 6870 18007 9684 3671 7002 1756 8413 16734 5473 7522 9699 11619 16998 16615 12391 13675 12396 5101 6512 15345 4850 1140 10232 18554 1019 8060 12671
8960 12547 14468 8319 9610 8971 19212 15757 14478 7564 2448 18577 17426 1171 16657 1558 2456 4376 922 5145 2588 6685 11939 10915 10790 16298 12719 18992 1714 11315 7222 5303 4794 11322 2238 14399 13379 837 3014 17613 5582 974 1357 19664 6608 18898 15566 12756 12882 8021 2647 14936 8280 3672 13275 7003 12897 19939 16996 10468 15718 15206 13543 7119 5361 15476 17783 6523 767
10244 14725 7048 1801 11146 13704 10122 269 19214 17167 14222 1041 16659 17046 16790 10522 14491 17306 8861 542 7454 6942 6177 13091 10662 2599 935 5289 15274 18346 9516 13612 19246 3112 14640 8874 691 10164 16438 11704 11452 7868 5822 13628 578 8262 16199 4551 14667 14928 18516 2264 12638 863 10464 10597 8935 3048 18282 17132 1772 11758 6893 19184 5241 13819 9469 5631
16646 18695 11782 18183 7051 18574 3985 13074 10773 13846 10262 2069 8858 11420 1180 11164 669 416 12574 11301 18854 17829 14758 6183 6954 1707 2349 5553 5042 8373 4917 14263 7989 17852 15933 1214 14911 12864 9664 5692 15814 15176 14921 9162 9040 465 9939 17366 19417 4953 3934 10720 8929 1760 13795 14307 17895 6123 3053 7021 2541 2799 8305 1777 887 11256 2939 17151
4225 18690 517 19846 14343 6795 17292 9613 15374 14095 3086 13457 8465 14220 4116 18710 11417 16281 14106 412 15132 5021 3488 17826 10531 1195 9515 5039 16306 2610 15795 6707 821 15414 15542 7992 7474 1594 6204 3261 7869 6463 5184 3137 6844 9158 3273 18891 12363 3533 10193 19709 7268 4840 875 18156 11116 19950 1519 15342 13549 10226 5363 11510 9592 1916 18429 18303
1920 7554 3717 14603 1420 14092 398 15631 12686 4239 11154 11539 6413 7565 11793 14616 19354 16287 7074 12074 6445 10158 11311 2864 6831 14259 8244 6971 9276 3644 12731 15167 6398 17606 19911 8008 8391 1867 12110 16595 10836 16857 18394 19034 12378 13529 12509 18401 3426 18915 18404 11365 4195 5990 8682 14187 8939 11247 17777 8689 17396 18550 7542 4473 12667 15870 13051
13186 2563 1667 3846 19080 18061 14733 17681 5394 9874 11158 11416 15644 15009 16930 9379 8741 934 12455 1447 5927 9646 19633 4657 4147 18358 7737 7610 16571 5436 3771 3772 5437 13248 11135 6978 10564 3911 18123 8141 14670 16590 8271 4818 14548 10964 6997 7510 12120 1624 6106 2011 3925 2909 9302 6487 352 17378 9831 14957 5486 17905 12786 12153 18044 7421 14975
19842 7170 4999 1549 2061 18831 8462 7187 17303 18973 11549 3232 15136 2210 8870 8616 18474 7854 1072 5425 16179 8756 10804 13238 5047 10037 18746 19772 13502 15935 9280 12352 3650 6469 16455 18377 1097 14154 15945 13901 3401 6605 18256 11215 3284 9686 18647 8919 5977 4058 15323 5217 7010 11745 12644 6629 10728 3689 12397 16494 15471 15600 9713 14317 17012 11641 9852
15873 14465 12548 19591 2312 2060 6030 19599 912 10258 9236 4885 18966 15768 281 12056 1945 17178 19869 13211 422 15271 4007 17708 11052 16814 17455 5679 9776 6841 5693 16318 11841 14147 2244 12869 8263 13256 12489 11722 9808 14034 19667 19286 19671 14550 14808 5591 11992 7260 6749 17760 6881 10336 9189 3694 16879 3695 13937 10481 19576 11514 9339 9085 17274 511
11009 5378 1411 4868 1410 16900 15367 392 138 7178 11532 9227 13584 4753 19347 12182 3351 14742 15641 7195 18332 16803 16292 15909 4646 17960 10666 1581 3759 9398 19640 62 446 14910 17730 19271 328 15305 8519 8138 16204 6991 14290 6611 1496 17113 7642 16859 14812 10844 7386 16863 13408 224 7649 12639 10852 16997 16353 744 14570 10734 19955 10364 18174 18431
8321 11780 4363 8848 10641 8209 10901 4991 14104 1913 8219 1825 8743 15144 13095 18347 5164 7341 8876 9519 3762 4278 3894 10424 15675 13119 16960 18496 5699 18115 16707 2373 71 2503 7495 8004 6475 18763 12109 12491 18127 12752 9677 9039 17107 599 5976 18393 11517 13536 13794 9827 11114 369 7026 17523 7156 1910 8567 7926 15993 15738 379 10236 16886 4479
2692 17669 10757 13831 17673 14218 10505 1165 6926 18063 13327 8849 15763 13205 12694 19223 14624 17831 16296 17962 1322 15153 18743 13495 6201 8375 3388 13761 13250 19396 11206 14920 1487 8272 1615 11345 723 12241 12630 3158 7385 9178 17883 7643 13915 18014 19294 18400 15070 14686 10203 4452 5733 1129 10219 19053 16109 12911 19952 1264 9973 1654 1403 15100 5757 5887
17154 9090 16521 19338 14735 3344 14612 1940 6038 3479 8223 17189 5926 5031 808 12457 5802 7979 13995 5294 14895 3760 17459 10677 18614 3130 7228 3262 13503 18111 7104 10179 10310 10953 17610 7242 13772 8055 8528 6098 17619 14421 7900 9695 479 8036 16485 18791 10857 617 15211 9580 12141 17771 19567 5995 3953 18930 19572 8693 4084 17911 6392 15995 11389 5503
6272 5762 4994 12549 15497 9995 8332 14221 1808 11921 274 6801 16405 4375 7451 7963 18716 17312 1569 5416 11561 16042 3372 13869 14003 11572 15413 19637 5558 11187 19769 6073 4409 4284 6845 10303 10183 4040 19402 11211 17868 5709 4174 3792 19794 3795 19284 8150 9689 14299 7134 9822 8159 8414 8420 19815 3177 19690 8556 1901 10480 13429 15606 6262 17528 2041
8834 11784 5007 12946 13587 3346 3858 15508 7704 8601 18075 10907 17951 10783 801 19237 5030 4263 13481 2865 19634 10290 12724 15796 17591 14647 827 1083 19645 7870 13895 19016 11336 17738 15434 15819 1869 10574 13645 11083 12500 6741 3285 15994 601 17241 19549 5086 13151 13789 13921 8802 6503 5482 17643 19182 2031 13809 9201 9457 17780 14838 6647 4982 13306 13947
7680 4610 3079 15625 5258 6155 1296 5137 6034 5264 13585 9494 12439 3739 4124 15773 10527 19619 7205 6775 10667 14507 1068 13614 4780 16305 9014 16185 17981 1342 7871 1216 705 11328 10947 12868 16197 8006 7750 4295 10829 4563 16724 18004 11349 16087 2008 16090 15581 7390 228 18150 4841 17515 12779 6253 11376 7921 13939 12532 6261 1782 4215 3448 13820
1538 4355 15108 8324 17541 9606 5506 19721 12294 1035 2315 12937 17040 10385 7698 16276 2455 5143 17049 6943 15648 8353 19625 940 11310 6063 13745 3121 14005 17078 2358 10168 3640 1976 11832 12474 7994 6464 15426 13125 17478 5189 5829 4692 18262 1366 9943 19162 19931 3547 10205 6235 8030 17249 4706 7394 8167 8299 16748 3822 17520 7924 19704 7933 17279
3328 11904 12546 10755 4098 12290 7297 4743 9869 10638 3986 11795 8596 13206 16279 8984 2201 17176 15001 8991 17185 19239 4520 8362 7083 16557 11830 6840 13626 2874 12222 8511 18887 12618 203 13260 10701 11726 8012 6782 14802 7378 14423 13658 15453 8670 19551 12643 1252 7909 15205 18663 11492 13284 16746 15715 3052 18669 16880 8690 8563 16120 2938 8062 15615
19328 6275 9735 11528 17804 9741 6287 16274 2835 15636 2454 663 2202 5404 16800 2081 10146 17057 15908 13349 39 19369 6827 4268 17711 19888 4530 10549 11001 13498 17853 15166 18883 9028 14660 13766 19531 2507 12237 10059 6481 726 18902 13398 15958 15578 12250 16600 10080 5986 18019 7396 9701 19558 5988 17640 17898 5357 16367 17392 9845 9974 3705 14331 13182
11909 6790 19334 18056 13707 17164 19853 14350 1295 2702 7825 2828 14611 12050 8076 19993 4634 4635 4777 7082 6697 2092 685 5678 15404 12043 18353 15410 16436 15797 14132 4921 17595 12988 574 11458 3011 9925 9670 18120 19532 1358 10062 4945 6876 14301 12896 12258 3810 359 14696 9448 14441 12138 5102 4591 10479 18673 9074 3571 14324 1395 4081 5878 14205
15616 15491 12036 14597 18053 15495 8583 8839 6660 10501 13196 6029 14483 10260 5016 8859 17693 18461 15647 3363 1317 14247 8103 4522 1323 14129 2226 18483 4020 10550 5176 19901 3774 11454 6082 2371 12613 5579 5070 3663 5199 3025 15188 12885 18646 16471 5078 13913 8666 17371 13281 10722 1382 5608 105 8809 18283 2924 18415 10352 12275 1524 8566 12409 10235
11650 18182 13192 7438 12927 2833 11409 2579 11157 10134 157 12190 18593 11684 5417 11819 15021 15277 2352 18096 2482 2101 10166 4922 3643 13884 9406 13122 19908 3908 7364 10312 13770 843 7756 7930 10191 13008 4437 3542 3929 14298 13659 9945 4061 734 19166 14430 19809 5725 6242 10851 12263 14956 3570 3444 15861 13813 14840 634 11259 10748 18941 10366 15871
1 10370 11907 16132 8325 15239 4494 16272 18835 13203 9493 12696 1689 10909 925 6432 12449 11681 35 10659 12579 13354 15919 14128 13489 13746 10165 16182 695 1975 15674 17212 11324 4161 13507 19909 10055 17865 18634 1995 2124 10702 6224 13009 14675 1236 855 16856 9561 19164 3554 15202 8676 8421 6759 14825 16361 15340 10863 1267 19959 9336 7548 5246
10247 17032 6279 6156 15117 18064 150 2971 12957 15007 18464 1185 15778 5027 16166 19879 806 13737 16426 2219 1702 6191 10543 4914 18100 820 11573 14909 16190 19265 10561 12741 7367 3913 13388 12364 4686 206 7120 15315 981 18648 18137 17626 11355 3035 11997 19934 16095 2660 7013 15722 11371 17260 18797 12013 5359 19057 2546 5747 14323 17909 3709 14334
19714 19971 17413 18822 263 651 18060 1805 1936 3217 5656 25 4892 9756 12061 1695 6562 17703 18472 16936 10923 16300 11949 10283 19887 7087 1969 18738 12469 2999 11319 8121 8636 15421 5183 9535 1732 4805 14662 4167 5192 6468 19919 18514 5204 1237 5594 15708 8028 19808 9825 9441 3555 13668 229 4453 3820 15086 3824 16882 17650 17526 15992 124
14080 16769 3074 891 2695 19976 5513 10375 10506 7436 16525 19598 8588 13841 6814 12064 544 3234 6820 14373 14118 14117 3879 19881 2861 12334 14511 6062 1201 11698 3254 13241 12218 11068 9792 14529 10177 4425 5451 14801 724 16853 18518 12886 5975 7895 3544 11869 12259 15972 10085 3941 9829 8558 18543 16625 11761 373 6901 11639 11513 12282 15739 14589
9601 4866 17411 4987 17785 17290 5265 7571 5141 8472 1304 11674 8986 6045 5792 3616 11558 5543 13480 6569 11304 1191 1324 3369 11694 6318 6320 2224 17842 16690 14004 10672 7094 11575 2746 5821 7744 16450 4674 17732 4293 4430 8656 7122 3451 14165 7382 14683 7908 11621 5222 3940 11368 19048 1512 9383 2156 13424 15984 8821 5497 13179 13305 14847
8320 8066 18180 12806 15498 4234 19724 11406 6671 16271 11022 1941 8341 19479 1687 7189 7452 13469 14749 16544 4643 548 933 1574 15653 5668 2734 3504 19249 177 15669 16568 13369 12347 6975 16320 4928 8132 13764 6654 18631 2504 1737 8524 14029 8398 3409 6230 2010 18780 4060 4829 18272 11872 4328 19435 13552 7922 4726 14967 19579 18684 11006 8063
13825 130 16642 17921 13061 1926 2181 9614 16015 14864 3345 5395 10515 8851 19352 4507 5755 5405 14882 16035 3875 12197 17958 4391 18300 8617 14508 15405 15022 11438 12079 12720 12589 14645 5301 5048 8383 11457 10749 17220 15942 6855 7116 12751 17490 18258 5334 13656 7904 18145 4070 19175 6888 12519 15981 11630 5231 16627 10228 16758 3067 15356 16253 6911
6915 12675 901 5000 11920 10386 3090 9879 19226 7197 5374 8479 6947 18727 17834 1451 19115 8111 7983 10545 947 7219 16435 17334 2228 6199 6323 14522 8378 13116 6331 7482 12607 4672 12737 19522 707 5315 5446 13896 17099 12880 2384 8279 8026 220 8286 9055 10338 867 19044 6372 17127 11495 7783 13545 7279 19441 7668 10485 15477 2428 7294 4735
15872 14593 14082 8828 2442 14091 9996 10893 12044 3472 19987 1299 15381 1301 3732 8723 12058 5532 12700 19614 10015 11807 5153 1190 15272 17577 5758 5293 302 15282 1842 9138 949 13622 11325 13117 15808 832 8899 7748 1606 332 18380 10957 18895 6604 3666 6612 17749 11863 4824 3549 17374 2142 11876 13158 19307 5997 757 13304 15612 1533 15742 11775
8448 10369 14978 2691 18436 13058 15755 15247 11919 11922 9619 9753 17692 13342 3745 8098 5282 7460 10408 2987 8365 6830 19251 4531 6197 7478 5943 4919 2745 16310 9140 15799 10944 4545 5058 19141 12235 716 19277 3020 3918 9810 3922 17876 8402 14039 604 7263 19296 16480 11359 5736 749 7407 12913 4722 10225 17654 12278 12280 5114 14204 17918 8959
2 16772 11525 9094 5001 1418 10251 3977 6665 4879 1554 6546 4886 5272 12315 2203 8989 17694 5279 8228 12711 14889 18094 14002 6196 18360 3513 3257 17851 4412 19067 9920 6849 10821 19400 10061 9038 4305 11602 16338 4948 18133 13523 2007 4695 345 10323 4052 1249 611 6115 6245 16232 11756 11501 15986 1908 3572 15990 11895 4598 19963 11772
128 8192 11137 18307 3072 8197 6154 6283 14604 11277 18323 14487 1947 2972 14621 13727 5024 161 4385 16675 1660 3877 18087 937 426 18475 17584 8880 19253 18362 14394 7360 8641 17347 16579 10565 13638 4554 7372 18643 17877 1239 15832 16344 5851 3676 2782 3424 3681 14946 4324 19814 10601 2668 2413 2029 10477 5872 18161 9839 3827 3191 17916
19584 16129 14852 15494 5512 5006 9362 14739 12692 16021 3094 4247 4757 15260 14880 9761 12451 15781 19755 1196 15925 4533 4664 12473 9274 10493 15676 18112 9665 9795 18501 4936 6985 9034 19404 11853 14669 9420 12496 9937 18002 11085 5588 15189 11991 88 3033 10971 15967 96 8288 1379 2662 12919 6248 19820 3311 17142 12663 18682 17275 17661 17278
4096 16386 4867 5636 1925 11781 6024 12553 906 6793 14348 1804 18708 1686 6299 7965 14075 8096 19745 12068 19750 12710 678 10281 1318 18091 7734 7353 17466 13499 12219 16829 10810 2367 448 3775 6338 13381 5574 6729 10827 1356 17872 15569 14930 5970 10962 13654 19926 10839 17243 12892 12027 11875 3816 12273 2290 10993 9335 11896 12794 15611 17404
13317 7815 10760 18186 10124 5773 10894 6159 11790 8831 15506 19348 14230 12055 18842 8602 15899 9503 7588 9126 8359 15784 4143 13951 16560 15664 9393 5812 16950 2743 17848 10553 13245 1095 1096 17617 7634 17492 4054 11862 9432 19289 18908 732 8032 16482 4963 18916 14567 12782 15087 17776 1009 5232 1523 12401 6768 6002 17527 4984 17659 7036 1279
18944 5889 13574 12038 2184 8715 14099 17428 3221 7706 18843 7196 16029 7714 165 3237 11943 13100 2221 11823 15793 9657 17979 2235 3389 14143 959 321 4289 963 15044 5060 12356 14409 14418 7126 2136 985 8538 8921 2013 10334 3166 7392 10209 7137 7651 4714 9708 18157 5870 16239 15472 16113 3568 9332 1525 11765 9076 8056 9209 5371 4223
11008 13576 12812 18575 6676 18325 1785 4505 7705 3230 4255 2848 8865 18210 16809 13227 172 686 12718 17724 8892 15680 13888 7235 14404 19783 18376 12362 16589 9293 19279 3664 10063 6740 12757 8918 6488 8667 2652 19295 13023 2018 358 2151 9449 9962 19562 16233 4204 10733 11502 18287 19822 3952 18546 4974 11120 18165 5742 10736 17913 17022 10367
4 15882 14606 11153 19218 19859 2193 16534 3864 7966 4000 4897 6181 9254 7079 1704 4904 12458 13483 6701 13488 7346 11955 19766 18233 699 571 8637 13758 3008 18244 6981 12998 2759 9800 10567 2506 16972 13517 15182 12499 595 13267 14038 7383 3423 3807 5474 17386 1388 4462 13040 15216 13553 2931 19444 15474 4086 13943 5244 15741 894
1024 17409 2818 2819 12804 18310 14728 1929 4617 11 10508 7312 10643 18453 1174 11672 794 17947 3997 14111 11424 14502 15016 19370 6059 556 16940 16687 689 18739 17718 4415 16065 9159 9545 5067 4558 13519 9296 6865 7890 6866 17236 11515 5206 8281 5239 15839 12386 3943 17129 16873 1260 12654 19187 19831 11128 4729 19578 1659 14588 2302
12928 4736 18311 904 8969 1675 3723 2699 4629 12693 1433 282 10138 924 4764 15005 19230 11299 4389 17190 552 1064 9004 8238 4144 18993 3636 12085 1845 7861 10680 18873 11705 11196 9281 1221 19270 14663 9161 10954 7625 10057 5838 7888 10578 14420 12502 18009 16221 6238 11101 14048 12642 2405 13159 7143 18922 8815 9844 16117 11382 6778
1272 18049 11778 4611 11012 19973 1544 17163 19979 10380 10763 6544 10387 278 17688 4249 16921 9881 3098 5018 4252 8990 3743 4515 13743 8372 17463 5691 9788 11384 7358 16191 3518 4540 17733 6983 7496 199 2634 5839 14927 15954 8019 10196 6356 2644 2137 9434 12641 18658 19299 11490 16103 2279 4713 6250 11122 3955 19702 15224 13562 16636
5634 14472 7305 13968 2067 2196 19477 15509 18071 13085 4127 19232 9633 2471 3880 18737 15922 561 11828 6579 8118 14519 3385 19002 12090 11451 17597 15678 6079 9277 8130 13890 16453 11078 13255 15561 10571 4045 337 13777 11604 12118 8025 18523 13920 14305 14561 8291 5858 13667 1766 3563 18028 19180 1006 8562 4979 7411 10355 16119 2681 14079
16130 261 17417 16905 11407 3347 2964 14484 535 1818 11163 12956 14369 7333 1446 14377 431 15920 12847 12591 9780 19638 18871 15672 14905 14011 4156 1600 4166 17223 11976 8396 10060 17614 18641 849 9811 468 18906 13531 18396 2653 11099 12255 13663 8928 15458 18661 18278 2921 3180 110 5362 18675 18803 15348 5490 16633 5242 12795 12542 8575
4224 6913 17418 10379 14860 2958 13326 18706 17556 7444 16023 8343 18072 12955 13212 11037 16545 17058 12961 6694 11177 1708 4141 17966 17840 14769 12979 16443 19516 315 4542 9278 4797 8385 8640 9284 10693 15435 17356 13771 4684 722 978 17365 2390 6744 10840 15325 3041 7138 4707 16612 16870 15721 1389 19439 633 10739 12791 18040 19193 14461
3586 3075 10626 8710 11399 14986 12299 2316 18189 8843 7826 19 6037 3608 4763 16028 17309 2844 1053 4384 4769 17956 19629 4653 1967 8877 8626 17843 19255 10170 9148 5055 5056 10049 5313 708 18372 10750 16327 4681 15050 1868 19962 7635 12121 606 19297 8163 1892 13541 14694 7014 11240 1897 4844 14067 9591 10489 16250 6011 3966
7300 14596 10117 4102 137 5257 17034 4495 5648 18836 15766 12311 9751 15383 11418 19867 7707 17051 13600 18338 5794 7331 14372 41 2985 8620 12850 19507 14772 18622 14782 9668 11721 17744 13649 5841 11007 7381 8665 859 15451 4216 4959 12003 18148 15973 14308 5607 10981 18921 18410 6889 11519 9965 9454 18416 15094 2808 9341 8702 7295
10368 18050 19970 13700 12037 4998 16777 16778 15371 9483 7823 12819 3477 792 3225 5530 11548 2333 13982 12448 5921 1830 13224 15785 10539 15020 2733 9648 18488 12729 15161 19004 13501 13118 18753 4162 13891 7620 16457 7626 9164 2894 3282 16596 4698 4570 92 8797 9439 3936 1640 3944 9707 17644 11757 19568 17782 9462 13434 5883 5884
8198 14730 18957 13070 4369 4759 9114 5531 19100 1567 14368 6305 18598 11815 17194 18861 301 14638 8625 178 17586 7860 1590 5562 6460 17470 3134 9537 14785 2757 19529 713 13131 15820 17747 980 2259 2134 17623 13912 19545 4308 11484 1885 2270 6621 14304 11620 8677 18151 4970 366 18031 7793 14962 6897 7157 14837 249 15354 1020
13313 14851 16389 8965 8329 3470 6032 1170 16788 8852 10136 10776 5657 923 12440 4381 9502 8737 13858 13731 8612 18471 11303 8104 14762 3500 1965 7342 5041 16951 5304 8505 4676 6473 1996 9549 11214 11982 7248 8529 13653 3414 3927 13272 15962 987 7515 18911 12131 14052 14435 15974 12390 18024 1126 5100 10864 14833 5106 1522 8953
16897 6022 1798 16270 3342 18321 8337 4756 12183 8091 18850 5666 18597 15913 12459 19500 7212 18862 17327 6958 13105 2859 13363 565 8120 15931 18625 12866 18755 9155 10309 9414 8907 12749 7630 9679 8016 1872 2000 6739 19027 5075 2645 19927 7768 471 11357 12895 4192 16228 17765 9060 15335 8042 3949 17135 14194 1655 19960 14459
8832 13828 10374 5386 18958 7831 18200 12312 12185 11803 17820 4126 12446 17567 7076 4261 2854 6567 9897 8879 14000 19123 18228 10295 3384 19001 9273 7100 15681 10436 7115 5453 2127 6483 85 4309 4183 18136 990 15713 2149 3046 17512 2153 8810 2030 5998 10609 19954 5618 12916 8180 19062 11766 11640 10870 19322 17660 5501 254
10498 2179 5380 1670 2566 14861 8974 16656 5011 1172 11160 31 800 6816 13346 13473 13861 7717 16807 18988 12077 4012 4140 6192 7852 562 1078 10940 10942 19904 15296 6977 7875 11716 9156 9799 10064 11261 9301 17116 10846 5600 16226 17510 12903 6246 10854 2284 18158 368 17136 754 4080 6258 16629 2420 7799 4592 4978 9981
5381 15493 13447 8584 11787 2960 4112 1298 17812 16663 16537 6687 13856 9762 8611 5028 14246 807 13352 2730 12332 1836 3629 17839 11308 4528 13101 18354 17719 4283 5564 6715 10304 15810 5572 11204 5831 19451 14795 460 19661 2382 13773 2003 469 3833 14688 7140 10598 19817 7663 19824 5615 499 9588 11251 3060 18297 12410 17531
257 4737 3970 14724 16519 1674 19467 15499 16781 654 16526 8077 14101 9624 2841 8476 6265 10788 13477 1320 9385 170 12842 18864 18610 9534 4032 7488 19778 9922 16964 4034 18118 6856 9418 2559 15564 16975 6226 7506 733 4191 17248 12128 8930 12772 1510 14184 8812 17010 14451 1778 19829 14710 11767 8818 8185 4210 9979 4095
6017 13698 14339 8067 5640 2444 6284 17425 14865 16149 16150 5015 5529 13722 10393 1306 7836 17433 3999 15261 14370 11045 3752 7336 5930 18222 15411 11059 14781 18500 11332 15303 12617 2378 4177 13394 14166 9047 10455 6872 16218 2138 5084 14559 14303 16864 2916 17637 12774 18407 18280 8168 14571 5867 11117 3312 11889 16754 9976 15099
6149 14342 5259 7311 3983 8606 4511 7329 8226 2979 17188 7843 4518 12328 14513 435 9139 16949 18359 2301 2498 9666 8772 12490 13899 7244 973 4813 12367 18512 12497 1741 18515 1748 3410 11350 7130 9694 223 10847 15585 12130 17893 10853 13925 12265 15082 13804 17007 19953 1649 19827 15859 13045 16499 15735 17787 14844 16892 3838
898 6919 18952 4360 11018 17803 13964 3724 15760 6044 6948 3108 11302 9767 10108 4908 11000 11570 15923 12982 9275 2494 11199 7998 6974 16326 7494 18505 14281 6476 11980 4432 18513 17234 9427 6736 4182 5974 15961 8027 12764 6875 5218 4835 9956 17894 4710 8040 19561 15978 16236 13165 18418 1012 760 4219 14460 12029 2046 9471
13568 11266 6151 15112 6792 4877 6290 16403 7186 2197 7960 13724 18975 13087 3750 9644 6777 18356 16821 13112 5949 12863 10876 2756 14021 1862 3654 8903 5196 8013 11217 19539 9171 13269 12503 14425 13660 17502 4447 5216 11362 12901 614 18664 12906 4843 3948 15213 13036 10994 16243 9202 1653 9333 3575 15097 2043 3324 14845 5375
13185 14213 11015 7690 2446 3089 915 10133 16278 11287 9367 5400 3862 3354 13851 15134 6306 7075 2340 40 1832 16170 299 12211 950 3512 19257 13753 3258 5818 18366 8510 3136 9282 4548 1477 16329 715 3148 15437 17999 14032 11473 6735 5840 2775 8031 16483 13540 13029 7011 15592 7404 13169 3698 11892 10869 15098 9596
15618 2054 2311 11530 3468 11152 19601 15890 14357 5653 8728 18713 16155 3356 4510 7457 3748 1572 9640 7086 10162 7347 15033 9914 12987 6461 17731 3140 4809 3657 587 9167 12753 6353 16597 9813 727 11861 11995 5468 3580 15071 7779 13801 233 13035 12270 1903 752 14705 6129 7025 116 13557 13934 377 2556 11645 14974
768 7556 15111 14474 18828 16653 18447 1039 12561 18195 6548 8853 10646 7320 12831 32 9506 17571 4644 2468 2725 11298 16428 15661 687 943 11825 5172 2741 4150 19511 13368 1851 828 19260 13504 17604 1860 15684 4169 13264 14289 2896 19155 211 15572 2520 15577 1757 6111 16356 13287 8936 16104 5494 14455 9338 10107 17407
15744 6528 2690 7044 16133 10502 8196 11401 7053 9744 14737 273 17171 10897 8086 16795 10271 18849 2598 2726 7466 174 16816 10160 14642 17970 8881 19256 12220 1085 8767 15682 4806 19272 16332 1484 16846 6480 5713 10448 14804 6868 15319 7516 6748 7775 3297 12257 4323 5476 15080 7401 14057 876 7153 19058 10741 12406 7416
4484 8070 11276 9101 12046 15118 1040 1933 3219 1559 3480 15517 2466 803 13219 4900 10671 10803 18997 15928 5050 955 5053 958 14527 13505 7745 2628 7366 8646 11466 19149 11342 2639 14544 2257 3790 8792 3288 13146 13918 735 7008 3678 1887 4190 102 12009 12012 2545 1138 14452 2292 11638 8951 2038 17018 7547 15998
3844 8452 17157 14086 17148 5641 5515 2445 17039 15632 11666 16798 5406 10528 5536 19874 14755 2339 18983 811 19756 7470 19632 1968 17715 9908 13236 8245 12984 5945 1212 11455 3777 16578 8386 8516 19397 1861 452 16968 13513 18253 207 9168 2256 15063 19928 12375 10723 16742 618 8427 1133 10610 9203 14068 19705 13692 1534
12161 9219 9093 10630 16137 5385 10761 14351 9491 2583 3871 17952 12323 5412 16810 8875 10924 17836 17454 5804 14512 7729 2994 4798 4927 2880 2755 3269 5061 2893 8526 13776 17618 13907 14676 983 12248 4951 11611 5212 7773 19167 482 2788 4711 12008 234 15085 10605 3313 15731 15092 19573 246 119 6134 15865 17788 14719
19712 19587 17668 18950 15879 19208 7302 1291 2063 147 14228 407 18583 7837 8095 2976 2214 4775 19113 12969 10028 14381 942 1199 1200 11313 11821 9267 9011 12593 10745 10558 19776 1347 6728 7369 11596 18381 18894 17103 1616 1998 13139 7125 7894 9560 3679 17377 5605 10859 18668 17006 11246 5748 14709 3958 888 17017 13563
3456 15233 3714 17412 5893 10884 12680 11915 12045 11150 16654 8207 16145 2961 9340 7828 8221 11553 2338 3620 9892 12592 14514 17075 10038 4791 7226 10429 9149 19136 10306 2243 16067 8773 1605 12870 14791 12100 10440 8267 8397 15567 19282 9174 474 15197 16607 3173 7142 9959 232 19305 9452 3565 11381 5751 3066 17532 1405
8578 3715 5764 6661 8204 19340 400 530 532 8868 10919 4136 7207 11563 8235 14253 8366 14893 17456 16049 7469 13235 18102 9400 14264 16705 9026 18250 17098 10187 5706 8910 464 4817 2261 17878 3797 1368 9946 8668 6877 18398 9952 8289 15587 15588 18149 10088 9961 11880 11115 16108 7148 11119 1651 15988 13430 2813 15614
1540 8840 3465 18698 8203 17165 6798 10895 2704 653 4115 2710 16791 6169 12456 11945 17579 7980 9775 9137 3379 16823 55 16826 6459 14271 2751 16833 17602 8514 18886 11207 7802 13144 6873 5210 18141 11486 2655 10975 5089 16738 2915 351 16486 9065 8554 15851 5356 1003 16496 2161 12530 16373 15349 9847 5754 1663
382 16390 9226 3598 15888 15891 7190 15127 4890 6042 547 15652 18218 2606 11439 19250 11316 19765 4281 16698 13370 17473 15554 2113 9411 1218 12739 13127 8644 8780 16847 16208 2001 2129 1235 11732 15701 6742 7893 3408 8658 10715 18271 607 13282 14691 11107 9574 4585 8683 8940 11632 16114 3954 8050 2680 16762 17790
8064 6144 17026 4226 3973 19974 7814 12040 8581 10635 17557 13077 18844 8348 13852 8350 17055 2978 7718 15655 6186 12844 18733 6322 6069 12213 8632 12345 3128 6714 4546 7493 17350 6471 17864 8905 5318 5581 6607 19669 5589 4694 473 219 14175 19554 4839 13161 1899 14061 7409 12019 7796 9590 12792 17020 19069 7423
10624 10114 14599 12936 19210 12428 16142 9234 1555 8084 18845 3744 10529 162 16163 19112 7725 7214 18479 13232 1073 1841 15027 11444 1205 5302 3378 15798 4277 11582 11969 2884 1094 5832 3146 6474 2380 11213 4043 16079 12111 7250 7767 3417 18649 858 19552 12513 11900 19428 9957 5991 4202 7282 12336 8948 4860 2814
2048 5760 1802 19083 12939 15245 10509 17423 5770 13944 6164 5782 4633 538 16794 12829 6173 1054 4640 15654 10534 16424 13611 8493 14382 11566 2935 1329 8241 4786 12980 9531 6716 4286 8133 11718 9163 10315 4434 11091 4180 10330 13278 2014 19555 5479 11627 6769 13810 10483 3956 11764 5620 4599 4344 10362 7291 10238
13057 18178 4738 6532 3205 7942 8456 2570 17291 10252 5901 2190 18960 791 5627 9625 4122 19611 19613 11678 1439 12835 18215 19241 7593 19243 1962 12976 7985 9654 3255 11702 14521 15290 18110 961 11589 15046 19015 6219 11469 10446 19280 14161 9690 8923 9051 1118 2271 6498 3044 3430 12776 4456 3055 6259 4346 11771
18309 9607 16904 14471 9484 18573 3726 6033 6802 5651 10391 2714 7580 2590 12450 6055 12712 16554 14509 3246 17713 12465 826 8763 11583 5440 1090 14019 12227 17351 6345 11724 15949 1231 15190 12119 1114 18013 5598 10589 2786 8292 19430 6634 16366 6384 16240 11890 5874 12402 18549 3702 247 8051 6773 18555 14462
19457 19330 12165 14341 3593 5772 18324 8599 17048 6424 895 6684 2077 12192 4001 8099 1959 4648 11818 17196 16046 15790 48 16177 15803 4925 9283 4804 15429 4423 14541 9807 1744 14422 8535 12758 14937 4572 6492 1758 8543 17761 3556 12133 2661 5863 11754 17899 8428 16753 17011 12413 16632 19449 11132 2941 7935
640 7937 16002 11011 1539 16773 262 16903 2944 1289 10378 19854 19471 19731 12948 2327 13596 541 17061 11941 12072 2988 11565 12206 5935 3377 15666 18099 12217 9402 11066 10302 7231 11329 7362 13123 8134 1735 16074 12622 5967 18384 3154 18517 17879 18139 3931 1373 19688 19051 12395 5740 9458 15093 18166 761 12798
5642 16399 2447 6163 4246 2970 10779 10524 158 4894 417 4516 3751 19377 11314 5043 16948 10039 6967 10809 19262 19263 19774 2369 5185 11460 453 16709 6599 3529 13642 16460 3024 14546 5459 3028 2646 15452 13405 6241 14179 5092 1380 6760 9577 13163 4460 10987 7662 17903 10731 7537 10735 14708 4089 9597 3326
16768 10256 16914 1811 16532 13715 3859 10647 9877 10521 13466 7711 7839 14241 14239 18339 19108 6309 18344 15273 17578 17067 4394 18225 6195 7091 11198 18368 16576 19266 3653 7371 12748 14414 15183 9680 3537 9299 14805 13145 12026 4443 12637 7133 12771 19172 2150 17384 1259 6252 18286 14703 19697 3319 4474 17534 6783
18817 6786 16387 2052 645 6021 6152 4235 525 13582 16144 3473 12052 5655 16152 9504 19873 2851 15140 13989 3109 14631 5928 11300 18480 14386 11317 18365 8253 13887 13632 3649 19906 12608 13892 12871 13639 4175 17104 14162 6485 4441 13788 17379 19300 12517 8422 9960 1642 7530 19693 12142 8435 1907 9846 7549 7807
15360 9984 6788 14088 18188 13068 10640 12305 12945 9232 16664 4888 6681 14110 16415 14496 5790 17695 11044 16937 9258 7209 8364 10288 5682 9396 8629 1460 2616 16317 18494 6848 8898 1859 17734 15430 12999 5064 8652 11218 8789 4438 10328 1499 605 18142 2783 15073 9058 4961 5349 2411 15724 10865 15218 10490 8444
3584 7043 264 2568 4746 15627 14093 13589 2070 10517 3993 9882 2462 17311 15392 13603 1062 17322 13484 19886 19384 7608 13253 16071 10439 3917 1363 9172 1493 5843 6743 6359 1628 3038 9438 12512 4064 15969 2530 12900 14054 19431 16488 16617 19183 16368 11634 10356 4853 16248 7417 9594 5115 3964 12669 13822
2049 11906 12291 10885 7174 17159 3979 8975 17023 19089 18834 12691 17301 10012 11421 5660 2589 1824 3874 2595 13476 15910 19244 14255 16303 17329 11183 7599 17975 11576 19639 4541 4287 19782 4937 458 15310 7761 16210 18387 1620 5463 11993 17118 15714 739 8295 1639 18665 4975 11762 10995 5875 1528 16889 13695
13312 13441 14083 13955 16518 4359 17933 7440 8469 19478 10650 3227 13340 9243 9500 15135 19746 19877 18089 298 11049 15402 15401 3626 946 10418 310 14646 6838 2619 17601 1602 15812 11973 17481 18382 5454 7632 12623 6994 6227 8153 14815 10592 1378 1763 10340 12518 1254 12522 8811 237 4846 10868 9461 4601
8709 18565 6535 2569 3213 399 9105 8978 12308 7191 3226 11933 674 16295 13735 12967 6829 6449 14517 8630 12472 11960 17598 19264 18369 13633 3009 5956 13126 11850 10316 1613 19150 16335 6352 11855 14681 6489 5724 12380 4831 18020 9445 15846 14058 11498 6635 1517 13293 12015 8178 14325 12917 1401 3322 4351
17153 8961 11523 18563 2180 7940 19719 15110 19984 19728 5017 16797 4257 16802 15270 5032 16297 19882 9645 17583 12084 11446 15544 14778 16699 5946 10174 16322 4932 3143 17863 16072 3402 4426 19789 19791 19799 14809 9180 4958 7902 6628 10980 12902 10600 1386 16619 6765 13935 12400 11631 4596 11637 14582 15095 15480
19456 13953 13954 5891 10880 9608 4361 3082 6667 17166 17043 12180 5396 7319 2074 411 12703 14754 14501 19366 805 5671 8231 10668 10933 19126 13881 2491 3003 10173 18240 5057 16712 4168 14538 8523 8527 1241 10075 8548 487 3305 1130 747 3306 15469 4203 7278 16242 5492 9077 6772 15863 17912 5243 893
9465 19975 15752 2183 17805 8464 16913 8467 18967 19224 12699 9246 6175 9248 17568 2465 13732 11429 12966 14500 9129 3114 16939 15276 557 16430 6704 3509 15030 7099 16447 10178 3395 14277 2633 975 15825 16209 10197 598 3800 16217 475 5341 11744 6505 11248 10224 9585 6643 18419 18553 507 2044 5117 11903
10243 16004 6278 4111 13458 3730 13588 5524 14744 4762 5146 18720 13088 7970 1957 18985 19501 19631 16434 307 8884 2868 13494 8370 9782 8379 16061 7485 7361 14792 19145 10186 18635 8268 5320 13516 11593 18385 13010 16469 14167 3804 10461 8925 11871 13661 355 17252 6247 5611 11885 494 3318 248 11774
9092 14727 16135 12944 15251 8087 13208 12697 1310 17183 6564 18981 19623 8361 5161 9900 3757 10412 16047 50 15667 6015 954 15802 189 7229 831 1728 3007 11202 11587 15300 850 13651 9556 13013 11221 11736 8283 9310 19041 12001 4196 7910 5097 6378 17003 7022 1776 15344 7670 12279 9978 16124 15359
1409 11394 18947 8068 2950 17288 2057 19980 19726 12431 5519 14229 11927 14360 7322 10010 1946 6431 13344 2721 18978 15139 8358 7723 684 4139 5934 1455 12588 10801 12723 8115 60 7103 2370 2374 15944 18378 9419 13258 15823 5071 15059 4955 13149 12767 2277 1134 13298 1011 3573 5877 13560 10363 4863
17665 3842 2309 1799 14473 13067 10255 11286 17175 3736 18329 10519 3996 6428 8480 2593 6310 2727 9643 5037 3886 19646 5310 15168 19905 3394 12099 7112 75 1099 2381 3450 4178 2130 2518 6102 5721 2651 2140 3037 7136 17635 1508 14181 3427 1511 9064 17514 1780 6774 18041 19706 3196 12541 5630
4099 4995 5638 9739 11531 5136 7952 1427 17813 4508 13341 18846 13857 6179 423 6572 3119 944 13619 6837 1718 10620 313 17467 18881 2883 12232 13003 3150 2895 17488 11860 12888 15706 6362 14684 3932 94 17504 13025 7266 16481 6244 5993 361 3050 8941 16110 239 14192 16241 13811 8179 3446 18812
17024 513 19332 3081 4882 10135 3352 3355 17052 16413 9629 11550 12838 17323 8621 7598 16432 15416 17469 16577 5954 4803 6083 6726 10438 14024 11080 19018 18251 16971 17229 12875 5194 19793 8273 18260 9046 19160 738 7012 16357 16999 11879 17257 15596 19566 2287 9582 9073 2547 12147 3445 6389 19319 19710
17922 18946 18435 13956 17286 5510 5769 2825 8074 8075 12942 17811 8468 7574 14751 16673 8609 9598 10276 17573 1061 19880 15017 14764 12339 14395 1468 16831 7619 455 4298 7245 5325 3281 5848 13017 6491 6364 14043 17884 11485 6750 7135 11615 11234 6109 8804 4967 4222 17641 6894 17657 8318 2685 11518
770 9474 15238 19207 136 12170 6666 10254 2319 14992 11024 7954 6674 13455 5142 11799 1305 6041 9884 1821 3742 15657 19242 4650 2350 9906 14903 18619 15607 15294 577 6466 11717 2758 18119 13000 15052 12877 17100 4557 18768 6222 13657 14685 4062 13411 10982 15079 4966 4855 16755 16887 18552 18045 15487
19713 515 4996 4231 13197 16530 658 16277 1813 6166 11032 3992 12578 8999 1192 9256 6314 9768 10921 4270 8240 4666 6202 15424 17857 19196 12358 5578 17867 15308 9165 19022 11470 16980 15444 12374 8020 18521 9562 16220 5344 4962 13157 6886 7913 2923 8302 15220 12788 6390 12150 506 12155 16764 11902
6785 2947 12931 6407 7567 11540 11926 1692 11293 15390 11422 12960 12704 6559 19747 17701 16933 17575 14248 6698 4013 19502 1582 4400 4529 18611 17464 3387 14273 15425 14276 5068 3662 19792 976 1104 9683 13524 9300 6615 19161 1242 15196 11740 2529 16098 9953 4712 17262 16884 15989 2423 11129 6781 9342
17920 19201 12932 13445 13577 3982 7570 17299 13850 18330 2980 7846 8750 1584 2098 1203 52 16051 17588 19894 9651 6454 11449 16316 9789 6209 18882 7749 15173 15178 16587 18128 210 1621 16984 3164 18783 16992 1888 866 3939 19045 7273 2922 17005 17134 16623 17265 3057 17139 4466 17146 8059 18685
12162 13829 7558 7559 13703 19466 9357 5390 6420 10268 10786 1827 4390 18729 13610 18093 13999 1457 818 3634 15540 53 3380 2356 16056 4031 2368 6593 2626 18502 1479 15048 19530 19151 11857 597 12247 346 7267 17254 19816 1256 11881 10091 2925 16622 9200 17652 11253 6008 14073 3323 15230 10239
19843 13959 15754 2573 11535 13712 3857 19986 275 19346 3220 18198 13460 8210 15130 11036 10654 1703 18088 2215 7335 5803 6315 4142 17077 5178 16063 6725 70 16202 5069 2509 6479 6910 1234 12883 16085 12761 14940 10077 15841 7652 9061 12907 8173 16126 623 10992 1396 16116 19448 19835 19325 16894
12034 10882 12810 1783 16911 10896 2066 18964 13845 3605 670 3102 9630 164 16171 17199 9391 9652 6965 182 11190 10937 16188 12605 957 11711 3902 5953 6332 10045 19652 10184 19401 16842 7754 8653 16979 6869 3926 16215 3034 2912 18274 18403 17639 12014 19951 8049 11378 18931 7030 18295 8441 8186
15617 4482 5383 5130 15246 11796 15253 533 8600 3097 2587 15902 6303 7328 546 14883 14375 15019 5036 15663 7987 9142 19895 13624 15546 19259 7483 11837 11967 4163 964 2886 17485 9555 18132 19412 16342 14163 4310 4439 8795 3165 18143 19434 4715 10860 19440 11250 19318 2807 16634 19836 16765 8446
897 4609 7681 18308 2310 18823 7687 5127 17674 523 10248 8591 15248 7569 6804 13849 12837 14887 18092 9135 13366 6584 8634 13371 6588 12481 16962 19650 4422 4296 6602 1483 17228 4941 5711 14035 11738 19036 9693 1502 13276 2272 14433 14050 1634 2145 3167 6112 15465 6761 17645 2671 2033 118
5761 1541 14214 3851 12301 10257 11923 10008 15008 18851 15398 10409 11440 9520 19509 10421 12343 9017 14523 1981 2877 3264 9797 19398 17869 6093 5201 1746 15700 19030 1623 15449 10586 5597 13407 865 15461 11238 18666 15594 17772 12909 10347 14701 6506 4602 11763 15605 18423 11512 9466 4093 3070 127
1152 1161 12426 13963 7820 5517 14863 16016 3990 9112 2968 1563 7835 156 18333 19360 8866 7204 13222 1449 9902 5295 7088 19890 18482 14902 13372 15677 16445 19011 2889 8787 16982 2006 9687 5846 4699 10588 17885 16605 14944 4068 999 9832 16620 10604 15855 13680 4848 18162 4341 250 19965 19583
19458 3587 19205 15240 3337 11274 10121 7950 15765 18455 2467 9380 14374 3371 5548 1198 175 8495 14901 11703 16696 5816 5947 7740 12989 3773 10817 9541 583 16841 19785 14027 19662 17615 16468 18391 5207 5722 18651 7131 19679 12260 13800 17258 620 3564 13422 7790 5741 4854 16249 7290 2171 16380
15490 6405 19337 3338 13451 12556 13837 14608 6425 6939 2080 13730 17059 2218 429 9264 17330 12978 10619 1720 10682 17339 15549 15039 4543 7359 17986 10692 14661 12495 593 13526 17624 729 16346 10459 3418 477 2527 13922 610 8419 13414 2663 11373 9071 12144 8053 14966 16631 10875 11388 14718
10240 5368 5509 14215 267 12172 6808 3737 6170 6683 10487 12062 4256 13859 11685 18984 10284 6061 10926 5421 11181 3502 4782 3123 7476 14262 4799 5957 16070 7752 15177 10825 3404 11986 17491 11477 10710 14041 5850 4571 18268 13916 15710 7647 19937 99 6756 11367 2028 1010 15222 14199 2552
10881 19460 7562 19597 18965 12053 13081 11547 5916 3228 6558 17696 1698 931 7459 3366 5420 46 12974 8498 18740 1081 2362 11323 16059 833 7108 17740 7758 12755 19668 5080 12249 9691 8924 19805 17501 98 15586 14819 8169 10602 14828 15341 2158 8304 1398 8311 12918 5750 17786 18814 9215
14081 1671 19336 15368 2439 19595 16267 15886 2322 7834 12827 6264 13086 18206 12958 289 3876 13988 19494 9128 12462 19122 12215 7357 5952 6592 10307 18374 10568 6988 6734 3536 10192 19410 1619 2776 7897 15067 6363 10462 481 18532 13413 15716 10855 106 9197 495 17008 4338 6004 12277 19832
5249 2305 131 12419 19588 520 1162 139 4106 7696 3867 3101 15518 4766 799 6049 8097 19620 14759 15146 14250 4655 4275 6905 14907 8764 13885 14530 16069 2375 9417 4939 3405 9037 15824 11730 12371 3026 9819 5467 19165 6622 11369 7787 7149 14062 8430 7667 13300 17144 15737 5370 2812
14209 6402 7812 13191 7947 4365 142 9997 2705 18580 7188 10910 17440 3746 15526 6056 18730 18476 14637 305 16561 5297 11700 18103 12733 4157 19647 2247 8135 15817 15948 19408 10833 4568 602 3294 15459 3172 17511 1768 17769 2282 14823 8425 14311 13294 16750 11112 18291 756 10105 12668 13439
10241 11522 15234 16522 9355 2956 3596 12814 15759 16010 8081 18201 10651 3494 10151 168 7977 5035 7085 303 6576 11055 2485 16566 18105 15930 10171 11450 9022 17094 6982 15560 4946 8277 17372 14941 9436 9312 4834 5475 16227 17000 2537 15467 4972 11118 9712 3443 13171 8949 4597 9849 892
6533 3466 18955 7948 18190 15502 7439 7310 4499 8085 3350 13978 17179 11676 15391 9123 12196 15267 18935 18855 1319 19497 6439 4008 18604 12205 11693 8110 13362 1719 2748 10430 9024 8771 13894 17479 18815 2121 1098 3789 18900 341 1245 6239 12383 4198 17255 5227 10861 10999 17658 11901 6271
9088 7685 390 11398 10376 5896 394 14859 7824 17938 16793 12057 12443 3485 17822 11425 8739 4654 19376 4784 13874 694 11193 10683 18238 17343 19777 2242 3396 18373 19526 1093 12745 4683 12114 2133 5717 17751 15191 2393 13530 8410 7519 2528 9311 11874 18920 1644 18542 3442 13559 12414 3711
16256 6531 773 8837 7046 1416 2952 1036 17421 9485 17937 12049 3988 7317 7448 6941 4509 7847 12584 13361 1971 9018 8125 6846 11845 14918 12101 19658 7375 3920 6867 1749 13397 9435 12636 11868 11231 17376 6752 17251 484 15460 12899 10214 4589 2928 14453 886 3574 5237 889 14077 10751
17798 4742 6025 7050 13962 2578 11798 13336 16153 18073 19104 12066 8484 8232 938 14126 5550 2225 3506 5941 6326 8631 13751 16572 19644 17342 575 16575 14017 1343 7489 15947 4171 589 2254 11467 8017 15831 8408 5085 1886 11487 4320 5730 2402 9444 5219 12648 13162 5354 12018 11891 5752
17408 2688 1283 17287 9481 12298 2954 16012 18829 7052 2831 10129 8721 11281 8724 6677 11537 2450 15385 6556 14622 5665 1058 7203 4898 5924 17449 1197 3117 948 1974 8504 10040 7101 11713 10948 2379 2383 15697 12627 16088 1755 7262 9324 13679 1008 3697 9075 18037 6645 6263 9848 13432
5505 5377 10499 4865 9351 12423 14855 5643 6929 10771 790 11159 11035 18974 5535 3236 4647 11689 817 17716 2614 4793 6586 2493 6525 449 16196 4420 8776 4179 18005 14807 2904 6490 17628 2012 7393 1894 3174 4584 14314 6636 4719 4347 881 6385 375 4349 7419 509 9086 19711
16000 1921 9729 5635 9222 1159 17672 12041 8841 7179 7309 10767 19990 17047 18202 8220 5148 5789 5411 15524 7730 5685 14970 9528 2110 10050 17475 10308 11459 14534 2303 1226 6987 12876 7501 9938 15450 17887 15844 5604 7912 7657 18924 19694 8303 18160 14450 15346 14580 9464 16506 11647
3331 899 17420 16909 19086 271 655 910 3727 4373 7703 8983 15258 16154 9372 13478 10022 13609 18987 16812 15788 19760 18999 14775 14138 8507 19388 6334 10815 11071 12486 13898 2636 1229 13522 8914 14293 16599 4825 19035 6623 6624 16359 13160 12521 4720 13685 12533 6521 18426 16509 19071
2051 11140 3076 4745 15 7056 12562 16019 7318 17815 15512 5788 18719 4639 33 10019 11944 12075 19885 9389 11057 13490 19135 19648 10048 66 11971 15170 11970 19654 12743 18246 2761 12995 12105 19405 7246 10831 4687 12754 82 19413 5465 19033 10978 10086 9062 9706 18680 4475 1277 17535
17538 10371 11654 8458 17554 16787 148 2323 13082 10014 1182 1696 11041 10914 7841 17444 18213 15014 3103 19752 13736 8746 6316 2093 1071 4271 8246 12730 4539 12221 1985 196 1742 13007 9295 8783 9682 12628 217 16986 478 9697 18530 2913 19429 101 18279 9196 13684 6518 12156 3453
15104 8193 644 3976 18703 1168 15120 1148 15257 19482 10781 11167 15012 17064 1453 9773 5549 8237 4658 18996 2359 15291 16573 18751 12231 17095 14412 120 13150 13155 9828 16231 9575 5481 9578 14442 14316 1773 11886 6124 15088 19186 15219 3828 19957 6130 12923 15608 123 19452 11133 17406
9734 5511 9992 518 14225 1300 5525 14874 11291 17953 17572 11175 12714 9521 16691 19636 2869 13109 5559 11578 14779 17085 11069 9025 16706 6853 16966 15431 13512 17611 18510 19028 6358 10841 16988 15965 9821 2914 1635 5734 18535 9958 11497 4333 4463 6641 10353 9842 18167 14458 18942 1399
5252 6277 5771 19468 10384 4114 12435 13437 8214 15255 665 10265 17180 13216 11682 9634 18681 6057 12204 1328 8368 9656 5438 11715 8778 14028 10956 14415 10960 11346 4564 18519 18010 11867 19804 4956 5214 2273 19043 16868 3686 3303 15850 1518 7919 3439 12529 14965 2679 8824 1017 17917
12416 17025 6273 5376 9986 6791 5256 18953 8073 16395 524 3469 6416 3218 19732 1045 19608 10137 18079 3240 5551 5169 9778 11958 10299 16701 12093 10560 11203 14151 15175 5972 17238 13784 4828 16350 7264 15968 1889 7905 13291 3308 15853 1262 10990 2291 19700 8436 9460 4986 7164 4990
15747 16262 12424 13579 17297 13461 16538 12188 2204 8988 5278 17439 2722 16291 1315 18341 6822 4006 12073 7468 10669 2620 15295 5826 7876 11461 3526 2887 17224 5961 5195 15483 11859 6995 5461 7166 8152 19548 10076 13279 16614 16360 16105 9193 14186 11241 18678 13558 126 3579 13565 11646
17280 7553 14850 11268 3335 14089 12809 7694 1430 8474 15006 8863 11428 11176 15018 683 13356 9394 3382 15160 7995 17980 2365 14014 2240 2753 3141 17862 12359 3655 7885 13262 16465 1106 13142 8539 16352 227 3683 19943 360 1127 5225 6255 5746 9843 13172 16885 5623 4220 125 15102
9091 9479 17416 10503 12938 6923 1677 10644 6809 19227 12571 16284 19229 7710 18989 16685 6702 17072 12466 14899 14516 567 18234 2234 16570 12346 6080 18370 2631 11848 9929 18762 15690 13383 8266 11599 15312 13905 9557 18903 10200 4188 8416 9059 15845 19306 18412 11629 18927 7676 3325 7934
7040 15622 5262 2577 8211 1432 17944 3482 19225 18331 18589 7071 4132 19110 7601 8753 11956 3892 9270 9015 7097 4410 6717 8382 9151 3651 8388 1734 2502 11386 13004 10444 8146 18003 6486 5208 8411 7261 5853 19553 18147 4067 12010 12266 18796 16492 18926 15599 5238 1146 7292 638
12292 17558 6680 17946 7582 13472 18466 1187 36 8105 1066 11179 7211 13485 17070 558 12467 4148 6452 10175 12226 324 18375 9031 12873 6857 9673 17997 1485 3152 4688 1492 3413 4822 17753 15835 19803 10974 16096 4448 15970 19683 11366 15723 15595 15598 6896 629 10744 14971 14076
14980 19204 14598 14479 13329 11538 918 2967 1046 8345 11675 2332 13311 10142 14623 10272 1057 12322 8483 425 5673 171 9770 9518 2479 12210 8499 8374 12087 4536 1597 16958 13246 2882 15043 19395 6472 18507 13391 7249 16594 19940 10344 7274 18540 1909 19958 13174 10102 16761 383
1793 10497 14340 12679 17289 17427 6039 17304 11931 10780 16924 7206 10665 5547 19119 560 19121 19889 13749 15926 5174 184 11320 17086 18497 195 5576 10573 11727 2128 9297 9298 9044 984 10074 19807 3168 18275 4838 12649 13290 15979 7406 5487 1266 18804 2934 17014 19961 6652 18430
2945 12802 1027 13454 17041 17430 12567 5793 1443 13987 5669 6950 7334 8488 2989 2096 19252 1848 17721 19771 19132 19003 15163 17599 10684 14146 19780 16836 16325 5584 15103 15446 8407 14040 16854 12252 2400 18021 19303 15977 1516 879 8176 18033 15091 6387 17013 9078 15096 12157 14335
512 14085 14605 14 12557 1167 2576 7062 7321 14366 18207 9376 14113 5795 10789 17702 5670 10280 12843 1332 5300 11957 11579 19520 9927 3527 16201 969 4680 12872 18637 19918 16973 7503 18897 3160 4312 12505 91 12124 15589 488 13930 17259 12525 19696 14704 8692 17150 16255
3333 12550 16649 12811 19851 18445 18701 5900 9618 4754 20 7059 18581 9752 2457 6555 11168 12321 18209 15010 16164 19240 18732 10035 10676 2997 14006 3642 6078 7999 3265 9538 6212 10694 200 7370 19154 4307 17493 4827 11996 19425 7139 14180 14822 7786 3950 7791 8174 17402
11905 1282 5388 14477 14094 13711 19473 5266 5779 16916 8215 23 13079 1178 17053 10153 8234 8491 3883 16943 9905 6650 11318 10425 1852 3260 3784 8521 19021 15822 5969 10706 3539 10707 7132 3805 13024 8033 1376 8035 19432 18923 14445 10867 3062 8183 11898 10365 19966 1151
14336 641 3202 2567 17415 15113 16906 16138 2572 16013 16910 11533 7817 660 539 16411 2460 3104 5797 166 5160 18731 10542 9006 4912 7218 3637 15929 5179 15165 12609 4421 73 16593 13266 18263 1374 11746 14949 18537 18795 8555 13551 3567 15089 18674 5495 14714 19582 12543
9988 10889 7700 2198 16919 18968 18970 9370 19099 8733 11166 14753 418 17700 14629 18223 11186 14134 18748 19005 12606 16574 6847 9660 14280 3576 6603 16588 8525 3406 847 14673 9940 7380 19672 1113 2778 5849 12000 15333 8294 231 2542 10606 12526 16883 5236 5749 14072 1791
13314 18821 18442 8589 4750 17935 16020 5398 14619 155 11935 3489 4005 15399 8360 10794 19117 2360 6968 17983 2879 15553 13377 8520 18638 10321 13396 5076 8022 14555 13026 15717 14310 7784 16745 19946 11499 4332 7788 9966 16751 1902 8432 2164 14198 13431 17656 11894 3578 4603
17158 3209 1932 11405 13581 17679 6925 13078 2072 15770 5275 7579 10144 12070 5415 6961 19510 12728 16184 17725 2429 14401 13634 4938 3275 13775 4943 209 18777 14169 19546 16345 11226 609 19298 13027 13028 11363 1506 12002 3809 10089 19050 1771 7653 7661 9066 18799 8568 253
3841 17155 14982 13578 18827 4491 6924 15764 7316 14998 5881 7194 3619 297 9769 18219 13739 6575 18879 192 4160 14274 17605 6213 2505 588 9552 1105 15698 8533 1111 728 10583 5978 14942 991 7646 5727 4199 13033 874 18155 12524 4842 1392 18292 10231 13689 3194 19455
9857 9730 255 1419 6031 19604 6165 14614 15771 19228 2336 17314 17443 15906 12708 8230 14886 2983 18858 12715 15665 13491 13879 698 1213 6205 5567 5059 4807 1992 9289 9804 7887 594 8147 16981 6108 16094 12894 9182 7009 17890 1385 17390 12527 1393 4209 11635 4858 9087
17536 9728 9095 17546 779 2698 397 3853 12178 15895 17687 8218 7962 5147 5150 12702 13728 13089 1442 291 16293 4776 14256 12464 8116 14396 5565 16580 2118 4810 16211 2515 2774 10713 10842 3546 6107 13917 11390 2276 1520 3184 4336 3315 12020 10101 2166 13048 18170 1406
14600 8202 13195 3475 13843 12438 19484 16157 15646 16672 14881 8992 10403 9505 6949 17574 13606 10661 15787 6446 304 14771 9983 16183 15671 18363 5311 1344 8129 12354 12357 11092 19797 3416 5209 19291 11356 8669 7772 6496 1124 13927 15593 15083 18670 13038 18294 3320 6266 9343
3845 15751 8711 14607 14991 14866 19610 19612 6945 3624 4265 14890 3498 16684 7853 1838 4269 16688 12595 5045 9526 8633 4282 8124 9150 9663 11075 8260 3703 17225 16713 5197 16849 7251 1108 9941 16606 14558 9567 6625 1251 19301 7146 13420 8559 10607 1904 12531 9079 15228
7 14857 9609 15883 14729 1550 10768 6035 2840 1948 14878 18078 15776 8607 677 18469 10796 14380 688 5171 12214 14391 3129 16442 18490 1088 10562 5187 19524 12485 11588 19017 8536 11481 3802 5852 10333 19170 11111 17133 7533 5999 7408 17778 7410 18293 3189 8314 7931
16896 16258 132 8580 16260 15623 13832 2696 18187 17678 2071 3224 15897 16285 7455 15137 12707 15141 16550 6824 17321 8873 7724 14078 7350 6330 5051 9020 11708 6970 1087 457 7765 7001 18399 480 4065 8672 8547 13030 7911 5610 11242 9836 8813 13295 15730 1144 13438
11392 5890 12805 10887 10888 8842 4874 14990 12559 14353 10131 16406 1942 15000 2969 17819 6811 19489 10404 932 3622 2085 3627 5163 18351 1583 9397 12726 16311 693 18875 9532 4030 970 15051 1486 8917 8278 18782 18144 10090 8171 4983 2803 17268 16375 18811 13694 3455
5633 1287 16776 18697 9616 1047 6553 3357 415 11936 287 19106 13221 16043 18860 10798 14641 15154 1330 5554 438 18232 7864 2490 12091 15419 2749 1857 3524 16710 6601 16715 4811 19023 9309 19168 5857 3552 7521 4583 9199 8048 11633 12659 245 17525 14711 3704 6779
7428 18438 9 6282 7177 8972 15885 2837 18199 14107 2717 18205 11679 18723 14885 5801 12717 17710 14130 18615 17336 2744 14648 7611 5951 14275 3780 197 9942 3545 218 3673 15198 15711 1375 5342 12647 15848 11751 9194 3309 5869 6516 18807 19320 8058 14972 19453
15745 7682 2308 10756 12678 10629 18832 789 19102 1312 11808 19362 11683 19109 18214 10536 51 13876 19129 5433 5825 15938 451 13762 18117 15558 12619 12368 12625 17235 4051 2773 7127 14554 15068 4700 13919 8037 3557 489 6380 18544 4856 14578 17908 7672 4859 7165
9856 14211 8454 6920 16264 14347 11789 2449 787 2708 4631 11938 12326 550 7208 15143 19379 15157 12341 5686 12862 10176 6084 11847 4170 16843 9035 7627 462 16340 11989 4565 16216 15193 3290 19419 14948 1381 15077 1387 18414 8687 19826 3058 12404 16374 12535 11254
15748 9989 11397 3729 12821 19222 17174 18584 11929 13725 16032 13218 19491 17319 5676 180 6713 3516 12224 322 7490 1478 72 7753 11344 10834 9428 1109 17495 14553 16474 14682 2395 9307 5472 2147 13672 7656 3436 8557 3440 15217 7665 13299 9459 3192 7418 15231
2816 2560 3457 4097 7813 4230 5255 14344 13449 4104 7434 9737 17808 5776 6931 13465 15259 19741 6689 10405 10154 13742 19891 2357 5690 7355 17216 2114 16452 7368 14925 4047 3793 4947 18389 13399 3162 4316 16861 11106 13285 1257 12272 11249 11124 19447 4862 16895
2432 19585 19715 13957 11270 13323 5132 2575 534 153 6554 13979 18587 9244 11165 413 9763 11690 1963 5932 16301 7467 18998 7606 7225 445 19137 11330 15042 15427 13121 10569 5323 7889 2642 8276 9814 14551 6233 3170 16099 16874 13936 17394 8437 374 1527 16382
6020 7430 18694 16011 17294 13713 16146 1557 3609 19355 7709 19742 5413 18856 1321 17585 6834 17714 5938 19381 6071 7612 7743 193 16583 11337 7114 14923 2892 18125 718 1874 6101 15704 13532 11488 4577 11364 3815 493 9581 3183 18928 14577 9330 13812 9206 5624
11264 1665 4481 16644 3462 522 13452 4244 5783 8089 7578 796 9760 4641 16162 8738 3106 10407 15656 7592 14252 10799 12849 10675 5555 18231 1727 9540 17861 13386 586 5077 13783 2903 3962 10469 997 10983 743 14569 15337 3692 4595 19190 5367 18810 11516 1278
1029 5894 4107 6289 8338 531 8217 3483 19868 2079 4896 2337 6050 17576 16555 16941 12852 10423 2617 13627 1339 9533 19903 3010 15428 14917 7365 15304 19657 19019 16080 7420 2901 10071 10072 16731 19163 483 17126 8938 10093 3696 13049 17914 16508 10110 12799
4608 15235 17796 11524 4614 16263 18055 12807 9738 1931 13966 15761 12181 1815 15775 17569 4642 3491 7713 9255 13992 17964 2735 11568 13873 2866 10294 13623 16312 5180 12736 6339 18884 212 2266 3803 2908 350 9569 6499 6377 10730 3947 15084 16621 17901 624
8194 14466 16516 17547 8587 3343 5010 12307 1404 14235 12063 12319 6435 7464 10410 10026 5034 7982 5807 9008 5556 18230 9787 18108 13268 10198 19290 2779 3707 1377 5091 3428 6632 3176 17642 19563 7402 9325 109 3951 1900 883 11893 6906 14587 14716 4094
4740 15366 17031 10764 10381 13838 12690 11161 2078 8736 5538 8227 1444 11172 2087 6311 15147 16044 1580 2553 10159 19505 10873 183 11577 4154 3392 5959 17097 5193 15180 11981 4815 11600 18774 343 1752 11096 2280 4457 12657 1137 2801 18937 2682 19707 636
8576 16385 9985 9605 19848 18058 4110 6547 15380 8595 18203 9757 12191 8224 9121 19364 18980 7845 15281 10547 2613 15286 7991 7098 14141 14788 11208 5577 16458 463 1625 3289 4697 3071 7778 4325 8680 14313 19818 19691 4076 10989 5612 7400 5879 18043 16639
15624 18057 4108 17549 13717 10392 1050 11292 16286 10912 11811 14756 15142 13607 3111 15660 6959 7602 19515 4668 6337 10051 3270 19656 3531 717 10958 17487 10575 14674 1107 6228 19798 17494 15065 3930 9433 12382 4576 18917 5228 7920 2036 501 10740 8191 13567
1281 11265 2435 3329 16774 4872 19209 521 8461 11149 4243 9117 14495 160 11809 3238 3243 6571 2099 7988 6835 4790 14843 11065 8889 12603 4923 8254 320 4424 14794 333 5710 8399 15441 19922 10204 6494 12388 11883 12652 16878 5617 6386 2555 18428 14846
15109 12935 15880 11913 519 4875 2320 8594 14227 8473 11033 15004 2723 18596 15396 17446 6825 16429 14257 14008 7736 5944 8635 7865 17213 14783 5955 2119 7111 13001 13134 7253 7898 13404 12126 16351 3296 16097 4960 6369 17766 14440 5489 19570 5235 16505 4218
12800 642 2313 778 5387 12179 4245 11543 12186 283 1179 10525 3487 19872 2850 419 2342 7850 2732 9388 9901 2867 12086 8894 7747 8902 9286 9291 17363 11227 13148 7006 19935 7776 10467 9572 11239 5480 14443 12016 2163 9463 12025 19066 5885 5502 6655
19968 13826 19717 3463 12808 18185 8199 10123 2571 7057 9107 10772 5268 1175 9374 14367 8486 13863 17065 11182 19248 6193 19764 13240 3645 11070 6335 14144 17089 5450 15054 9806 7886 6993 8400 1877 3541 14427 8155 8926 10466 15971 12387 7654 7538 5366 7805
16512 8451 19590 2951 19206 2185 11786 12171 3339 4364 4113 18196 4889 2207 18080 17056 7327 12964 2086 2857 2737 10679 15034 8508 18493 2881 7491 1604 10180 13385 2765 18126 12750 3534 2516 11478 15960 216 12385 10213 1383 5226 19438 8686 15473 11004
13318 16136 16907 6669 7953 3222 3607 10782 10147 8613 19238 15015 5287 4017 3122 12977 1462 5942 3896 12601 14142 2120 17993 3144 3400 14926 19663 12112 1490 7639 15064 6874 9306 6493 8798 1633 5731 12516 4069 8165 15081 18159 14959 13554 7794 10361
12929 10116 4229 19335 3848 15114 11275 12051 9364 16665 16033 18337 4521 18090 5675 6447 17073 12721 2227 6321 1077 8117 10296 13625 712 5962 10828 14545 10322 13909 13782 87 13528 19420 11742 6114 1513 18671 6256 18034 14195 7539 14069 4085 13561 8061
11267 5763 4748 14989 8213 1817 13083 284 1316 2213 10918 7721 4905 9772 4525 12333 8114 1715 13239 6456 5435 11195 12990 16834 16586 4042 17612 1740 16974 18766 11852 19199 10838 8537 4186 1627 14556 11994 5593 10218 5739 6254 7535 11760 17267 17663
2829 5906 10642 5781 12437 17182 6944 5281 18343 10617 1712 13104 18994 2611 15924 15156 2740 12470 10808 17211 11836 9661 704 3393 9924 15941 15174 17096 19913 17996 4440 19929 5469 13666 14818 9700 16229 8679 18285 15985 2673 3059 9589 7541 8310 19833
8195 17540 14853 4626 17683 6675 9499 13723 3740 12573 1055 16416 6818 2217 3245 6957 953 1853 14526 8509 7236 4297 9546 1997 15438 18383 2767 9933 13781 13910 7769 10843 10593 15462 16364 7789 11884 19312 9969 2035 7283 14197 18934 10488 17019 6269
13697 1026 6916 9348 12551 10631 19082 6412 17300 18709 17945 5276 5410 9507 10150 12454 9641 14122 11562 9777 19762 16562 4659 8885 19767 9019 2364 15037 15815 13897 9548 15185 1361 7507 16598 4696 18527 2784 16609 5864 5098 885 15864 4477 19838
1153 6148 11529 19469 1551 5009 2068 13462 3869 14242 8867 17060 13348 19878 14757 3496 13220 4398 4910 3763 5939 4406 17080 3517 3776 19394 3652 16200 17482 6478 15695 4176 18642 2524 16989 2016 1761 14816 13926 107 7277 2544 14581 5625 17276
10496 6400 514 14467 133 9990 6543 403 18579 2836 12820 19863 8346 16666 10653 5533 12834 16419 10797 17328 17845 10678 1086 12479 14272 5317 7759 1233 14803 1491 13908 14806 14935 11225 18652 18012 9565 3808 5477 17897 13547 7659 12271 6511 764
18048 16640 3458 12803 16770 19849 19722 11402 19982 11662 10766 3606 10778 15003 8735 12832 19107 169 17582 13872 2353 4274 18867 9013 2236 15806 17346 7874 582 16336 2131 10966 13271 14439 18152 17385 10475 9453 18798 15603 628 10872 16121 15997 7038
10112 15489 12801 8200 652 3599 10005 12828 9375 17697 12198 8618 14636 9005 14897 4401 6839 1336 14010 18364 8900 13644 11084 4303 5712 18769 3027 14549 17622 18392 19676 6365 7777 7677 16869 13416 3819 10732 5613 2159 8816 1016 13436 2045 1790
260 15621 7821 1679 13970 1684 5652 9108 13335 6813 16034 14243 292 18725 11686 6436 2088 9513 4395 6956 16702 12353 18498 10950 13511 19403 18379 14158 11086 720 5844 6357 14679 12507 6366 1247 3039 19938 17506 19686 2665 19185 17138 3699 12024
14210 5382 1546 9867 4628 917 12823 14489 8731 9887 5796 1573 16422 3368 17706 682 19757 18734 3632 8119 14906 19133 9408 4290 4933 15686 16075 13903 15056 17503 8544 14434 995 7780 4450 9067 6771 18676 4980 4727 8952 6009 7163 13693 15358
12288 14594 16643 18313 5002 5898 13066 15373 3597 12304 2962 9490 667 16412 12193 9889 17317 2341 10025 6700 19375 15159 2621 17480 1608 2122 18764 12879 14160 9043 7636 6614 8794 10845 18912 3425 16610 2024 17002 8301 15982 7545 12538 11387 4478
15365 11526 8071 12300 11792 13969 13094 7591 8489 1194 15023 1846 19383 2104 444 9791 13376 19649 6467 5700 17988 5063 6730 6218 4559 6610 18771 7763 18390 2394 4063 2656 8673 4582 1128 13417 15980 1136 17137 5873 6001 1268 14964 3701 6395
18051 19718 391 18184 15241 5129 18571 788 6168 5401 4253 12701 18848 9120 19618 5286 4392 6444 7216 9143 825 18237 13506 19536 336 5328 3155 12631 17497 6879 10208 9568 6240 4578 8415 19302 1255 2278 3179 7023 8433 3959 11385 252
10759 19983 12816 19729 2453 12054 7325 15011 16165 13605 3881 10922 18606 179 17460 17203 17974 1335 9271 7352 7224 16189 14528 4929 10949 17349 7621 7880 17739 11088 4181 4566 19032 19932 3299 11747 15468 5229 241 3185 6642 12145 16376 4857
19586 900 6409 6537 5902 12430 19472 19861 4118 3096 5915 5277 2846 543 18463 10401 9635 16038 1577 12585 43 1069 15407 5759 18617 5305 6587 13378 17735 10824 14665 16212 17367 15833 17114 6745 1244 17762 19556 17781 11126 9207 9080 4607
15874 3464 18059 17295 4496 14355 6036 16661 18069 17172 18718 9247 9636 6308 7463 1961 18349 16048 17076 17844 2487 6972 7624 16970 77 208 7891 18901 10582 9559 13785 989 8158 6751 2019 9955 9321 7532 19701 6520 14457 11130 5116 18686
17666 3716 19978 19596 19091 9363 10006 19097 12570 1820 3105 11170 14628 9893 13868 19759 11953 17209 10445 15309 79 18255 13392 8781 7123 11603 4821 13911 4471 16736 14306 13031 16616 7144 10856 3310 19823 18417 16370 9714 15223 5628 9725 10879
7296 4232 10250 8846 8078 10770 15634 2452 9621 1562 6427 19997 17318 15912 2090 813 3639 10047 11975 14282 12107 6349 10190 15181 15568 16848 15827 5205 9176 5083 19933 17758 19422 4704 17889 3169 9056 6116 104 15209 4330 10095 500 16893
16273 2073 666 11290 6043 12572 3233 7719 8233 3116 6060 14766 14383 3248 4656 17074 12340 11189 6455 1080 8890 17083 9404 11327 834 4418 7618 18889 205 19278 9422 19024 8657 9170 5200 13277 6243 12262 2407 5996 1646 2293 6133 8313
11649 776 7946 5516 4371 14358 12569 14456 3614 14752 12065 5025 15911 3755 15789 11437 8623 10673 10034 822 14904 441 15936 6596 5190 12488 11465 15816 9290 13132 9805 12113 14547 9045 14171 1246 6753 4194 19684 19173 19698 9587 5622 14200
17793 3460 13324 19341 16528 1809 7442 8083 13844 8597 19351 13594 9118 13343 3873 675 6696 4393 12202 5292 13741 12460 17969 12600 7738 18752 11591 4553 17866 12234 10441 16845 4685 8401 979 9685 12504 222 9830 615 10346 2927 12666 6012
18052 16901 11141 15496 7561 16785 6162 18840 11673 9626 18077 15262 15263 15904 10657 3241 15531 10540 17326 19120 19504 8497 819 11443 18485 5566 12742 968 10572 8144 14687 19040 11489 11391 12646 3817 4201 11113 13806 4340 3830 3832 12665 3583
11648 7816 5897 6281 16140 18961 18065 13331 10774 9880 2205 11942 6182 2984 12716 11569 563 7095 18872 2363 13886 7486 7616 10305 10820 1736 4682 3407 13904 2512 3706 7259 15837 15329 19557 6630 12393 9450 18030 6127 4078 884 7159 1402
16384 3330 5 4101 9480 19977 3720 9228 4621 3091 1943 15128 14877 15774 16414 19743 4133 7077 16169 14506 2731 1327 18620 19138 450 12994 10690 14278 8403 4691 1751 17496 14939 12379 4189 13793 3042 751 4847 4721 1906 7032 11769
6401 7688 8460 5645 12429 15119 9487 15377 12947 10516 11413 6682 11804 1566 1697 13608 1705 9386 15659 16431 16308 1847 3641 9147 6076 16192 3268 14916 1102 11731 15322 19674 2523 14177 15074 11494 8045 371 19192 18169 635 18301 19454
2949 6534 19079 17161 15881 10762 19730 8082 18204 11932 6178 8354 7716 8997 17451 10027 2095 3888 8755 5557 3510 6582 15422 5441 17987 6470 15562 8395 17361 5457 9431 11608 18778 18914 11878 13032 17391 18288 2032 6260 17401 2811 5245
19073 14981 7432 265 16275 12184 7192 15642 18715 10017 2853 9382 5800 5162 16811 4146 13492 6709 9269 16827 63 7746 9033 14411 76 1614 12151 3029 19543 16219 6110 14560 15843 12773 18406 4837 14444 17519 15215 11506 10484 3447 7033
2565 9477 14854 13063 15242 17419 5004 15756 4751 4883 12825 4891 6940 18083 12965 15013 15532 5422 14127 5296 18481 10806 9401 19899 7996 12350 10431 6343 17352 3661 80 6992 16081 342 7774 4454 13423 497 12915 1142 3065 10618 8957
7938 7943 16266 16394 19339 9098 2321 19090 11282 9237 9239 12575 1951 16801 11551 9125 18726 3110 5159 6826 19884 18607 7479 16446 7614 11972 19144 8264 14408 18259 15955 19541 14680 3675 15963 15328 15842 19046 13931 6257 12405 10997 16511
18432 2564 19078 6408 14732 13069 4623 10000 14096 17555 5270 6550 7577 17821 14626 12453 10282 9898 10544 1586 5684 6580 3648 9793 17858 17348 18247 11978 3916 17875 18644 16726 731 4315 6113 9314 1890 6626 5737 2798 5743 1015 19065
5248 259 10883 3847 10633 12683 14349 11410 277 14870 6421 16805 13479 16808 12594 5940 17590 3001 15423 581 1350 14535 9415 10185 10570 7497 13518 1103 14416 19665 4187 16733 4193 2917 3433 15466 3178 10986 10991 4082 1781 7161 381
6664 9993 4497 5649 6292 9113 2459 15138 12195 18728 12586 19371 939 17197 18990 15535 2992 2097 308 9141 4662 314 7873 17219 17603 1348 13510 16463 14800 1488 4562 7762 7252 2899 10712 3163 3040 871 18025 4073 9717 7287 14202
3334 18314 4747 8716 7182 9102 1690 19739 10908 2718 1787 6817 930 11940 11557 8357 16036 16423 1956 12329 4778 17202 2361 16955 2108 11067 4158 10951 1607 8010 459 11733 18395 4321 19941 4968 7272 622 630 16251 12925 1918 2431
4227 2953 1034 16531 15638 19736 12313 798 11039 8482 13347 9764 2469 14498 8356 17320 2738 4019 14518 10422 11192 5948 5052 10046 9667 12615 3277 6733 15952 15448 13273 16347 10210 1762 11236 8808 13928 6122 9195 19309 2543 1521 10494
3972 11652 7045 11653 11020 21 15256 4251 1056 18979 19367 6695 11820 19374 13616 1593 14270 191 8257 18627 1223 6087 7243 7499 18767 1871 4304 12244 982 6618 19812 1509 16358 4709 19560 18409 10472 243 17140 755 2932 7928
12417 11661 2191 13967 12047 14486 19606 15905 42 4781 10802 9010 3768 2109 3390 3266 12482 10622 13387 17870 6097 5073 340 7255 12376 1370 13403 17629 16866 1764 9702 8166 6121 19056 5360 19314 2289 15604 4468 10998 11642 12926
18306 7557 6918 1414 8327 15630 19219 3348 8979 9496 4637 9886 159 7584 680 6058 2299 5424 7866 13115 18878 4164 5830 17736 3278 8655 12624 9169 4306 14931 11347 8149 11899 19421 736 10217 14446 10223 759 19834 18683 17147
16404 19605 1044 4758 15769 2586 4506 13853 16288 6434 4514 10537 17963 16172 10413 6194 1209 14784 5570 5316 12102 16203 3660 6094 16725 7257 1115 16093 19037 9951 994 11618 18276 16355 14698 16747 10478 17264 11888 7798 7415 9726
7552 5123 3211 13328 3984 15894 16543 19111 681 2473 7604 2230 11968 7617 5571 19142 584 1481 11209 17233 11729 18008 12123 8284 17891 15334 18023 1896 6249 4326 12011 8044 2412 9069 19311 6638 4212 18421 17910 15221 4221 13949
14470 8838 13065 11791 3856 5778 15635 8725 8854 409 19353 1309 19105 2596 9134 16815 15151 16944 16818 4911 7857 2998 16695 8248 17340 15164 711 3153 2386 19285 11735 13535 11999 10084 6374 11752 3946 12651 7666 13814 12662 8825
16641 1284 10758 2826 7058 10233 5022 928 14112 16804 18221 19503 9007 16175 6453 19900 6333 9918 1983 17600 4801 17218 10816 17222 4038 18765 19406 15693 16077 17499 16476 992 18918 6379 12139 4208 14066 18290 2930 12534 3193 2554
4864 9347 15876 7303 17929 18826 395 4492 5518 16014 13309 13972 16671 18595 1571 9133 2608 16563 14260 4276 5688 2625 3906 14913 2116 3909 11077 14026 13259 10700 12242 18772 12372 15957 600 7650 15975 2670 16881 13435 6141 1662
