256 129 131 903 9 397 145 276 795 541 415 545 931 547 164 941 306 309 58 189 702 707 324 583 841 976 80 721 339 464 982 857 609 356 871 487 874 234 882 626 245 508
640 6 775 650 655 656 913 786 22 665 282 411 292 37 422 423 936 41 310 953 698 59 60 572 62 63 709 325 970 851 212 853 87 728 477 741 108 492 497 755 887 890
128 774 647 264 778 782 404 663 924 540 163 677 168 557 47 945 817 818 180 950 438 569 955 188 65 199 73 209 980 485 103 360 617 104 879 752 114 885 118 124 894
384 257 259 773 520 906 531 403 409 537 933 807 169 556 179 691 821 565 319 833 836 712 457 200 718 465 594 337 474 475 354 996 740 357 494 623 627 501 631 382
390 776 395 12 529 660 408 156 926 800 420 44 685 431 560 181 54 570 69 715 459 974 81 722 214 602 988 476 865 225 743 618 107 748 878 373 119 122 383
518 654 142 270 272 639 915 414 160 421 38 679 296 940 45 173 174 49 312 61 576 450 837 588 973 461 469 86 344 92 362 749 500 629 886 121 766 511
896 897 899 910 20 149 280 25 283 412 925 673 674 930 803 293 171 300 814 304 439 56 440 956 835 964 581 972 981 220 610 872 489 364 367 368 764 638
768 771 517 651 652 781 396 402 147 916 151 922 667 678 555 172 563 951 313 827 452 838 458 463 466 213 984 730 603 998 745 875 363 109 624 759 252
642 132 391 268 269 658 671 672 295 680 938 810 682 686 50 178 446 451 710 713 844 206 340 734 606 96 995 611 358 621 622 238 369 115 757 247 507
1 2 4 260 780 526 18 787 278 919 155 284 797 806 683 433 947 952 825 828 577 961 578 198 201 218 349 350 351 993 999 750 496 375 505 253
770 133 263 139 271 274 659 789 918 406 793 927 294 427 305 562 177 52 822 315 968 717 978 724 85 854 600 93 605 738 237 112 241 370 633 763
646 905 522 784 23 792 410 157 288 804 676 551 813 175 688 311 697 186 957 191 64 705 453 454 455 460 975 599 216 733 478 100 616 240 895
388 657 668 417 935 809 684 46 432 944 946 566 444 701 960 579 965 327 840 843 846 590 592 598 343 347 479 483 355 754 884 762 251 380 127
901 902 134 637 788 159 928 801 419 937 815 435 182 694 826 187 317 830 447 959 330 77 79 979 468 725 342 991 482 229 747 113 625 765
653 24 281 923 28 929 291 548 165 166 549 424 681 690 55 442 834 78 591 848 726 345 90 990 862 226 880 883 756 379 376 891 254
513 386 514 909 785 532 664 798 670 35 553 942 943 816 51 183 696 954 829 962 963 580 966 720 593 82 473 233 236 753 250 125
394 525 912 662 535 26 939 812 303 185 195 68 329 971 331 205 847 596 341 983 987 348 736 994 867 742 873 881 246 378 510
262 135 14 144 17 273 791 538 794 695 831 66 706 969 845 335 850 852 855 217 346 735 608 737 499 248 377 636 893 126
515 255 15 783 27 799 934 298 554 430 689 308 57 448 193 196 71 585 586 204 334 729 868 102 744 746 620 761 381 767
641 261 521 11 141 530 790 536 161 162 558 564 949 958 67 323 967 849 601 986 992 866 869 614 359 490 619 249
512 3 643 267 539 544 416 546 36 559 48 692 190 318 192 575 72 587 462 597 471 88 864 353 739 110 116
904 649 398 30 33 418 675 167 948 443 703 832 321 70 711 467 84 731 94 607 227 877 111 498 374 888 509
0 772 5 519 7 8 10 136 13 143 666 32 550 811 53 184 76 208 89 860 221 352 224 244 758 504
130 387 900 516 645 400 917 152 154 158 543 40 426 437 326 328 207 338 861 99 228 231 491 493 892
266 914 148 533 279 29 290 299 307 441 573 322 708 839 336 723 472 91 859 604 223 484 365 628 760
265 399 401 921 413 34 805 42 567 699 194 842 202 74 222 95 101 488 105 235 876 630 502 120
258 392 527 528 146 21 534 542 286 39 552 43 301 302 693 571 203 863 98 361 242 372 503
385 137 393 138 524 140 808 425 170 445 320 714 83 470 985 481 97 615 232 243 117 634
277 153 796 687 176 434 823 568 314 700 574 584 75 716 211 219 612 486 106 495 239 632
898 523 907 911 287 289 802 428 561 819 436 316 582 332 858 732 480 613 751 371 506
197 870 648 297 779 908 333 366 719 19 820 661 150 215 824 669 31
456 595
