0 37 63 65 66 83 85 109 111 121 150 153 197 242 312 332 362 380 384 401 443 444 476 563 573 676 710 748 766 779 801 836 865 872 944 945 972 
43 51 58 235 344 427 432 435 560 607 701 712 751 860 980 997 
170 171 176 198 232 318 341 355 363 381 445 451 471 498 499 509 545 561 597 628 629 633 656 763 773 807 859 889 902 956 
8 35 100 166 258 283 314 316 326 329 428 470 485 494 500 614 684 707 741 758 880 886 917 
55 122 184 201 218 233 238 246 339 385 438 439 446 502 503 508 540 608 667 718 719 805 832 848 894 963 991 
1 11 28 76 84 90 91 140 177 180 213 270 340 370 371 383 403 404 458 479 504 518 537 559 577 677 716 734 736 743 825 831 847 851 873 884 893 913 938 966 992 994 998 999 
62 69 70 73 87 131 157 167 175 204 205 229 280 315 467 493 495 534 550 567 578 647 657 695 709 728 746 765 789 794 827 867 878 931 976 
12 25 77 148 194 250 276 490 531 541 553 562 601 722 767 768 803 804 814 852 890 909 961 975 983 
27 29 117 161 174 207 212 245 348 365 378 406 409 421 473 481 526 583 665 735 739 753 793 862 869 871 888 939 949 
48 57 132 179 185 209 244 323 324 330 416 461 554 558 565 584 591 631 693 724 738 870 905 914 967 977 995 
2 3 10 22 32 64 68 95 101 110 145 151 173 189 214 227 240 241 254 267 271 328 358 360 389 394 398 420 452 505 523 535 557 574 599 613 622 630 635 644 668 671 725 727 756 760 777 795 816 826 853 921 926 929 954 960 
75 133 152 163 249 256 278 336 376 410 414 418 440 448 515 524 544 585 611 640 737 781 799 834 887 891 907 916 953 
23 38 39 45 59 79 115 135 159 162 168 172 206 223 231 237 260 266 273 274 279 289 291 292 297 305 311 319 334 337 342 357 359 364 417 422 436 441 465 469 475 478 517 536 549 551 552 568 590 603 615 620 624 645 648 661 674 678 683 688 694 699 715 721 726 729 731 750 754 769 770 775 778 783 808 813 815 817 833 845 850 855 856 857 892 899 900 935 950 951 955 959 971 
4 17 56 210 220 247 255 284 345 424 430 556 618 660 697 714 752 780 784 876 896 924 958 984 
14 20 26 33 60 147 164 191 192 193 211 301 346 483 506 532 547 610 627 636 666 669 740 771 774 802 810 818 885 927 
155 160 187 190 208 367 390 393 429 480 492 512 569 586 675 691 744 764 772 858 906 933 968 
5 19 81 93 94 120 169 178 199 216 288 293 322 356 405 407 423 543 555 571 664 682 822 841 846 901 930 969 993 
30 34 142 165 253 264 309 335 347 496 497 548 579 621 638 643 723 863 908 928 943 962 
24 49 50 224 257 353 459 507 539 587 595 655 670 747 965 
52 78 82 105 125 136 139 196 251 262 286 298 302 307 327 377 396 454 460 474 529 592 625 634 637 649 650 706 733 800 819 854 985 987 988 
6 36 44 71 106 107 116 183 234 248 282 317 321 425 447 455 477 510 520 521 653 663 685 700 720 790 797 828 842 897 923 934 
9 80 112 127 156 188 215 217 225 265 462 464 484 514 516 570 594 681 749 882 898 915 920 925 946 981 
7 21 97 146 202 281 400 413 491 511 576 602 632 687 689 692 776 843 879 948 974 
13 42 67 98 143 154 186 195 263 277 299 343 372 542 575 582 659 680 686 696 703 742 838 877 881 973 986 990 
99 501 600 604 626 786 895 
15 89 129 134 200 203 236 243 269 300 306 331 482 519 538 581 619 639 711 713 875 911 942 989 
40 61 103 114 126 222 259 261 272 350 368 375 402 408 513 528 533 546 598 646 673 717 806 809 821 823 830 837 874 922 982 
46 128 226 351 434 489 641 730 732 788 941 964 
102 104 123 137 141 275 287 290 333 361 391 397 399 426 431 442 449 450 453 466 468 487 488 525 527 589 593 596 609 612 623 658 679 755 782 812 824 844 861 864 903 932 937 978 979 
16 88 181 349 352 605 642 761 796 835 883 
18 96 118 144 158 182 221 296 338 369 374 456 472 564 672 698 708 757 762 798 820 829 839 866 904 919 947 952 996 
53 92 113 119 124 130 228 239 285 294 308 320 325 354 373 379 382 386 387 392 415 419 457 486 522 580 616 791 792 811 868 912 940 957 
41 47 412 433 654 702 745 787 
31 54 72 86 108 310 395 411 530 572 606 617 651 662 704 705 840 849 936 970 
74 138 149 219 230 252 268 295 304 313 388 437 463 566 588 652 690 759 785 910 918 
303 366 
