0 4 39 149 168 226 237 259 272 299 329 418 447 465 488 505 594 674 688 691 740 802 838 957 
37 104 139 170 172 181 220 228 233 267 303 326 405 408 430 463 467 489 515 528 539 546 549 556 578 595 602 643 645 656 666 671 679 683 721 727 731 745 857 863 900 932 958 
33 44 49 61 68 76 78 85 111 131 155 185 187 188 193 206 242 248 253 274 289 291 292 316 328 360 363 364 378 379 395 426 435 445 454 460 466 471 490 523 570 582 604 607 636 649 668 678 730 741 751 762 777 783 843 848 849 851 873 876 880 881 891 901 937 943 965 978 988 995 
5 21 116 167 249 348 349 385 406 421 436 551 563 577 628 672 747 761 867 935 983 
1 24 25 101 148 216 331 372 416 425 457 482 614 618 624 637 739 792 810 829 835 924 938 
15 22 108 110 137 147 196 200 207 235 251 275 279 283 307 320 332 344 358 366 368 376 389 433 476 501 548 565 569 574 589 590 597 610 627 641 689 692 735 755 770 886 892 894 895 912 914 940 955 987 992 
48 62 66 81 102 122 126 143 151 153 191 198 238 254 261 294 323 393 431 455 475 487 502 512 542 559 575 609 673 685 715 732 758 768 794 795 811 822 841 907 944 949 
7 46 64 83 113 127 146 173 210 245 246 290 310 342 429 450 464 486 498 521 544 665 697 742 769 781 785 798 804 836 879 904 959 967 970 984 997 
8 31 84 98 112 117 118 120 123 141 152 159 163 195 203 213 214 223 229 244 266 268 280 297 305 308 309 315 325 351 353 370 396 398 404 423 424 449 456 470 472 510 514 525 552 558 564 615 617 623 642 650 651 664 693 696 698 702 709 712 719 728 736 737 749 753 754 756 760 776 778 779 787 814 831 837 839 856 862 872 909 910 917 918 920 922 927 963 966 969 975 979 985 990 991 999 
2 88 94 103 119 140 176 236 306 355 374 383 413 428 452 477 531 533 537 572 638 658 660 695 707 708 716 743 784 834 860 864 869 871 887 915 974 994 
16 20 67 70 138 174 183 190 218 225 257 263 301 324 334 446 461 473 494 516 524 625 827 847 923 946 950 956 973 986 
17 26 75 132 264 273 278 302 507 518 567 587 626 632 634 652 676 705 720 757 773 800 805 840 846 854 908 945 947 
3 27 38 58 77 145 157 166 169 182 212 217 338 341 356 432 479 497 573 584 659 670 703 772 793 807 859 885 897 980 996 
12 55 69 97 121 135 180 277 285 300 327 352 394 415 439 453 483 495 499 508 536 606 612 622 646 677 713 714 786 801 803 813 875 941 
10 35 42 43 71 100 107 125 129 158 165 192 271 295 347 357 367 382 386 411 420 437 448 503 513 601 611 629 644 648 687 718 744 780 791 809 812 823 844 882 889 902 916 948 
54 96 194 239 335 401 414 443 541 547 561 580 591 613 655 662 686 701 724 788 817 852 866 868 929 968 981 
29 56 73 79 197 211 221 240 247 260 269 304 313 340 346 412 444 451 458 527 529 555 562 653 667 706 710 748 775 819 825 833 870 905 906 926 933 976 
6 28 63 105 175 199 252 287 317 319 337 380 399 441 526 530 596 600 619 640 661 699 750 806 830 855 877 890 903 993 
13 23 50 53 86 92 93 95 134 142 161 164 177 178 179 186 189 202 209 219 224 232 241 250 311 318 321 322 365 375 387 388 402 403 409 417 434 438 478 480 492 532 540 550 557 566 576 579 583 585 616 647 654 675 682 684 694 704 711 717 722 726 729 734 738 767 789 816 820 821 826 828 845 911 928 942 951 964 971 982 998 
34 51 59 80 89 150 282 419 427 568 571 599 605 631 690 764 799 824 842 853 972 
19 41 91 124 128 258 314 354 359 442 484 500 509 517 535 538 608 797 858 899 913 925 939 
9 32 40 52 99 106 109 115 136 154 160 205 234 293 333 339 350 369 371 390 392 506 519 522 543 554 588 593 603 663 759 818 865 874 878 883 898 977 
18 74 82 171 231 265 469 491 581 774 930 
11 60 133 162 270 281 336 377 384 474 504 511 635 725 746 765 782 790 808 850 893 931 952 953 
14 45 47 65 72 114 130 255 276 362 373 397 422 440 459 468 485 620 621 669 888 896 919 936 
36 90 156 184 201 208 215 262 284 286 288 296 330 343 345 400 407 410 481 553 560 639 657 680 681 733 752 766 771 832 861 954 961 962 989 
30 243 312 545 586 
57 87 144 204 222 227 230 256 298 361 381 391 462 493 496 520 534 592 598 630 633 700 723 763 796 815 884 921 934 960 
