0 4 39 149 168 226 237 259 272 299 326 329 404 418 447 465 466 488 505 594 623 674 688 691 728 740 778 802 838 957 
10 37 50 56 73 79 93 95 134 139 161 164 178 179 197 202 209 211 219 221 224 232 240 247 250 260 269 294 304 311 313 340 346 375 387 388 403 412 417 444 451 458 478 480 492 527 528 529 540 555 557 562 576 579 616 653 667 694 704 706 709 710 722 726 748 775 789 819 820 825 826 828 833 870 905 906 926 933 951 976 
33 76 111 188 206 242 248 253 274 291 292 328 360 363 364 378 379 435 445 454 460 523 570 604 607 649 668 678 741 762 777 848 849 857 873 891 901 937 965 978 995 997 
5 21 116 167 249 348 349 385 406 421 436 551 563 577 628 672 747 761 867 935 983 
13 23 53 86 92 104 142 170 172 177 181 186 189 220 228 229 233 241 267 303 318 321 365 396 402 408 409 430 434 438 463 467 489 515 539 546 549 550 556 566 578 583 595 602 645 647 654 666 671 675 679 682 683 684 711 717 721 727 729 731 734 738 745 767 816 821 845 863 882 900 911 928 932 942 958 964 971 982 998 
1 8 31 49 123 141 152 159 195 214 244 280 305 308 315 325 353 370 395 405 423 424 449 456 472 510 525 552 558 564 585 596 615 617 651 664 696 698 712 719 737 749 754 776 787 814 837 839 872 910 917 918 920 927 963 966 969 979 991 999 
15 110 137 200 207 275 279 283 332 344 358 366 368 376 433 476 501 548 569 574 597 610 627 689 735 755 770 886 892 894 914 955 987 992 
48 62 66 81 102 109 115 122 126 143 151 153 154 191 198 254 261 323 393 431 455 475 487 502 512 542 559 575 609 673 685 715 732 758 768 794 795 811 822 841 907 944 949 
7 46 64 83 113 127 146 173 210 245 246 290 310 342 450 464 486 521 656 665 697 742 769 781 785 798 804 836 879 959 967 970 984 
24 25 101 148 216 331 372 416 425 457 482 544 614 618 624 637 739 792 810 829 835 924 938 
2 17 26 29 75 80 84 88 103 112 117 118 119 132 140 163 176 193 236 264 271 273 278 302 306 322 355 374 383 413 428 429 452 477 507 514 518 531 533 534 537 567 587 626 632 634 638 652 658 660 676 695 705 707 708 716 720 743 757 773 784 800 805 813 834 840 846 854 860 864 869 871 887 904 908 915 945 947 974 985 990 994 
16 18 20 30 67 70 74 82 138 171 183 190 218 225 231 238 243 257 263 265 301 312 324 334 446 461 469 491 494 516 524 545 581 586 625 774 827 847 923 930 946 950 956 973 986 
57 87 144 204 222 230 256 298 361 381 391 462 490 493 496 520 592 598 630 633 700 723 763 796 815 884 921 934 960 
3 27 38 58 77 145 157 166 169 182 212 217 338 341 356 432 479 497 573 584 659 670 703 772 793 807 859 885 897 980 996 
12 55 69 97 121 135 180 277 285 300 327 352 394 415 439 453 483 495 499 508 536 606 612 622 646 677 713 714 786 801 803 875 941 
35 42 43 71 100 107 125 129 158 165 192 295 309 347 357 367 382 386 411 420 437 448 503 513 601 611 629 644 648 718 744 760 780 791 809 812 823 844 889 902 916 948 
44 54 61 68 78 85 96 131 155 185 187 194 239 289 316 335 401 414 426 443 471 541 547 561 580 582 591 613 636 655 662 686 701 724 730 751 783 788 817 843 851 852 856 866 868 876 880 881 929 943 968 981 988 
6 22 28 63 94 105 175 199 208 252 268 287 317 319 337 380 399 441 498 506 526 530 532 572 600 619 640 661 692 699 750 806 830 855 877 890 903 993 
34 51 150 282 419 568 571 690 764 799 853 972 
19 41 91 124 128 258 314 354 359 442 484 500 509 517 535 538 608 797 858 899 913 925 939 
9 32 52 99 106 136 160 205 234 293 339 350 369 371 392 519 593 603 663 818 865 874 878 977 
11 60 120 133 162 227 270 281 336 377 384 474 504 511 635 725 746 765 782 790 808 850 893 931 952 953 
14 45 47 65 72 114 130 255 276 362 373 397 422 440 459 468 485 620 621 669 888 896 919 936 
36 90 156 184 201 215 262 284 286 288 296 330 343 345 400 407 410 481 553 560 639 643 657 680 681 733 752 766 771 832 861 954 961 962 989 
98 203 213 223 266 297 351 398 470 642 650 693 702 736 753 756 779 831 862 909 922 
40 108 147 174 196 235 251 307 320 333 389 390 473 522 543 554 565 588 589 590 641 687 759 883 895 898 912 940 975 
59 89 427 599 605 631 824 842 
