0 35 52 66 93 112 140 141 153 160 167 196 197 201 222 227 240 244 245 247 248 254 262 273 283 286 294 323 326 328 336 350 361 363 366 395 411 422 434 440 447 466 476 484 497 499 514 518 522 523 524 541 544 546 550 552 557 558 585 586 589 597 601 602 604 610 617 632 633 635 638 650 658 671 673 682 683 684 693 702 708 711 713 718 731 742 771 775 783 787 797 800 810 823 826 850 854 861 869 873 878 884 890 895 904 906 910 932 950 956 965 968 971 982 983 990 998 
11 49 68 81 146 171 175 210 231 237 241 250 259 311 329 337 344 349 358 388 461 506 510 619 634 649 694 747 769 774 799 813 816 835 842 856 924 933 946 947 951 
91 121 151 182 192 223 272 345 408 439 458 477 487 496 525 551 577 609 669 697 704 846 881 927 948 
2 9 12 15 17 23 53 56 65 73 82 90 101 124 127 139 159 162 178 179 188 199 220 246 261 268 270 280 282 287 291 297 298 313 314 315 376 389 391 398 402 410 420 436 444 450 485 495 502 505 526 538 549 556 559 583 591 592 595 620 627 641 645 653 665 667 678 680 681 689 743 750 757 776 779 796 828 839 862 875 885 894 899 900 905 909 941 955 959 962 963 975 977 985 989 
1 48 105 172 177 195 198 213 216 225 243 274 284 309 321 339 359 373 378 521 590 594 637 664 666 720 730 758 817 824 853 857 859 922 964 
27 87 200 207 242 299 307 346 417 448 473 513 517 663 723 760 801 844 920 
3 40 54 79 94 102 111 154 168 185 279 306 320 341 343 403 406 449 509 515 562 563 687 698 732 762 811 814 819 825 833 836 864 887 907 916 938 
6 19 26 32 45 97 98 122 158 184 252 253 290 302 338 371 390 400 425 480 482 494 542 561 608 625 651 691 727 745 746 748 752 770 781 860 926 953 
4 30 34 109 116 133 163 191 193 263 289 295 463 512 566 692 706 715 734 753 790 871 925 952 957 973 
8 16 25 64 104 108 137 181 189 217 305 348 357 370 394 429 442 500 508 519 530 574 580 643 648 654 701 717 721 767 782 789 818 832 840 863 898 913 993 
38 71 76 78 110 125 148 312 401 427 459 468 598 668 677 690 716 733 791 809 838 865 868 870 897 969 981 
5 10 13 18 28 29 33 39 41 55 58 61 62 67 75 80 95 99 100 103 117 118 120 123 130 150 161 180 190 194 203 212 214 234 235 238 239 256 265 266 276 278 281 288 292 310 327 331 333 351 354 355 360 364 365 367 369 372 393 397 407 415 421 432 460 474 475 488 489 492 504 520 527 536 540 547 560 567 578 584 587 612 616 624 631 655 679 710 712 714 722 725 735 739 740 744 756 765 772 778 795 820 827 841 847 849 858 874 901 919 923 936 942 944 945 960 961 967 970 972 979 986 991 999 
20 31 37 83 84 218 260 379 386 424 467 469 507 533 593 626 703 719 792 852 883 921 984 
144 145 155 165 277 285 300 340 356 385 431 441 443 445 457 464 472 479 498 539 548 613 615 630 644 699 707 759 766 784 793 815 855 866 889 917 928 974 994 
7 14 21 43 46 59 72 85 86 115 119 128 132 135 169 204 205 208 221 232 236 257 264 269 293 316 352 362 384 418 426 428 430 453 454 456 462 471 490 491 493 537 545 553 568 572 579 582 588 599 606 618 636 642 659 661 688 709 726 751 761 802 807 829 830 837 851 876 893 930 934 966 978 995 997 
42 57 74 114 142 183 226 296 396 405 414 423 446 451 470 573 581 603 611 622 639 640 685 700 773 788 806 821 872 891 908 918 935 976 
22 50 107 170 209 399 528 529 555 569 571 607 672 674 695 737 764 912 937 954 
36 63 70 136 143 152 229 301 377 465 481 483 511 531 570 600 646 686 729 736 749 768 777 786 794 804 812 822 831 867 877 886 903 914 915 939 988 
47 88 106 131 149 166 174 186 187 215 251 347 412 565 657 741 763 808 845 882 888 929 940 
113 126 129 138 233 249 308 319 335 342 433 486 534 605 621 656 660 728 785 896 
51 77 147 157 164 230 275 303 318 325 375 392 409 416 438 501 596 614 647 652 670 676 755 805 879 902 949 958 980 996 
44 89 173 202 206 267 271 322 353 374 437 455 535 543 623 662 705 780 843 848 911 
24 69 176 255 258 324 330 332 334 368 380 381 383 387 413 452 478 503 564 575 576 628 629 675 724 738 798 880 892 931 943 987 992 
60 92 96 134 156 211 219 224 228 304 317 382 404 419 435 516 532 554 696 754 803 834 
