0 6 13 23 37 53 86 92 93 104 142 164 170 172 175 177 181 186 189 202 219 220 224 228 229 233 241 250 267 303 311 321 326 365 396 402 405 408 409 430 434 438 447 463 467 480 489 515 528 532 539 540 546 549 550 556 566 576 578 583 585 595 602 645 647 654 666 671 675 679 682 683 684 704 711 717 721 727 729 731 734 738 745 767 816 821 845 857 863 882 900 911 928 932 942 951 958 964 971 982 998 
33 76 111 139 188 206 242 248 253 274 291 292 328 360 363 364 378 379 435 445 454 460 478 523 570 604 607 649 668 678 741 754 762 777 848 849 873 891 901 937 965 978 995 997 
5 21 116 167 249 348 349 385 406 421 436 551 563 567 577 628 672 747 761 867 935 983 
34 42 51 59 80 89 150 193 282 380 419 427 466 505 568 571 599 605 631 688 690 764 799 824 842 853 957 972 
2 88 103 119 140 176 232 236 259 299 306 347 355 374 375 383 413 428 452 465 477 531 533 537 572 638 658 660 674 691 695 707 708 716 740 743 784 813 834 838 860 864 869 871 887 915 974 994 
1 118 123 141 152 159 195 280 305 308 318 353 370 423 424 449 456 472 510 525 552 615 617 651 664 696 698 712 719 737 749 776 787 837 839 872 910 918 920 927 966 969 979 991 999 
15 22 110 137 200 207 275 279 283 332 344 358 366 368 376 433 476 501 548 569 574 597 610 689 692 735 755 770 886 892 894 914 955 987 992 
48 62 66 81 102 109 115 122 126 131 143 151 153 154 168 191 198 254 261 294 323 393 431 455 475 487 502 512 542 559 575 609 673 685 715 732 758 768 794 795 811 822 841 907 944 949 
7 46 64 83 113 127 146 173 210 245 246 290 310 342 357 429 450 464 486 521 656 665 697 742 769 781 785 798 804 836 879 959 967 970 984 
24 25 101 148 216 331 372 416 425 457 482 544 614 618 624 637 739 792 810 829 835 924 938 
20 67 70 138 183 190 218 225 257 263 301 324 334 446 461 494 516 524 625 827 847 923 946 950 956 973 986 
4 8 10 31 39 57 87 98 100 144 158 203 204 213 214 222 223 227 230 244 256 266 272 297 298 309 315 325 351 361 381 388 391 398 404 411 420 462 470 488 490 493 496 514 520 558 564 592 594 598 623 627 629 630 633 642 650 693 700 702 709 718 723 728 736 753 756 760 763 778 779 791 796 802 812 814 815 831 862 884 909 921 922 934 960 963 
17 26 29 75 84 112 117 132 163 264 271 273 278 302 322 492 507 518 534 587 626 632 634 652 676 705 720 757 773 800 805 840 846 854 904 908 945 947 985 990 
3 27 38 58 77 145 157 166 169 182 212 217 338 341 356 432 479 497 573 584 659 670 703 772 793 807 859 885 897 980 996 
12 55 69 97 121 135 180 277 285 300 327 352 394 415 439 453 483 495 499 508 536 606 612 622 646 677 713 714 786 801 803 875 941 
149 226 329 
28 35 54 63 96 105 194 199 239 252 268 287 317 319 335 337 367 399 401 414 441 443 498 526 530 541 547 561 580 591 596 600 613 619 640 655 661 662 686 699 701 724 750 788 806 817 830 852 855 856 866 868 877 890 929 968 981 993 
56 73 79 197 211 221 240 247 260 269 304 313 340 346 412 444 451 458 527 529 555 562 653 667 706 710 748 775 819 825 833 870 905 906 926 933 976 
44 49 61 68 78 85 155 185 187 289 316 395 426 471 582 636 730 751 783 843 851 876 880 881 943 988 
19 41 91 124 128 237 258 314 354 359 418 442 484 500 509 517 535 538 608 797 858 899 913 925 939 
9 32 52 99 106 136 160 205 234 293 339 350 369 371 392 506 519 593 603 663 818 865 874 878 883 977 
16 30 74 82 171 231 238 243 265 312 469 491 545 581 586 774 917 930 
50 95 134 161 179 209 387 403 417 557 579 616 694 722 726 789 820 826 828 
11 60 120 133 162 270 281 336 377 384 474 504 511 635 725 746 765 782 790 808 850 893 931 952 953 
165 192 295 448 503 513 601 611 644 823 902 
14 45 47 65 72 114 130 255 276 362 373 397 422 440 459 468 485 620 621 669 888 896 919 936 
36 90 156 184 201 208 215 262 284 286 288 296 330 343 345 400 407 410 481 553 560 639 643 657 680 681 733 752 766 771 832 861 903 954 961 962 989 
18 43 71 94 107 125 129 382 386 437 648 744 780 809 844 889 916 948 
40 108 147 174 178 196 235 251 307 320 333 389 390 473 522 543 554 565 588 589 590 641 687 759 895 898 912 940 975 
