0 34 39 51 59 80 89 150 168 170 193 259 272 282 380 418 419 427 447 465 466 488 505 528 568 571 594 599 602 605 631 674 688 690 691 740 764 799 802 824 842 853 957 972 
111 188 206 242 328 363 379 570 604 607 668 762 777 849 901 937 965 
5 21 116 167 249 348 349 385 406 421 430 436 551 563 577 628 672 747 761 867 935 983 
172 181 546 556 578 721 900 932 
1 49 63 104 118 123 141 152 159 195 253 274 280 305 308 318 353 360 370 395 405 423 424 449 456 472 510 525 552 596 615 617 651 664 696 698 712 719 737 749 754 776 787 837 839 872 910 917 918 920 927 966 969 979 991 999 
15 110 137 200 207 275 279 283 332 344 358 366 368 376 433 476 501 548 569 574 597 610 627 689 735 755 770 886 894 914 955 987 992 
48 62 66 81 102 109 115 122 126 131 143 151 153 154 191 198 254 261 294 323 393 431 455 475 487 502 512 542 559 575 609 673 685 715 732 758 768 794 795 811 822 841 907 944 949 
7 37 46 64 83 113 127 146 173 210 245 246 290 310 342 429 450 464 486 498 521 544 656 665 697 742 769 781 785 798 804 836 879 959 967 970 984 997 
24 25 101 148 216 331 372 416 425 457 482 614 624 637 739 792 810 829 835 924 938 
2 88 103 119 140 176 236 306 355 374 375 383 413 428 452 467 477 531 533 537 572 623 638 645 658 660 695 707 708 716 743 778 784 834 860 864 869 871 887 915 974 994 
4 20 67 70 138 183 190 218 225 257 263 301 324 334 446 461 494 516 524 625 738 827 847 923 946 950 956 973 986 
57 87 100 144 204 222 230 256 298 361 381 391 462 490 493 496 520 534 592 598 630 633 700 723 763 796 815 884 921 934 960 
17 26 29 75 84 112 117 132 163 264 271 273 278 302 507 514 518 549 567 587 626 632 634 652 676 705 720 745 757 773 800 805 840 846 854 904 908 945 947 985 990 
3 27 31 58 77 145 157 166 169 182 212 214 217 315 338 341 356 404 432 479 497 573 584 659 670 703 728 772 793 807 859 885 897 980 996 
12 55 69 97 121 135 180 277 285 300 327 352 394 415 439 453 483 495 499 508 515 536 606 612 622 646 677 713 714 786 801 803 813 875 941 
38 40 108 147 149 174 178 196 226 235 251 307 320 326 329 333 389 390 473 522 543 554 565 588 589 590 618 641 687 759 838 883 892 895 898 912 940 975 
10 18 35 42 43 71 107 125 129 158 165 192 220 295 309 347 357 367 382 386 411 420 437 448 460 503 513 601 611 629 644 648 718 744 760 780 791 809 812 821 823 844 882 889 902 916 948 
54 96 194 239 335 401 414 443 541 547 561 580 591 613 655 662 686 701 724 731 788 817 852 856 866 868 929 968 981 
56 73 79 197 211 221 240 247 260 269 304 313 340 346 412 444 451 458 527 529 555 562 653 667 706 709 710 748 775 819 825 833 870 905 906 926 933 976 
6 22 28 94 105 175 199 252 268 287 317 319 337 399 441 526 530 532 539 600 619 640 661 692 699 750 806 830 855 877 890 993 
13 23 53 86 92 142 177 186 189 229 233 241 267 321 365 396 402 408 409 434 438 489 550 566 583 585 647 654 675 684 711 717 729 734 767 816 845 911 928 942 958 964 971 982 998 
44 61 68 78 85 155 185 187 289 299 316 426 471 582 636 730 751 783 843 851 876 880 881 943 988 
8 98 203 213 223 244 266 297 325 351 398 470 558 564 642 650 693 702 736 753 756 779 814 831 862 909 922 963 
19 41 91 124 128 258 314 354 359 442 484 500 509 517 535 538 608 682 797 858 899 913 925 939 
9 32 52 99 106 136 160 205 234 293 339 350 369 371 392 506 519 593 603 663 727 818 865 874 878 977 
16 30 74 82 171 231 238 243 265 312 469 491 545 581 586 774 930 
50 93 95 134 161 164 179 202 209 219 224 232 250 311 322 387 388 403 417 454 478 480 492 540 557 576 579 616 694 704 722 726 789 820 826 828 951 
11 60 120 133 162 227 237 270 281 336 377 384 474 504 511 635 725 746 765 782 790 808 850 893 931 952 953 
228 303 666 671 679 683 863 
14 45 47 65 72 114 130 255 276 362 373 397 422 440 459 468 485 620 621 669 888 896 919 936 
36 90 156 184 201 208 215 262 284 286 288 296 330 343 345 400 407 410 481 553 560 639 643 657 680 681 733 752 766 771 832 861 903 954 961 962 989 
33 76 139 248 291 292 364 378 435 445 463 523 595 649 678 741 848 857 873 891 978 995 
