0 37 46 53 63 65 66 80 83 85 92 102 109 111 121 128 130 139 150 153 175 189 197 226 242 262 275 285 294 312 332 343 351 361 362 380 384 397 401 418 431 434 443 444 449 457 467 476 483 486 487 488 489 525 527 550 563 573 596 611 612 641 650 657 658 676 710 730 732 748 766 769 779 788 794 801 836 865 867 872 912 937 941 944 945 964 972 978 979 
43 51 58 141 235 333 344 359 427 432 435 466 472 560 607 609 701 712 751 860 861 980 997 
170 171 176 198 232 318 341 355 363 381 445 451 471 481 498 499 509 545 561 597 628 629 633 656 763 773 807 859 889 902 956 
35 88 100 166 258 283 314 316 326 329 428 470 485 494 500 614 684 707 741 758 880 886 917 
55 122 184 201 207 212 218 238 246 339 385 438 439 446 502 508 540 608 667 718 719 805 832 848 894 963 991 
1 11 28 76 84 90 91 104 140 177 180 213 270 340 345 349 370 379 382 383 403 404 415 433 458 479 504 518 537 577 580 616 677 734 736 743 778 825 831 835 847 851 873 884 893 913 938 966 992 994 998 999 
62 73 87 131 157 167 174 205 229 280 315 493 495 534 567 578 647 695 709 728 746 765 789 827 878 931 976 
12 25 77 148 194 250 276 490 531 541 553 601 722 767 768 803 804 814 852 890 909 961 975 983 
27 29 41 161 406 409 421 473 526 735 753 871 888 
2 10 22 52 57 64 68 78 95 101 145 173 204 214 223 240 254 328 358 360 398 420 426 505 523 535 557 574 599 613 622 630 644 668 760 795 816 826 921 926 954 960 967 
75 163 278 290 336 440 448 515 524 737 891 916 953 
38 45 260 292 297 319 422 517 549 590 603 615 645 678 699 815 845 850 856 857 900 935 951 971 
6 7 21 36 44 71 79 97 106 107 116 146 183 234 248 273 281 282 317 321 400 413 425 441 447 455 477 491 510 511 520 521 576 602 632 653 685 687 689 692 700 720 776 790 797 828 842 843 879 897 923 934 948 955 974 
132 179 185 209 244 323 324 330 452 461 554 558 565 584 591 631 693 724 738 870 914 977 995 
3 32 110 151 227 241 267 389 394 635 671 725 727 756 777 837 853 929 
59 69 231 274 289 305 436 721 729 750 783 892 950 
16 39 115 135 137 233 237 251 266 311 334 338 342 357 364 396 416 417 469 551 661 663 674 683 688 715 731 754 817 833 905 940 959 988 
4 17 56 119 210 220 228 239 247 255 284 308 325 354 386 387 392 419 424 430 522 556 618 660 697 714 752 780 784 791 792 811 868 876 896 924 957 958 984 
14 18 20 26 33 48 60 96 118 144 158 182 191 193 211 221 296 301 346 369 374 456 475 506 532 547 564 610 627 636 666 669 672 698 708 740 757 762 771 774 798 802 810 818 820 829 839 866 885 904 919 927 947 952 996 
155 160 187 190 208 367 390 393 429 480 492 512 569 586 675 691 744 764 772 858 906 933 968 
5 8 49 50 99 152 224 257 288 353 407 459 501 507 539 587 595 600 604 626 655 670 747 786 895 939 965 
30 34 142 165 253 264 309 335 347 497 548 579 621 638 643 723 863 908 928 943 962 
82 125 136 196 263 271 286 298 302 307 327 377 410 454 468 474 529 592 625 634 637 649 706 733 800 819 854 985 987 
9 112 127 147 156 164 188 215 217 225 265 279 303 352 412 462 464 484 496 503 514 516 536 570 594 605 642 654 681 702 749 761 787 796 882 883 898 915 920 925 946 981 
13 31 42 54 67 70 72 86 98 105 108 143 154 181 186 195 202 206 277 299 310 366 372 373 395 411 460 530 542 572 575 582 606 617 651 659 662 680 686 696 703 704 705 742 838 840 849 877 881 936 970 973 986 990 
15 89 129 134 200 203 236 243 269 300 306 331 482 519 538 581 619 639 711 713 875 911 942 989 
40 61 103 114 222 259 261 272 350 368 375 402 408 513 528 533 546 598 646 673 717 806 809 821 823 830 874 922 982 
19 24 81 93 94 120 126 169 178 199 216 293 322 356 405 423 543 555 571 664 682 822 841 846 901 930 969 993 
117 245 348 365 378 465 583 665 694 739 793 862 869 949 
159 162 168 172 478 552 624 770 775 808 813 855 899 
23 568 620 648 726 
123 287 391 399 442 450 453 562 589 593 623 679 755 782 812 824 844 864 903 932 
74 138 149 219 230 252 268 291 295 304 313 337 388 437 463 566 588 652 690 759 785 910 918 
47 371 559 716 745 
133 192 249 256 376 414 544 585 640 781 799 834 887 907 
113 124 320 
