0 37 63 65 66 83 85 109 111 121 150 153 197 242 312 332 350 362 380 384 401 443 476 563 573 676 710 748 779 801 836 865 872 944 945 972 
43 51 58 102 141 235 333 344 397 426 427 431 432 435 466 472 487 488 515 525 527 607 609 658 701 712 751 860 861 978 979 980 997 
52 53 84 92 105 119 130 137 170 171 176 198 228 232 239 285 294 308 318 325 341 354 355 363 373 379 381 382 383 386 387 392 415 419 445 451 457 460 471 486 498 499 509 522 545 561 580 597 616 628 629 633 656 763 773 776 791 792 807 811 859 868 889 902 912 940 956 957 
35 166 258 283 314 316 326 329 428 470 485 494 500 614 684 707 741 758 880 886 917 
55 122 184 201 218 238 246 385 438 439 446 502 508 540 608 667 719 805 832 848 894 963 991 
1 15 23 28 39 44 46 59 70 76 78 79 80 82 90 95 104 115 125 128 135 136 139 140 154 159 162 168 172 175 177 180 189 196 204 206 213 223 226 231 233 237 247 251 262 266 270 271 274 275 279 286 289 291 298 302 305 307 311 327 334 337 338 339 340 342 343 345 351 357 359 361 364 370 377 390 396 403 404 413 416 417 422 434 436 441 444 449 454 458 461 465 467 468 469 474 475 478 479 481 489 504 518 529 535 536 537 544 550 551 552 560 568 577 592 596 612 620 624 625 634 637 641 648 649 650 657 661 663 674 677 683 688 694 706 715 718 721 726 729 730 731 732 733 734 736 743 750 754 766 769 770 775 778 783 788 794 800 808 813 817 819 825 831 833 851 854 855 858 867 873 877 884 892 893 899 905 913 933 937 938 941 948 949 950 955 959 964 966 967 985 987 988 992 994 998 999 
62 69 73 87 131 157 167 205 229 280 315 493 495 534 567 578 647 695 709 728 746 765 789 827 878 931 976 
12 25 77 113 124 148 194 250 276 320 490 531 541 553 722 767 768 803 804 814 852 890 909 961 975 983 
27 29 117 161 174 207 212 245 348 365 378 406 409 421 473 526 583 665 735 739 753 793 862 869 871 888 939 
2 10 22 64 68 101 145 173 214 240 254 328 358 360 398 420 505 523 557 574 599 613 622 630 644 668 760 795 816 826 921 926 954 960 
75 100 133 163 249 256 278 336 376 410 414 440 448 524 585 640 737 781 799 834 887 891 907 916 953 
38 45 260 292 297 319 517 549 590 603 615 645 678 699 815 845 850 856 857 900 935 951 971 
48 57 132 179 185 209 244 323 324 330 452 554 558 565 584 591 631 693 724 738 870 914 977 995 
3 32 110 151 227 241 267 389 394 635 671 725 727 756 777 853 929 
4 17 56 210 220 255 284 424 430 556 618 660 697 714 752 780 784 876 896 924 958 984 
14 20 26 33 60 147 191 192 193 211 301 346 506 532 547 610 627 636 666 669 740 771 774 802 810 818 885 927 
155 160 187 190 208 367 393 429 480 492 512 569 586 675 691 744 772 906 968 
5 8 49 50 99 152 224 257 288 353 407 459 501 507 539 587 595 600 604 626 655 670 747 764 786 895 965 
30 142 165 253 264 309 335 347 497 548 579 621 638 643 723 863 908 928 943 962 
6 36 71 106 107 116 183 234 248 273 282 317 321 425 447 455 477 510 520 521 653 685 700 720 790 797 828 842 897 923 934 
9 112 127 156 188 215 217 225 265 462 464 484 514 516 570 594 601 681 749 882 898 915 920 925 946 981 
7 21 97 146 281 400 491 511 576 602 632 687 692 843 879 974 
13 42 67 98 143 186 195 202 263 277 299 372 542 575 582 659 680 686 696 703 742 838 881 973 986 990 
89 129 134 200 203 236 243 269 300 306 331 482 519 538 581 619 639 711 713 875 911 942 989 
11 16 24 34 41 47 88 91 126 164 181 261 303 349 352 366 371 412 418 433 483 496 503 559 605 611 642 654 702 716 745 761 787 796 835 847 883 
40 61 103 114 222 259 272 368 375 402 408 513 528 533 546 598 646 673 717 806 809 821 823 830 837 874 922 982 
19 81 93 94 120 169 178 199 216 293 322 356 405 423 543 555 571 664 682 822 841 846 901 930 969 993 
18 96 118 144 158 182 221 296 369 374 456 564 672 698 708 757 762 798 820 829 839 866 904 919 947 952 996 
123 287 290 391 399 442 450 453 562 589 593 623 679 689 755 782 812 824 844 864 903 932 
31 54 72 86 108 310 395 411 530 572 606 617 651 662 704 705 840 849 936 970 
74 138 149 219 230 252 268 295 304 313 388 437 463 566 588 652 690 759 785 910 918 
