0 4 17 56 83 85 210 220 247 255 284 332 362 380 401 424 430 556 563 618 660 697 714 752 780 784 876 896 924 944 958 972 984 
43 46 51 58 66 80 92 102 128 137 141 170 175 189 226 235 275 333 343 344 351 359 361 397 426 427 431 432 434 435 449 457 466 467 472 477 487 488 489 525 527 550 596 607 609 612 632 641 657 658 701 712 730 732 751 766 769 788 794 860 861 867 937 941 964 978 979 980 997 
63 109 197 242 443 573 676 710 779 801 865 872 
84 171 176 198 232 318 341 355 363 381 383 445 451 471 498 499 509 545 561 597 628 629 633 656 763 773 807 859 889 902 
35 166 258 283 314 316 326 329 428 470 485 494 500 614 684 707 741 758 880 886 917 
55 122 184 201 218 238 246 385 438 439 446 502 508 540 608 667 718 719 805 832 848 894 963 991 
1 8 11 24 28 34 41 47 76 88 90 91 104 126 164 177 181 206 213 233 237 261 270 271 294 303 334 338 339 340 342 345 349 352 366 370 371 379 382 384 403 404 412 415 418 433 444 458 469 479 483 496 501 503 504 518 537 551 559 560 577 600 604 605 611 616 626 642 654 655 661 677 683 702 716 734 736 743 745 761 778 786 787 796 817 825 831 833 835 836 847 851 873 883 884 893 895 913 938 940 959 966 992 994 998 999 
62 73 87 131 157 167 205 229 280 315 493 495 534 567 578 647 695 709 728 746 765 789 827 878 931 976 
12 25 77 148 194 250 276 490 531 541 553 722 767 768 803 804 814 852 890 909 961 975 983 
27 29 49 50 99 117 161 207 224 245 257 348 353 365 378 406 409 421 459 473 481 507 526 539 583 587 595 665 670 735 739 747 753 793 862 869 871 888 939 949 965 
9 39 48 52 57 70 78 79 82 105 112 115 119 125 127 132 135 136 139 140 147 150 154 156 179 180 185 188 195 196 209 212 215 217 225 244 248 251 262 265 266 279 286 298 301 302 307 311 323 324 327 330 357 364 373 377 390 396 417 452 454 460 461 462 464 468 474 484 514 516 529 536 554 558 565 570 584 591 592 594 601 625 631 634 637 649 650 663 674 681 688 693 694 706 715 724 731 733 738 749 754 797 800 819 854 870 877 882 898 905 914 915 920 925 946 956 967 977 981 985 987 988 995 
2 10 22 64 68 95 101 145 173 204 214 240 254 328 358 360 398 420 505 523 535 557 574 599 613 622 630 644 668 760 795 816 826 921 926 954 960 
75 100 133 152 163 174 249 256 278 290 336 376 410 414 440 448 515 524 544 585 640 737 781 799 834 887 891 907 916 953 
38 45 260 292 297 319 422 517 549 590 603 615 645 678 699 815 845 850 856 857 900 935 951 971 
23 59 69 107 159 162 168 172 202 223 231 274 289 305 337 436 441 475 478 552 568 620 624 648 720 721 726 729 750 770 775 783 808 813 855 892 899 950 955 
3 32 110 151 227 241 267 389 394 465 635 671 725 727 756 777 837 853 929 
14 20 26 33 60 191 192 193 211 346 506 532 547 610 627 636 666 669 740 771 774 802 810 818 885 927 
37 65 111 121 153 155 160 187 190 208 367 393 429 476 480 492 512 569 586 675 691 744 748 764 772 858 906 933 945 968 
5 288 407 
30 142 165 253 264 309 335 347 497 548 579 621 638 643 723 863 908 928 943 962 
6 36 71 106 116 273 317 447 520 521 790 842 934 
510 653 685 700 828 897 
7 21 97 146 281 400 413 491 511 576 602 687 689 692 776 843 879 948 974 
13 42 67 98 143 186 263 277 299 312 372 542 575 582 659 680 686 696 703 742 838 881 973 986 990 
15 16 89 129 134 200 203 236 243 269 300 306 331 416 482 519 538 581 619 639 711 713 875 911 942 989 
40 61 103 114 222 259 272 282 350 368 375 402 408 513 528 533 546 598 646 673 717 806 809 821 823 830 874 922 982 
19 81 93 94 120 169 178 199 216 293 322 356 405 423 543 555 571 664 682 822 841 846 901 930 969 993 
18 96 118 144 158 182 221 296 369 374 456 564 672 698 708 757 762 798 820 829 839 866 904 919 947 952 996 
53 113 124 130 228 239 285 308 320 325 354 386 387 392 419 486 522 580 791 792 811 868 912 957 
123 287 391 399 442 450 453 562 589 593 623 679 755 782 812 824 844 864 903 932 
31 54 72 86 108 310 395 411 530 572 606 617 651 662 704 705 840 849 936 970 
74 138 149 219 230 252 268 291 295 304 313 388 437 463 566 588 652 690 759 785 910 918 
44 183 234 321 425 455 923 
