0 4 39 49 149 168 170 226 237 259 299 329 418 447 465 466 488 505 594 674 688 691 740 778 802 838 957 
2 10 16 18 20 22 28 30 35 37 42 50 67 70 74 82 88 93 94 95 100 103 105 107 109 119 125 126 134 138 140 158 161 164 165 171 175 176 178 179 181 183 190 192 199 202 209 218 219 220 224 225 228 231 232 233 236 243 250 252 254 257 263 265 267 268 287 295 301 306 311 317 319 322 324 334 337 355 367 374 375 380 383 386 387 388 395 399 403 405 411 413 417 420 428 429 438 441 446 448 450 452 461 463 469 474 477 478 480 489 490 491 492 494 498 502 506 513 516 524 526 528 530 531 532 533 537 540 546 556 557 572 576 578 579 581 586 596 600 611 616 619 623 625 638 640 644 648 658 660 661 687 692 694 695 699 704 707 708 716 718 721 722 726 738 743 750 760 774 780 784 789 794 806 812 813 820 821 823 826 827 828 830 833 834 843 847 855 860 864 869 871 877 882 887 890 902 903 915 916 923 930 932 935 946 948 950 951 956 973 974 986 993 994 
33 36 76 90 111 139 156 184 188 201 206 208 215 242 248 253 262 274 284 286 288 291 292 296 328 330 343 345 360 363 364 378 379 400 407 408 410 430 435 445 460 481 523 553 560 570 580 595 604 607 639 643 649 657 668 678 680 681 733 741 752 762 766 771 777 832 848 849 857 861 873 891 901 937 954 961 962 965 978 989 995 997 
21 116 167 249 348 349 406 436 551 563 628 672 747 867 
104 172 303 326 467 515 539 549 645 656 666 671 679 683 727 745 863 900 958 
1 5 7 8 17 26 29 31 43 46 48 62 63 64 66 71 75 81 83 84 98 102 112 113 115 117 118 120 122 123 127 129 131 132 141 143 146 151 152 153 154 159 163 173 191 193 195 198 203 210 213 214 223 229 238 244 245 246 261 264 266 269 271 273 278 280 290 294 297 302 305 308 309 310 312 315 318 323 325 342 347 351 353 357 361 370 382 385 393 396 398 404 421 423 424 431 437 449 454 455 456 464 470 472 475 476 486 487 503 507 510 512 514 518 521 525 534 542 544 545 552 558 559 564 567 575 577 587 601 609 615 617 626 627 629 632 634 642 650 651 652 664 665 673 676 685 693 696 697 698 702 705 709 712 715 719 720 732 736 737 742 744 749 753 754 756 757 758 761 768 769 773 776 779 781 785 787 791 795 798 800 804 805 809 811 814 822 831 836 837 839 840 841 844 845 846 854 856 862 872 879 889 904 907 908 909 910 917 918 920 922 927 944 945 947 949 959 963 966 967 969 970 975 979 983 984 985 990 991 999 
15 110 137 200 207 275 279 283 332 344 358 366 368 376 433 501 548 569 574 597 610 689 735 755 770 886 894 914 955 987 992 
24 25 101 148 216 331 372 416 425 457 482 614 618 624 637 739 792 810 829 835 924 938 
3 27 34 38 51 58 59 77 80 89 145 150 157 166 169 182 212 217 272 282 338 341 356 419 427 432 479 497 568 571 573 584 599 602 605 631 659 670 690 703 728 764 772 793 799 807 824 842 853 859 885 897 972 980 996 
12 55 69 97 121 135 180 277 285 300 327 352 394 415 439 453 483 495 499 508 536 606 612 622 646 677 713 714 786 801 803 875 941 
54 96 194 239 335 401 414 443 541 547 561 591 613 655 662 686 701 724 731 788 817 852 866 868 929 968 981 
56 73 79 197 211 221 240 247 260 304 313 340 346 412 444 451 458 527 529 555 562 653 667 706 710 748 775 819 825 870 905 906 926 933 976 
6 13 23 53 86 92 142 177 186 189 241 321 365 402 409 434 550 566 583 585 647 654 675 684 711 717 729 734 767 816 911 928 942 964 971 982 998 
44 61 68 78 85 155 185 187 289 316 426 471 582 636 730 751 783 851 876 880 881 943 988 
19 41 91 124 128 258 314 354 359 442 484 500 509 517 535 538 608 682 797 858 899 913 925 939 
9 32 52 99 106 136 160 205 234 293 339 350 369 371 392 519 593 603 663 818 865 874 878 883 977 
11 60 133 162 270 281 336 377 384 504 511 635 725 746 765 782 790 808 850 893 931 952 953 
14 45 47 65 72 114 130 255 276 362 373 397 422 440 459 468 485 620 621 669 888 896 919 936 
40 108 147 174 196 235 251 307 320 333 389 390 473 522 543 554 565 588 589 590 641 759 892 895 898 912 940 
57 87 144 204 222 227 230 256 298 381 391 462 493 496 520 592 598 630 633 700 723 763 796 815 884 921 934 960 
