0 22 50 52 107 170 196 209 245 254 262 336 363 399 431 447 466 497 499 528 529 555 557 569 571 585 601 607 632 633 635 671 672 673 674 695 737 742 764 771 783 787 800 826 869 878 890 912 932 937 950 954 968 971 983 
11 49 68 81 146 171 175 210 231 237 241 250 259 311 329 337 344 349 358 388 397 461 506 510 619 634 649 694 747 769 774 799 813 816 835 842 856 924 933 946 947 951 
91 121 151 182 192 223 272 345 408 439 458 477 487 496 525 551 577 609 669 697 704 846 881 927 948 
6 17 56 73 246 270 282 297 398 410 444 485 495 538 583 591 592 653 665 667 680 689 750 776 779 828 955 
1 39 48 105 172 177 195 198 213 216 225 243 274 276 284 309 321 339 359 373 378 521 590 594 637 645 658 664 666 720 729 730 758 817 824 853 857 859 922 964 
2 8 12 15 16 23 25 64 100 101 104 108 124 127 137 179 181 188 189 217 220 261 287 291 298 305 313 314 315 348 357 370 391 394 420 429 436 442 450 500 502 505 508 519 530 549 556 559 574 580 595 641 643 648 654 678 681 701 717 721 767 782 789 796 818 832 839 840 863 898 905 913 941 962 963 975 985 989 993 
27 87 200 207 242 299 346 417 448 473 513 517 663 723 760 801 844 920 
9 53 65 82 139 159 162 178 199 268 280 376 389 402 526 627 743 757 862 875 885 899 900 909 959 977 
3 38 40 54 61 71 76 78 79 94 102 110 111 125 148 154 167 168 185 239 248 279 306 312 320 341 343 369 401 403 406 427 449 459 468 482 509 515 562 563 598 668 677 687 690 698 716 732 733 762 791 809 811 814 819 823 825 833 836 838 858 864 865 868 870 884 887 897 907 916 938 969 981 
112 140 160 244 273 283 326 522 702 711 810 910 
24 69 176 255 258 324 330 332 334 368 380 381 383 387 413 452 478 503 564 575 576 628 629 675 724 738 798 880 892 894 931 943 987 992 
4 30 34 109 116 133 163 191 193 263 289 295 463 512 566 692 706 715 734 753 790 871 925 952 957 973 
5 18 29 55 58 75 150 203 234 266 281 288 292 367 393 421 475 492 520 547 584 710 725 765 772 936 944 960 961 
20 31 37 83 84 190 218 260 307 379 386 424 467 469 476 507 533 593 626 703 719 792 852 883 921 984 
10 41 95 118 130 141 161 180 235 256 265 327 333 354 407 432 460 489 560 567 612 616 624 679 735 744 795 827 849 901 942 945 990 
19 26 32 45 97 98 158 184 252 253 290 302 338 371 390 400 425 480 494 542 561 608 625 651 691 727 745 746 748 752 770 781 860 926 953 
122 144 145 155 165 277 285 300 340 356 385 441 443 445 457 464 472 479 498 539 548 613 615 630 644 699 707 759 766 784 793 815 855 866 889 917 928 974 994 
7 13 43 72 85 86 90 115 128 205 257 264 269 352 384 418 430 454 490 491 537 553 568 618 642 726 761 802 807 829 830 893 934 
42 57 62 74 114 123 142 183 226 296 396 405 414 423 446 451 470 573 581 603 611 622 639 640 685 700 712 773 788 806 821 872 891 908 918 935 976 986 
28 33 67 80 99 103 117 120 194 214 238 240 278 310 331 351 355 360 364 365 372 415 474 488 504 527 536 578 587 631 655 714 722 739 740 756 778 820 841 847 874 919 923 967 970 972 979 991 999 
36 63 70 136 143 152 229 301 377 465 481 483 511 531 570 600 646 686 736 749 768 777 786 794 804 812 822 831 867 877 886 903 914 915 939 988 
14 21 46 59 119 132 135 169 204 208 221 232 236 293 316 362 426 428 453 456 462 471 493 545 572 579 582 588 599 606 636 659 661 688 709 751 837 851 876 930 966 978 995 997 
47 88 106 131 149 166 174 186 187 215 251 347 412 565 657 741 763 808 845 882 888 929 940 
113 126 129 138 233 249 308 319 335 342 433 486 534 540 605 610 621 656 660 682 684 728 785 896 
66 153 197 212 227 286 294 323 395 434 484 541 544 550 558 586 650 708 775 850 904 906 
51 77 147 157 164 230 275 303 318 325 375 392 409 416 438 501 596 614 647 652 670 676 755 805 879 902 949 958 980 996 
44 89 173 202 206 267 271 322 353 374 437 455 535 543 546 620 623 662 705 780 843 848 911 
60 92 96 134 156 211 219 224 228 304 317 382 404 419 435 516 532 554 696 754 803 834 
35 93 201 222 247 328 350 361 366 411 422 440 514 518 523 524 552 589 597 602 604 617 638 683 693 713 718 731 797 854 861 873 895 956 965 982 998 
