0 52 132 196 254 262 336 363 447 466 497 499 500 557 585 601 632 633 635 658 671 673 742 771 783 787 800 826 869 878 890 906 932 950 968 971 983 997 
11 49 68 81 146 171 175 210 231 237 241 250 259 296 311 329 337 344 349 358 388 448 461 506 510 619 634 649 694 747 769 774 799 813 816 835 842 856 924 933 946 947 951 
91 121 151 182 192 223 272 345 408 439 458 477 487 496 525 551 577 609 669 697 704 846 881 927 948 
6 17 56 73 188 220 246 270 282 297 398 410 444 485 495 538 583 591 592 653 665 667 680 689 750 776 779 828 894 955 975 
1 39 48 105 172 177 195 198 213 216 225 243 274 284 309 321 339 359 373 521 590 594 637 664 666 720 730 758 817 824 853 857 859 922 964 
2 12 15 23 66 101 112 124 127 141 153 160 179 189 227 261 283 286 287 291 298 314 315 323 357 391 420 436 442 450 484 502 505 519 541 549 550 556 559 586 595 641 645 678 681 702 717 767 775 789 796 810 818 839 840 863 904 905 913 941 962 963 985 989 
27 87 200 207 242 299 346 417 473 513 517 663 723 760 801 844 920 
9 53 65 82 139 159 162 178 199 268 280 305 376 389 402 526 627 743 757 862 875 885 899 900 909 959 977 
3 38 40 54 61 71 76 78 79 94 102 110 111 120 125 140 148 154 167 168 185 197 239 244 248 273 279 294 306 312 320 326 341 343 369 378 395 401 403 406 427 434 449 459 468 482 509 515 522 544 558 562 563 582 598 650 668 677 687 690 698 708 711 716 732 733 762 791 809 811 814 819 823 825 833 836 838 850 858 864 865 868 870 884 887 897 907 910 916 938 969 981 
4 30 34 109 116 133 163 191 193 263 289 295 463 512 566 692 706 715 734 753 790 871 925 952 957 973 
8 16 25 100 108 181 348 370 394 429 508 530 580 643 648 654 701 721 782 832 898 993 
5 18 29 55 58 75 150 203 234 266 281 288 292 367 393 421 475 492 520 547 584 710 725 765 772 936 944 960 961 
22 50 107 170 209 245 399 528 529 555 569 571 607 672 674 695 737 764 912 937 954 
20 31 37 64 83 84 190 218 260 307 379 386 424 467 469 476 507 533 593 626 703 719 731 792 852 883 921 984 
10 28 33 41 67 80 95 99 103 104 117 118 130 161 180 194 212 214 235 238 240 256 265 276 278 310 327 331 333 351 354 355 360 364 365 372 397 407 415 432 460 474 488 489 504 527 536 560 567 578 587 612 616 624 631 655 679 714 722 735 739 740 744 756 778 795 820 827 841 847 849 874 901 919 923 942 945 967 970 972 979 986 990 991 999 
19 26 32 45 97 98 122 158 184 252 253 290 302 313 338 371 390 400 425 480 494 542 561 608 625 651 691 727 745 746 748 752 770 781 860 926 953 
144 145 155 165 277 285 300 340 356 385 431 441 443 445 457 464 472 479 498 539 548 574 613 615 630 644 699 707 759 766 784 793 855 866 889 917 928 974 994 
7 13 43 72 85 86 90 115 128 205 257 264 269 352 384 418 430 454 490 491 537 553 568 618 642 726 761 802 807 815 829 830 893 934 
42 57 62 74 114 123 142 183 226 396 405 414 423 446 451 470 573 581 603 611 622 639 640 685 700 712 773 788 806 821 872 891 908 918 935 976 
36 63 70 136 143 152 229 301 377 465 481 483 511 531 570 600 646 686 729 736 749 768 777 786 794 804 812 822 831 867 877 886 903 914 915 939 988 
14 21 46 59 119 135 169 204 208 221 232 236 293 316 362 426 428 453 456 462 471 493 545 572 579 588 599 606 636 659 661 688 709 751 837 851 876 930 966 978 995 
47 88 106 131 149 166 174 186 187 215 251 347 412 565 657 741 763 808 845 882 888 929 940 
113 126 129 138 233 249 308 319 335 342 433 486 534 540 605 610 621 656 660 682 728 785 896 
51 77 137 147 157 164 217 230 275 303 318 325 375 392 409 416 438 501 596 614 647 652 670 676 755 805 879 902 949 958 980 996 
44 89 173 202 206 267 271 322 353 374 437 455 535 543 546 620 623 662 705 780 843 848 911 
24 69 176 255 258 324 330 332 334 368 380 381 383 387 413 452 478 503 564 575 576 628 629 675 724 738 798 880 892 931 943 987 992 
60 92 96 134 156 211 219 224 228 304 317 382 404 419 435 516 532 554 696 754 803 834 
35 93 201 222 247 328 350 361 366 411 422 440 514 518 523 524 552 589 597 602 604 617 638 683 684 693 713 718 797 854 861 873 895 956 965 982 998 
