0 17 47 97 102 126 163 186 211 224 352 370 423 454 520 532 697 721 744 748 779 809 933 
28 31 33 35 39 41 48 62 88 89 92 101 110 151 152 162 165 195 198 202 204 207 252 281 287 292 309 338 339 350 363 372 378 382 393 404 424 429 433 437 450 463 465 469 483 490 494 509 515 536 544 550 555 594 617 639 640 645 660 664 667 690 710 715 724 731 733 740 753 790 794 812 833 838 852 860 865 912 917 939 966 979 980 987 996 997 
160 229 269 285 303 323 355 478 505 518 574 633 820 873 
3 22 26 34 37 55 67 134 168 183 184 197 200 210 219 225 233 235 241 275 278 282 284 314 336 342 344 349 358 400 401 430 432 467 472 498 528 561 575 581 585 590 605 636 643 649 650 659 674 686 722 729 736 742 768 778 784 787 788 802 819 825 834 879 885 899 907 925 929 937 968 971 982 994 
1 72 188 192 196 215 247 286 295 302 343 364 374 386 398 411 419 474 493 495 529 559 600 601 624 647 676 687 694 714 750 795 823 832 878 887 915 951 990 
60 73 75 103 130 154 170 180 242 256 291 305 318 391 399 434 455 487 496 502 546 563 564 603 713 761 762 910 960 961 986 991 
18 46 69 74 76 100 109 129 149 187 298 319 326 332 452 453 462 481 537 562 565 615 638 688 689 743 749 769 791 861 870 926 927 935 
77 84 111 142 144 148 171 189 208 226 237 274 279 439 444 451 500 503 510 512 551 587 591 618 656 692 776 797 822 851 905 911 923 945 
2 71 161 243 248 267 329 334 346 384 421 426 441 466 482 499 507 519 534 588 613 653 678 684 685 693 732 798 804 824 841 848 855 874 940 956 965 974 984 998 
6 58 98 118 119 131 138 179 185 205 206 217 230 240 262 288 345 351 377 385 428 436 491 492 568 611 696 707 816 894 902 904 941 978 
20 94 156 181 222 308 330 357 387 470 477 484 508 517 582 631 700 755 793 884 897 922 928 953 
8 10 25 63 65 78 87 91 115 120 122 155 166 213 223 227 232 236 244 257 266 280 299 311 322 325 328 340 354 356 376 383 408 435 446 489 521 533 541 543 579 598 606 625 626 635 658 662 663 680 682 703 704 711 718 719 727 741 757 758 763 796 815 828 842 850 862 869 875 896 920 931 938 943 947 950 967 970 972 973 988 992 999 
12 13 50 82 113 255 259 260 283 293 300 324 402 479 504 558 571 608 619 630 668 679 699 739 746 864 890 895 932 936 944 948 989 993 
15 57 81 169 238 246 261 263 389 397 442 586 589 648 675 716 738 783 813 913 985 
4 21 23 59 104 106 116 158 212 216 239 258 297 301 341 360 381 410 416 464 480 511 545 548 573 578 620 632 652 695 745 759 764 775 800 814 836 843 857 892 903 908 914 975 981 
27 32 45 61 70 108 141 190 203 272 368 369 390 395 415 431 497 612 683 780 872 977 
54 90 137 145 153 214 310 335 394 412 438 456 468 542 547 595 771 781 830 849 918 
5 24 51 178 220 221 296 307 317 365 406 422 445 471 535 592 621 627 637 654 726 751 777 835 856 881 891 955 976 
85 86 93 96 123 157 273 313 327 359 414 485 506 516 531 597 599 669 691 728 734 792 803 859 871 898 952 969 983 
7 19 38 42 132 140 147 276 306 315 375 403 447 570 614 666 673 737 760 799 801 811 863 868 886 900 959 
11 14 125 146 304 418 420 449 522 526 785 805 839 845 866 909 921 
9 44 49 79 139 174 249 316 320 321 361 405 448 473 554 622 657 661 765 770 786 853 888 
36 53 95 117 127 135 176 177 218 234 265 294 373 380 425 443 539 557 583 596 609 634 642 672 701 702 720 774 782 806 810 821 840 906 942 954 962 963 
66 99 105 121 124 128 136 150 167 201 228 245 289 331 333 362 417 427 459 475 523 671 677 709 756 829 831 854 880 958 
16 64 133 312 366 514 540 560 602 681 708 747 752 867 924 934 
29 30 193 199 271 337 367 388 396 476 593 616 725 767 817 826 876 995 
194 209 231 348 457 458 486 488 501 538 553 556 607 610 641 670 705 789 837 847 877 882 901 949 
112 182 191 253 254 264 371 392 460 513 525 567 569 584 628 644 655 698 717 723 735 754 807 808 844 957 
40 52 56 68 83 164 172 173 175 250 270 277 347 353 379 407 409 440 461 527 549 552 572 576 580 604 623 646 651 665 712 730 766 772 818 827 858 889 964 
43 80 107 114 143 159 251 268 290 413 524 530 566 577 629 706 773 846 883 893 916 919 930 946 
