0 4 31 39 49 149 168 193 226 237 259 272 299 329 404 418 447 456 465 466 488 505 594 623 674 688 691 696 728 740 778 802 838 957 
1 10 104 170 172 181 220 228 233 267 303 326 405 408 420 430 463 467 489 515 528 539 546 549 556 578 595 602 645 666 671 679 683 721 727 731 745 863 882 900 932 958 
33 76 111 139 188 206 242 248 253 274 291 292 328 360 363 364 378 379 435 445 454 460 523 570 604 607 649 668 678 741 762 777 848 849 857 873 891 901 937 965 978 995 997 
5 21 116 167 249 348 349 385 406 421 436 551 563 567 577 628 672 747 761 867 935 983 
15 22 94 110 137 200 207 275 279 283 332 344 358 366 368 376 433 476 501 532 548 569 574 597 610 627 689 692 735 755 770 886 894 914 955 987 992 
40 48 62 66 81 102 108 109 115 122 126 131 147 151 153 154 174 178 191 196 198 235 238 251 254 261 294 307 320 323 333 389 390 393 431 455 473 475 487 502 512 522 542 543 554 559 565 575 588 589 590 609 641 673 685 715 732 758 759 768 794 795 811 822 833 841 883 892 895 898 907 912 940 944 949 975 
7 37 46 64 83 113 127 143 146 173 210 245 246 290 310 318 342 429 450 464 486 521 544 656 665 697 742 769 781 785 798 804 836 879 959 967 970 984 
24 25 101 148 216 331 372 416 425 457 482 614 624 637 739 792 810 829 835 924 938 
118 123 141 152 159 195 280 305 308 353 370 423 424 449 472 510 525 552 615 617 651 664 698 712 719 737 749 754 776 787 837 839 872 910 917 918 920 927 966 969 979 991 999 
2 88 103 119 140 176 236 306 355 374 375 383 413 428 452 477 531 533 537 572 638 658 660 695 707 708 716 743 784 813 834 860 864 869 871 887 915 974 994 
20 36 67 70 90 138 156 183 184 190 201 208 215 218 225 257 262 263 284 286 288 296 301 324 330 334 343 345 400 407 410 446 451 461 481 494 516 524 553 560 618 625 639 643 657 680 681 733 752 766 771 827 832 847 861 903 923 946 950 954 956 961 962 973 986 989 
57 87 100 144 204 222 230 256 298 361 381 388 391 462 490 493 496 520 534 592 598 630 633 700 723 763 796 815 884 921 934 960 
17 26 29 75 84 112 117 132 163 202 264 271 273 278 302 322 492 507 514 518 587 626 632 634 652 676 705 720 757 773 800 805 840 846 854 904 908 945 947 985 990 
3 27 38 58 77 145 157 166 169 182 212 217 311 338 341 356 432 479 497 573 584 659 670 703 772 793 807 859 885 897 980 996 
55 69 97 135 180 277 285 300 327 352 394 415 483 499 508 612 622 646 714 786 803 875 941 
18 35 42 43 71 107 125 129 158 165 192 295 309 347 357 367 382 386 411 437 448 480 503 513 601 611 629 644 648 687 718 744 780 791 809 812 823 844 889 902 916 948 
54 96 194 239 335 401 414 443 541 547 561 580 591 613 655 662 686 701 724 788 817 852 856 866 868 929 968 981 
6 8 13 23 53 56 73 79 86 92 98 142 177 186 189 197 203 211 213 214 221 223 229 240 241 244 247 260 266 269 297 304 313 315 321 325 340 346 351 365 396 398 402 409 412 434 438 444 458 470 527 529 550 555 558 562 564 566 583 585 642 647 650 653 654 667 675 682 684 693 702 706 709 710 711 717 729 734 736 738 748 753 756 760 767 775 779 814 816 819 821 825 831 845 862 870 905 906 909 911 922 926 928 933 942 963 964 971 976 982 998 
44 61 68 78 85 155 185 187 289 316 395 426 471 582 636 730 751 783 843 851 876 880 881 943 988 
28 63 105 175 199 252 268 287 317 319 337 399 441 498 526 530 596 600 619 640 661 699 750 806 830 855 877 890 993 
34 51 59 80 89 150 282 380 419 427 568 571 599 605 631 690 764 799 824 842 853 972 
19 41 91 124 128 258 314 354 359 442 484 500 509 517 535 538 608 797 858 899 913 925 939 
9 32 52 99 106 136 160 205 234 293 339 350 369 371 392 506 519 593 603 663 818 865 874 878 977 
16 74 82 171 231 265 469 491 581 774 930 
50 93 95 164 179 209 219 224 232 250 387 403 417 478 540 576 579 616 694 704 722 726 789 820 826 828 951 
11 12 60 120 121 133 134 161 162 227 270 281 336 377 384 439 453 474 495 504 511 536 557 606 635 677 713 725 746 765 782 790 801 808 850 893 931 952 953 
14 45 47 65 72 114 130 255 276 362 373 397 422 440 459 468 485 620 621 669 888 896 919 936 
30 243 312 545 586 
