0 104 170 172 181 220 228 233 267 303 405 408 430 447 463 467 489 515 528 539 546 549 556 578 595 602 643 645 666 671 679 683 721 727 731 745 863 900 932 958 
8 17 23 31 33 50 76 84 93 95 98 111 112 132 134 139 161 163 164 178 179 188 202 203 206 209 213 214 219 223 224 229 232 242 244 248 250 253 266 274 291 292 297 308 315 322 325 326 328 351 360 363 364 378 379 387 388 396 398 399 403 404 417 435 438 441 445 454 460 466 470 478 480 492 514 523 540 557 558 564 570 576 579 580 604 607 616 642 649 650 652 661 668 678 693 694 702 704 709 722 726 736 741 753 754 756 760 762 777 779 789 814 820 826 828 831 848 849 857 862 873 891 901 909 922 937 951 963 965 978 990 995 997 999 
5 21 102 116 167 249 348 349 385 406 421 436 551 563 567 577 628 672 747 761 867 935 983 
168 505 594 674 688 802 
11 60 109 120 133 162 174 237 259 270 281 299 336 377 384 474 504 511 635 691 725 740 746 765 782 790 808 838 850 893 931 952 953 
1 24 25 101 148 216 331 372 416 425 457 482 614 618 624 637 739 778 792 810 829 835 924 938 
15 22 110 137 200 207 275 279 283 332 344 358 366 368 376 433 476 501 548 569 574 597 610 627 689 692 735 755 770 886 892 894 914 955 987 992 
48 81 122 131 153 198 261 323 431 475 512 609 673 685 715 732 758 795 811 822 841 949 
7 37 46 64 83 113 127 143 146 173 210 245 246 290 310 342 429 450 464 486 498 521 544 656 665 697 742 769 781 785 798 804 836 879 904 959 967 970 984 
63 117 118 123 141 152 159 195 268 280 305 307 311 353 370 423 424 449 472 510 525 530 543 552 596 600 615 617 651 664 698 712 719 737 749 776 787 837 839 872 910 918 920 927 966 969 975 979 985 991 
2 28 88 103 119 140 176 236 306 355 374 375 383 413 428 452 477 531 533 537 572 638 658 660 695 707 708 716 743 784 834 860 864 869 871 887 915 974 994 
20 67 70 138 183 190 218 225 257 263 301 324 334 446 461 494 516 524 625 827 847 923 946 950 956 973 986 
39 57 87 144 204 222 227 230 256 298 361 381 391 462 488 490 493 496 520 534 592 598 630 633 700 723 763 796 815 884 921 934 960 
26 75 264 273 278 302 507 518 587 626 632 634 676 705 720 757 773 800 805 840 846 854 908 945 947 
3 27 38 58 77 145 157 166 169 182 212 217 338 341 356 432 479 497 573 584 659 670 703 728 772 793 807 859 885 897 980 996 
12 55 69 97 121 135 180 277 285 300 327 352 394 415 439 453 483 495 499 508 536 606 612 622 646 677 713 714 786 801 803 813 875 941 
4 10 35 42 43 71 100 107 125 129 158 165 192 271 295 309 347 357 367 382 386 411 420 437 448 503 513 601 611 629 644 648 687 718 744 780 791 809 812 823 844 882 889 902 916 948 
149 329 456 623 696 957 
54 96 105 194 239 335 401 414 443 541 547 561 591 613 655 662 686 701 724 788 817 852 856 866 868 929 968 981 
29 56 62 73 79 197 211 221 240 247 260 269 294 304 313 340 346 412 444 451 458 527 529 555 562 653 667 706 710 748 775 819 825 833 870 905 906 926 933 976 
6 175 317 319 365 532 619 640 699 806 855 877 
13 53 86 92 142 177 186 189 241 318 321 402 409 434 550 566 583 585 647 654 675 684 711 717 729 734 738 767 816 821 845 911 928 942 964 971 982 998 
44 49 61 68 78 85 155 185 187 193 289 316 395 426 471 582 636 730 751 783 843 851 876 880 881 943 988 
36 90 156 184 201 215 262 272 284 286 288 296 330 343 345 400 407 410 418 465 481 553 560 639 657 680 681 733 752 766 771 832 861 890 903 954 961 962 989 
34 51 59 80 89 150 282 380 419 427 568 571 599 605 631 690 764 799 824 842 853 972 
19 41 91 124 128 258 314 354 359 442 484 500 509 517 535 538 608 682 797 858 899 913 925 939 
9 32 52 99 106 136 160 205 226 234 293 339 350 369 371 392 506 519 593 603 663 818 865 874 878 883 977 
16 18 30 74 82 115 154 171 231 238 243 265 312 469 491 545 581 586 774 917 930 
14 45 47 65 72 114 130 255 276 362 373 397 422 440 459 468 485 575 620 621 669 888 896 919 936 
208 252 287 337 526 750 830 993 
66 126 151 191 254 393 455 487 502 542 559 768 794 907 944 
40 108 147 196 235 251 320 333 389 390 473 522 554 565 588 589 590 641 759 895 898 912 940 
94 199 
