0 1 4 6 10 17 18 22 23 26 28 29 31 35 37 39 42 49 50 54 61 63 75 84 93 94 95 96 104 105 112 117 118 120 123 129 130 131 132 134 141 149 152 159 161 163 164 168 170 171 172 175 178 179 181 189 193 194 195 199 202 208 209 219 220 224 226 228 232 233 235 237 239 250 252 254 259 264 267 268 271 272 273 278 280 287 299 302 303 305 307 308 309 311 317 318 319 322 326 329 335 337 353 357 367 370 380 383 384 387 388 395 399 401 403 404 405 408 411 414 417 418 420 423 424 430 438 441 443 447 449 450 454 456 463 465 466 467 472 474 476 478 480 488 489 490 492 498 501 505 506 507 510 514 515 518 525 526 528 530 531 532 539 540 541 546 547 549 552 556 557 561 567 572 576 578 579 580 583 585 587 591 594 595 596 600 602 613 615 616 617 619 623 626 632 634 640 645 648 651 652 655 656 661 662 664 666 671 674 676 679 683 686 687 688 691 692 694 696 698 699 701 704 705 712 719 720 721 722 724 726 727 728 731 737 740 743 745 748 749 750 754 757 773 776 778 787 788 789 800 802 805 806 817 820 826 828 830 837 838 839 840 843 845 846 852 854 855 856 863 866 868 871 872 877 882 890 900 903 904 908 910 916 917 918 920 927 929 932 935 945 947 951 957 958 966 968 969 975 979 981 985 990 991 993 999 
33 76 111 139 188 206 242 248 253 274 291 292 328 360 363 364 378 379 435 445 460 523 570 604 607 649 668 678 741 762 777 848 849 857 873 891 901 937 965 978 995 997 
5 21 116 167 249 348 349 385 406 421 436 551 563 577 628 672 747 761 867 983 
15 110 137 200 207 275 279 283 332 344 358 366 368 376 433 548 569 574 597 610 627 689 735 755 770 886 892 894 914 955 987 992 
48 62 66 81 102 109 115 122 126 143 151 153 154 191 198 261 294 323 393 431 455 475 487 502 512 542 559 575 609 673 685 715 732 758 768 794 795 811 822 833 841 907 944 949 
7 46 64 83 113 127 146 173 210 245 246 290 310 342 429 464 486 521 544 665 697 742 769 781 785 798 804 836 879 959 967 970 984 
24 25 101 148 216 331 372 416 425 457 482 614 624 637 739 792 810 829 835 924 938 
2 88 103 119 140 176 236 306 355 374 375 413 428 452 477 533 537 638 658 660 695 707 708 716 784 834 860 864 869 887 915 974 994 
20 67 70 138 183 190 218 225 257 263 301 324 334 446 461 494 516 524 625 827 847 923 946 950 956 973 986 
3 27 58 77 145 157 166 169 182 212 217 338 341 356 432 479 497 573 584 659 670 703 772 793 807 859 885 897 980 996 
12 55 69 97 121 135 180 277 285 300 327 352 394 415 439 453 483 495 499 508 536 606 612 622 639 646 677 713 714 786 801 803 813 875 941 
43 71 107 125 158 165 192 295 347 382 386 437 448 503 513 601 611 629 644 718 744 780 791 809 812 823 844 889 902 948 
9 32 52 56 57 73 79 87 99 100 106 136 144 160 204 205 222 227 230 234 240 247 256 260 269 293 298 339 340 350 361 369 371 381 391 392 412 444 458 462 493 496 519 520 527 534 592 593 598 603 630 633 653 663 700 710 723 763 775 796 815 818 865 874 878 883 884 906 921 926 933 934 960 976 977 
13 53 86 92 142 177 186 241 321 365 402 409 434 550 566 647 654 675 682 684 711 717 729 734 738 767 816 821 911 928 942 964 971 982 998 
44 68 78 85 155 185 187 289 316 426 471 582 636 730 751 783 851 876 880 881 943 988 
8 98 203 213 214 223 229 244 266 297 315 325 351 396 398 470 558 564 642 650 693 702 709 736 753 756 760 779 814 831 862 909 922 963 
34 51 59 80 89 150 282 419 427 568 571 599 605 631 690 764 799 824 842 853 972 
19 41 91 124 128 258 314 354 359 442 484 500 509 517 535 538 608 797 858 899 913 925 939 
16 30 74 82 231 238 243 265 312 469 491 545 581 586 774 930 
11 60 133 162 270 281 336 377 504 511 635 725 746 765 782 790 808 850 893 931 952 953 
14 45 47 65 72 114 255 276 362 373 397 422 440 459 468 485 620 621 669 888 896 919 936 
36 90 156 184 201 215 262 284 286 288 296 330 343 345 400 407 410 451 481 553 560 643 657 680 681 733 752 766 771 832 861 954 961 962 989 
197 211 221 304 313 346 529 555 562 667 706 819 825 870 905 
38 40 108 147 174 196 251 320 333 389 390 473 522 543 554 565 588 589 590 618 641 759 895 898 912 940 
