257 533 408 280 155 543 166 680 682 299 311 703 63 65 579 325 967 711 970 842 972 588 718 340 213 598 727 87 223 227 356 741 232 489 875 236 241 626 115 757 376 122 635
515 393 912 404 917 151 664 281 152 667 31 287 35 292 165 424 41 939 812 555 824 450 198 465 979 980 339 88 731 92 733 350 865 483 101 103 617 110 372 763 252 382 639
640 645 660 790 536 25 794 544 162 550 39 429 48 433 437 309 62 833 195 966 838 710 202 715 204 463 207 338 852 469 724 89 987 996 997 740 490 363 494 753 378
258 4 903 775 892 908 652 914 21 23 410 158 800 545 416 548 301 814 695 59 573 578 843 975 464 212 341 981 216 857 480 104 745 106 620 116 759 632 764 381 511
772 646 651 270 527 659 277 407 409 665 164 549 40 172 173 175 818 52 56 440 827 572 576 964 68 580 712 461 83 858 347 604 730 479 353 360 623 889 250 379 766
390 395 780 269 141 272 27 285 415 32 160 297 683 45 431 303 820 61 574 190 323 70 713 203 977 988 478 355 612 229 872 873 108 505 368 369 497 633
899 134 649 778 398 400 401 787 275 22 925 929 34 37 168 686 430 819 55 183 314 834 67 200 590 210 344 729 219 349 736 225 358 233 235 239 885 509
512 776 905 907 142 911 144 656 274 148 279 923 797 551 171 945 435 692 822 439 444 189 451 587 77 591 208 851 84 992 226 618 237 111 500 503 510
129 769 18 149 791 537 926 927 935 298 46 302 688 689 562 565 187 319 452 69 453 326 329 74 332 76 462 861 481 100 870 743 615 749 109 638
384 2 519 267 653 534 798 161 804 421 678 426 940 684 685 693 441 956 965 71 841 974 334 848 466 855 984 346 732 482 613 998 243 499 248 507
1 647 529 915 795 411 419 676 295 559 687 694 823 951 188 192 832 196 72 714 215 600 343 474 601 247 990 364 493 750 495 624 878 374 887
642 774 265 906 782 539 672 36 294 806 425 810 557 942 176 177 53 821 954 443 701 702 962 963 840 720 596 218 95 609 234 117 373 634 127
385 131 902 262 904 6 138 288 428 941 816 179 436 696 568 185 58 707 205 206 978 345 217 351 98 611 230 491 492 240 118 119 377 894
896 8 521 10 266 658 662 663 796 541 931 938 943 815 947 950 828 446 704 322 328 973 78 719 850 91 862 606 354 869 625 244 758 120
514 388 133 396 271 16 924 540 29 30 934 681 560 817 312 826 64 193 708 199 337 593 725 602 476 995 867 616 747 876 366 367 752 767
768 3 643 650 528 784 788 278 26 282 284 674 802 937 561 184 825 968 585 971 336 722 467 982 342 472 605 994 742 879 498 636 383
259 260 255 12 13 402 283 668 932 293 679 936 300 558 944 50 948 571 699 324 82 989 608 993 864 739 746 619 113 630 504 890 895
128 136 523 150 671 417 289 677 167 427 829 958 831 66 709 201 459 331 333 854 475 99 228 105 362 880 756 245 121 124
256 130 910 399 154 546 291 170 305 434 563 564 180 60 318 960 961 455 75 986 603 991 487 496 242 502 761 762
898 516 273 531 792 669 157 414 803 691 952 313 327 969 597 85 599 728 983 86 859 93 96 485 871 359 506 123
513 644 264 392 525 655 33 807 808 182 567 569 698 957 191 584 844 717 460 723 735 874 112 754 371 628 253 254
5 777 654 406 535 24 422 296 178 51 307 955 317 445 835 592 726 471 856 220 221 365 751 881 627 891 637
900 132 7 140 19 403 147 276 666 799 673 801 38 42 811 306 570 315 959 447 863 737 868 614 886 760
897 387 517 20 793 922 156 928 308 181 953 700 582 73 330 470 477 222 94 484 357 755 884 631 508
641 901 789 538 670 553 556 949 705 194 837 457 458 847 209 348 607 610 486 231 488 877 882 501
0 520 779 17 532 163 933 423 809 47 697 186 454 721 211 224 97 352 102 744 748 370 126
773 268 524 143 530 916 919 413 159 930 290 43 946 566 577 706 80 107 114 883 629 251 893
770 9 139 657 786 661 405 554 44 174 49 316 448 320 79 853 473 361 622 888 249 765
261 389 263 648 397 783 15 913 675 169 813 57 442 586 716 589 81 985 738 238 246
771 137 394 781 145 918 153 412 542 547 310 438 54 830 456 335 849 595 468 214
449 418 866 420 805 839 522 11 909 845 14 526 304 785 146 921 28 125
135 575
