770 514 5 262 650 396 785 658 659 660 539 543 416 674 933 42 943 304 817 306 570 315 960 832 194 578 68 197 710 325 456 204 333 597 344 734 996 997 357 615 359 875 491 369
386 390 903 135 779 270 914 532 662 919 791 25 27 669 413 929 36 422 308 440 953 316 830 574 196 968 73 974 976 338 339 213 858 479 482 610 998 486 881 120 505 635 253
256 385 902 657 155 681 682 43 170 301 298 686 689 51 696 57 444 958 703 447 963 453 966 582 199 583 715 588 340 86 989 994 747 239 498 118 504 251 764 254 511
897 769 516 133 906 394 16 912 789 796 31 33 548 37 554 556 940 562 951 701 65 706 195 326 200 845 206 975 209 212 215 91 733 617 362 492 757 125 506 893
1 644 901 904 14 656 19 23 288 678 679 810 683 812 946 179 436 188 967 713 585 79 850 83 982 600 220 990 224 999 236 493 366 378 373 503 634 124
3 8 648 266 395 15 400 536 540 157 418 934 807 808 296 811 307 692 54 823 709 461 465 599 603 222 736 97 608 867 484 612 487 618 878 753 628 886
515 784 20 152 922 795 284 286 675 803 165 685 433 566 439 183 571 191 576 712 328 75 76 988 477 93 351 991 356 873 107 237 622 883 500 247 636 126
392 522 524 141 148 917 154 798 672 34 35 41 942 48 176 177 948 821 568 956 957 445 449 708 965 838 71 969 843 972 463 483 742 752 368 754 760 765
777 138 397 403 661 406 279 153 667 931 292 806 936 437 438 443 962 67 458 721 853 854 598 90 602 475 866 995 102 109 110 243 758 248 250 380 637
775 12 18 410 538 924 671 293 424 297 687 178 52 55 952 314 189 62 579 327 455 842 977 470 478 993 101 360 621 749 751 114 121 123 508 382 383
641 388 7 263 519 393 17 404 150 151 408 280 542 544 291 175 824 58 954 714 334 979 469 984 217 604 864 874 619 363 877 494 756 501 889
768 513 790 409 282 283 40 426 939 684 814 944 560 691 182 697 829 63 575 450 970 591 342 859 348 737 231 233 746 876 879 626 381 127
384 132 772 142 913 24 925 159 32 680 937 428 699 66 837 454 839 971 459 592 723 980 467 727 983 986 607 353 226 738 745 111 625 631
258 518 776 651 909 271 915 792 541 546 804 423 295 169 430 947 959 64 961 198 78 590 978 981 87 92 480 740 743 744 116 375 888 895
649 908 786 274 276 149 22 921 923 805 168 553 49 434 819 949 565 311 826 704 847 595 863 96 865 227 365 623 882 761 891 510 639
134 267 531 788 285 287 928 162 290 38 809 941 45 441 442 707 330 331 594 346 861 481 355 229 614 488 108 115 884 759 762 379 890
0 646 521 525 910 529 402 533 668 547 549 677 935 555 561 690 950 312 827 964 973 77 205 464 211 728 985 735 241 242
512 259 131 11 907 144 145 916 405 664 665 29 927 160 164 294 828 573 318 193 720 337 343 350 862 609 485 490 106 245
899 773 647 781 653 21 920 26 161 551 557 563 822 694 310 184 201 332 726 88 216 472 94 868 613 364 240 113 371 894
896 774 911 655 273 147 277 918 930 420 815 564 955 572 320 835 69 581 72 840 718 473 860 95 98 872 624 627 892
257 645 523 780 783 528 143 530 412 926 158 425 47 432 322 329 336 119 89 601 347 223 611 99 741 870 230 887
898 260 787 278 535 411 156 545 552 300 174 559 435 181 192 577 724 725 729 620 880 496 370 112 117 374 638
640 517 261 265 139 269 275 30 938 431 688 186 190 319 321 584 74 846 857 605 225 739 249 763 767
2 130 4 654 398 663 537 28 670 550 171 303 831 834 849 466 852 84 221 869 358 871 748 246
10 140 399 281 793 666 802 419 163 299 818 180 567 59 446 580 460 855 606 354 104 238 502 376
128 771 6 526 146 289 305 695 313 451 203 716 717 335 219 100 103 616 235 750 372 633 122
642 520 268 401 415 801 417 429 46 816 50 61 702 70 457 587 719 848 722 731 349 234 255
129 136 137 414 673 173 309 569 825 698 833 836 324 844 81 214 856 732 476 629 632 509
9 652 13 782 407 794 800 39 44 693 60 700 705 82 468 341 730 992 228 495 755
391 264 527 799 167 813 56 187 323 452 841 586 589 462 207 208 596 218 361 377 252
387 389 905 534 172 302 53 185 317 202 80 210 85 474 232 499 244 630 766
507
