53 84 92 113 119 124 130 228 239 285 294 308 320 325 345 354 368 373 379 382 386 387 392 415 419 430 457 460 486 522 580 604 616 791 792 811 868 881 912 940 957
27 29 89 117 129 161 174 207 212 245 247 271 277 291 348 365 378 406 409 416 421 473 526 583 665 735 739 749 753 793 819 862 869 871 888 939 949
155 160 187 190 208 367 393 429 480 487 492 512 524 569 586 675 691 744 764 772 858 906 933 968
43 51 58 66 102 141 235 286 333 344 359 389 397 426 427 431 432 435 466 472 487 488 515 525 527 560 607 609 632 658 701 712 751 860 861 978 979 980 997
14 20 33 60 147 191 192 193 211 301 346 506 532 547 610 627 636 666 669 685 740 771 774 802 810 818 885 927
12 25 77 148 194 250 276 490 531 541 553 562 601 722 767 768 803 804 814 852 890 909 961 975 983
0 37 63 65 66 83 85 88 109 111 121 150 153 197 242 312 332 350 362 380 384 401 443 476 483 563 573 676 710 748 766 779 801 836 865 870 872 944 945 972
74 138 149 219 230 252 268 295 304 313 388 437 463 566 588 652 690 759 785 910 918
31 54 72 86 108 310 395 411 530 572 606 617 651 662 704 705 840 849 936 970
52 70 78 82 105 125 136 154 196 223 226 247 251 262 263 268 286 298 302 307 327 377 396 442 454 460 468 474 529 560 592 625 634 637 649 650 706 733 736 800 812 819 854 877 933 956 985 987 988
15 16 134 200 203 236 243 269 300 306 331 482 519 538 581 619 639 711 713 875 911 942 989
6 18 26 36 44 71 79 106 107 116 183 234 248 273 282 317 321 425 447 455 477 510 520 521 599 653 663 685 700 720 790 797 828 842 897 923 934 955
2 10 22 64 68 78 82 95 101 145 173 204 214 240 254 328 358 360 398 420 426 452 505 523 535 557 569 574 595 599 613 622 630 644 668 760 795 816 826 921 926 954 960 967
42 84 137 170 171 176 198 232 318 341 355 363 381 383 445 451 471 481 498 499 509 545 561 597 628 629 633 656 763 773 776 807 859 889 902 956
38 45 184 260 292 297 319 422 517 549 590 603 615 645 678 699 815 845 850 856 857 900 935 951 971
18 96 118 144 158 182 221 296 369 374 456 564 672 698 708 757 762 798 820 829 839 866 904 919 947 952 996
3 32 90 110 151 227 241 267 389 394 465 635 671 725 727 756 777 837 853 929
123 287 290 391 399 442 450 453 562 589 593 623 679 689 755 782 812 824 844 864 903 932
46 80 104 128 139 175 189 226 275 343 351 361 434 449 467 489 550 596 612 641 650 657 730 732 766 769 788 794 867 937 941 964
55 122 184 201 218 246 385 438 439 446 502 503 508 540 608 667 718 719 805 832 848 894 963 991
19 81 93 94 120 169 178 199 216 293 322 356 405 423 543 555 571 664 682 822 841 846 901 930 969 993
62 73 87 131 157 167 205 229 280 315 493 495 504 534 567 578 647 695 709 728 746 765 789 827 878 931 976
4 17 56 210 220 255 284 424 556 618 660 697 714 752 780 784 876 896 911 924 958 984
1 28 104 140 177 180 213 270 340 370 403 404 458 479 504 518 537 577 677 734 736 743 778 825 831 851 873 884 893 913 938 966 992 994 998 999
26 39 46 76 115 135 137 206 233 237 262 266 279 311 334 338 339 342 357 359 364 390 416 417 444 465 469 551 661 663 674 683 688 694 715 731 754 778 817 833 838 905 940 959 988
7 21 97 146 281 400 413 491 511 576 602 632 687 689 692 776 843 879 948 974
48 57 132 179 185 209 244 291 323 324 330 337 364 452 461 554 558 565 584 591 631 693 724 738 858 870 905 914 920 967 977 995
75 76 90 100 133 152 163 174 192 238 249 256 272 278 290 336 376 410 414 440 448 515 524 544 585 640 737 781 799 834 887 891 907 916 953
30 142 165 253 264 309 335 347 497 542 548 579 621 638 643 723 863 908 928 943 962
11 16 24 34 41 47 88 91 126 164 181 261 271 303 349 352 366 371 412 418 433 483 496 503 559 577 605 611 642 654 702 716 745 761 787 796 835 847 873 883
23 59 69 159 162 168 172 202 223 231 274 289 305 337 345 422 436 441 475 478 481 536 552 568 620 624 648 718 721 726 728 729 750 769 770 775 783 808 813 855 892 899 948 949 950 955
13 42 67 98 143 186 195 202 263 277 299 372 542 575 582 659 680 686 696 703 742 838 877 881 973 986 990
9 112 127 156 188 215 217 225 265 462 464 484 514 516 536 570 594 601 681 749 882 898 915 920 925 946 981
40 61 103 114 222 259 272 350 368 375 402 408 513 528 533 546 598 646 673 717 806 809 821 823 830 837 874 922 982
5 8 49 50 99 152 224 257 288 353 369 407 459 501 507 539 587 595 600 604 626 655 670 747 764 780 786 895 939 965
35 100 166 258 283 314 316 326 329 428 470 485 494 500 614 684 707 741 758 880 886 917
