1	13 
2	12 
3	28 
4	2 3 13 53 
5	24 34 37 44 
6	28 38 53 55 
7	8 
8	13 18 21 43 
9	33 
10	16 32 33 38 
11	1 
12	41 
13	15 
14	25 26 35 39 
15	14 
16	1 18 29 31 
17	38 
18	49 
19	46 
20	7 15 45 55 
21	48 
22	46 
23	21 
24	52 
25	21 37 52 54 
26	9 
27	50 
28	29 
29	12 14 24 36 
30	8 19 20 23 
31	32 39 45 47 
32	43 
33	7 12 13 47 
34	17 
35	19 
36	18 
37	44 
38	20 
39	49 
40	9 15 26 34 
41	10 
42	42 
43	42 
44	4 11 25 43 
45	36 
46	44 
47	25 
48	6 
49	34 
50	50 
51	52 
52	27 
53	22 28 30 31 
54	42 
55	35 
56	13 
57	55 
58	4 9 24 54 
59	26 
60	42 
61	14 23 27 37 
62	50 
63	34 
64	14 21 37 40 
65	25 
66	11 
67	36 
68	2 
69	40 
70	5 
71	54 
72	5 12 33 49 
73	22 
74	1 
75	4 12 13 53 
76	39 40 45 52 
77	26 
78	4 30 41 43 
79	16 29 34 54 
80	51 
81	14 19 20 39 
82	24 
83	2 
84	3 28 33 34 
85	14 23 24 32 
86	51 
87	28 
88	20 
89	27 
90	29 
91	11 
92	1 39 42 55 
93	4 19 26 52 
94	14 
95	44 
96	27 
97	52 
98	19 
99	18 21 34 37 
100	25 
101	1 16 18 37 
102	2 
103	34 
104	3 
105	48 
106	10 
107	43 
108	13 
109	26 
110	4 6 28 54 
111	30 38 41 45 
112	11 31 43 48 
113	52 
114	1 
115	3 
116	8 
117	32 
118	6 14 21 37 
119	38 
120	52 
121	25 29 35 52 
122	1 
123	2 12 42 50 
124	7 
125	37 
126	17 
127	9 16 20 37 
128	2 9 15 52 
129	54 
130	12 28 40 48 
131	6 21 31 34 
132	44 
133	19 
134	21 
135	12 
136	27 
137	50 
138	4 
139	20 
140	23 
141	23 
142	3 
143	37 
144	1 
145	39 
146	8 
147	12 30 31 32 
148	52 
149	27 
150	16 
151	51 
152	42 
153	7 17 42 50 
154	7 19 31 55 
155	48 
156	15 
157	6 23 26 37 
158	13 
159	38 
160	8 18 34 49 
161	10 
162	53 
163	1 
164	6 46 51 52 
165	26 
166	25 
167	6 14 50 53 
168	1 2 26 38 
169	4 
170	41 
171	6 23 35 44 
172	12 26 34 35 
173	6 18 26 48 
174	48 
175	1 25 26 28 
176	1 12 18 47 
177	15 
178	27 
179	26 
180	51 
181	4 7 26 51 
182	7 
183	45 
184	25 
185	33 
186	14 
187	22 
188	40 
189	12 33 44 52 
190	14 34 45 51 
191	9 
192	51 
193	24 
194	3 
195	14 
196	34 
197	32 
198	50 
199	11 17 41 49 
200	52 
201	34 
202	35 
203	3 11 18 55 
204	1 3 38 55 
205	2 22 35 48 
206	6 8 22 47 
207	5 
208	15 23 32 38 
209	26 
210	28 
211	22 
212	4 
213	30 
214	16 
215	22 31 45 55 
216	11 31 33 38 
217	18 
218	50 
219	17 
220	22 
221	25 
222	36 
223	45 
224	28 
225	7 
226	5 36 38 43 
227	12 
228	1 16 33 36 
229	3 
230	14 15 21 38 
231	34 
232	7 9 29 44 
233	21 29 37 43 
234	6 10 21 50 
235	41 
236	11 
237	21 
238	26 
239	44 
240	20 25 50 55 
241	19 
242	36 
243	19 
244	15 25 43 45 
245	49 
246	16 
247	24 
248	18 20 21 55 
249	35 
250	29 
251	38 
252	53 
253	18 20 39 47 
254	7 12 19 37 
255	54 
256	7 12 14 15 
257	20 
258	2 3 12 35 
259	33 
260	14 
261	25 
262	14 15 40 52 
263	1 
264	4 8 44 50 
265	52 
266	2 23 32 54 
267	44 
268	15 25 29 39 
269	29 
270	33 
271	10 15 40 52 
272	3 35 53 55 
273	3 
274	39 
275	19 23 29 37 
276	9 
277	11 13 14 41 
278	29 
279	54 
280	51 
281	40 
282	19 
283	9 14 21 28 
284	50 
285	8 
286	52 
287	22 24 27 45 
288	7 18 32 34 
289	21 42 54 55 
290	43 
291	44 
292	33 
293	22 31 45 55 
294	4 7 10 12 
295	34 
296	40 
297	9 
298	43 
299	6 14 17 33 
300	52 
301	6 18 30 35 
302	17 
303	35 
304	12 
305	4 
306	2 
307	1 15 18 28 
308	10 16 24 34 
309	13 43 45 55 
310	1 15 26 39 
311	7 23 29 33 
312	5 6 14 21 
313	38 
314	41 
315	49 
316	7 
317	15 
318	9 16 18 34 
319	16 44 47 51 
320	47 
321	6 7 30 34 
322	17 
323	12 
324	40 
325	23 25 34 53 
326	35 
327	51 
328	48 
329	36 
330	41 
331	33 
332	28 
333	37 
334	19 
335	34 
336	5 
337	20 
338	49 
339	38 
340	12 
341	10 18 43 50 
342	44 
343	50 
344	15 
345	52 
346	47 
347	49 
348	26 
349	17 
350	39 
351	29 36 42 52 
352	45 
353	25 
354	7 12 18 40 
355	25 
356	6 11 14 42 
357	18 
358	49 
359	30 
360	6 7 14 20 
361	42 
362	15 
363	50 
364	8 
365	18 
366	33 
367	5 
368	3 28 46 52 
369	32 
370	52 
371	46 
372	1 
373	12 21 31 53 
374	48 
375	48 
376	39 
377	4 
378	4 7 19 33 
379	46 
380	13 
381	18 33 45 52 
382	16 
383	49 
384	36 
385	25 38 43 55 
386	38 
387	21 
388	17 
389	47 
390	6 26 51 55 
391	19 
392	29 
393	15 18 24 26 
394	31 
395	39 
396	55 
397	55 
398	16 
399	50 
400	48 
401	18 
402	11 14 17 36 
403	25 34 43 49 
404	21 
405	15 
406	2 6 31 37 
407	49 
408	43 45 49 55 
409	18 19 28 43 
410	12 
411	12 
412	39 45 47 55 
413	12 
414	45 
415	31 
416	39 
417	25 
418	49 
419	7 18 23 46 
420	21 
421	53 
422	3 38 40 53 
423	28 
424	48 
425	11 
426	18 27 51 55 
427	9 36 40 48 
428	35 
429	11 14 17 34 
430	33 
431	8 
432	7 22 24 42 
433	13 18 23 37 
434	6 21 33 53 
435	11 35 36 53 
436	7 
437	48 
438	15 
439	50 
440	9 11 45 54 
441	27 
442	15 
443	41 
444	22 
445	25 28 43 50 
446	29 
447	6 43 47 49 
448	40 
449	51 
450	31 
451	22 
452	54 
453	52 
454	52 
455	49 
456	45 
457	2 
458	51 
459	49 
460	11 
461	50 
462	8 29 41 47 
463	49 
464	30 
465	52 
466	51 
467	46 
468	9 
469	6 9 14 37 
470	11 15 27 47 
471	21 26 37 52 
472	51 
473	8 35 39 48 
474	6 
475	15 
476	55 
477	26 
478	53 
479	46 
480	39 
481	50 
482	31 
483	26 
484	25 
485	45 
486	6 
487	21 
488	33 
489	29 
490	20 
491	4 
492	44 
493	6 23 25 32 
494	48 
495	47 
496	2 
497	50 
498	7 12 34 50 
499	28 
500	25 40 43 50 
501	3 35 40 53 
502	11 
503	26 
504	9 11 18 32 
505	42 
506	9 
507	46 
508	51 
509	18 21 32 44 
510	14 
511	14 
512	7 15 24 50 
513	33 
514	19 45 47 52 
515	55 
516	33 
517	45 
518	7 
519	2 
520	28 31 33 48 
521	26 
522	5 21 44 48 
523	7 35 44 45 
524	14 15 17 46 
525	15 
526	15 21 29 45 
527	54 
528	12 
529	12 
530	29 
531	55 
532	10 
533	14 17 21 24 
534	48 
535	44 
536	45 
537	54 
538	3 16 37 51 
539	50 
540	8 
541	1 26 28 42 
542	50 
543	13 
544	26 
545	6 14 21 34 
546	22 
547	28 
548	20 22 29 39 
549	38 
550	24 
551	2 
552	13 
553	5 29 49 53 
554	6 7 21 34 
555	33 
556	47 
557	12 21 44 51 
558	47 
559	8 
560	15 28 34 46 
561	6 22 32 43 
562	21 
563	12 
564	19 25 41 55 
565	39 
566	37 
567	9 18 33 38 
568	7 9 10 14 
569	28 
570	16 19 37 53 
571	40 
572	38 
573	34 
574	33 
575	13 
576	3 
577	50 
578	2 
579	53 
580	16 27 33 40 
581	21 33 37 43 
582	25 
583	7 12 34 44 
584	38 
585	43 
586	52 
587	2 6 49 50 
588	53 
589	31 
590	1 2 3 20 
591	9 
592	2 
593	6 29 37 53 
594	15 
595	6 7 34 44 
596	40 
597	55 
598	18 25 45 55 
599	51 
600	26 
601	20 
602	10 24 27 46 
603	13 20 30 39 
604	10 17 24 28 
605	44 
606	53 
607	7 20 28 31 
608	28 
609	20 
610	25 36 45 55 
611	35 
612	33 
613	33 
614	4 14 43 47 
615	51 
616	25 
617	10 
618	36 
619	11 
620	9 18 28 31 
621	51 
622	28 
623	1 
624	7 31 33 49 
625	30 
626	3 28 35 40 
627	1 
628	5 
629	48 
630	7 18 28 34 
631	1 5 18 28 
632	7 
633	19 
634	29 35 51 54 
635	37 
636	12 17 33 51 
637	20 
638	13 
639	22 
640	7 23 42 50 
641	5 
642	37 
643	22 41 43 51 
644	11 28 29 31 
645	30 
646	46 
647	1 19 43 55 
648	26 35 44 54 
649	17 
650	5 
651	37 
652	5 
653	6 18 28 43 
654	6 
655	24 
656	25 
657	19 
658	13 17 25 47 
659	23 
660	24 27 41 49 
661	23 52 53 54 
662	32 
663	39 
664	54 
665	29 
666	40 
667	49 
668	20 
669	5 12 26 43 
670	23 26 32 54 
671	41 
672	11 
673	31 
674	2 
675	15 18 27 37 
676	45 
677	23 32 48 54 
678	48 
679	15 19 37 50 
680	50 
681	12 
682	21 
683	4 
684	3 
685	9 
686	19 
687	41 
688	50 
689	45 
690	3 4 39 40 
691	6 
692	15 23 35 53 
693	11 18 37 49 
694	18 21 50 55 
695	23 
696	11 
697	14 
698	3 
699	1 18 38 53 
700	1 4 34 35 
701	46 
702	22 
703	3 
704	26 
705	12 13 38 41 
706	37 
707	15 
708	53 
709	5 6 45 47 
710	23 27 32 37 
711	19 
712	1 
713	16 
714	30 
715	49 
716	2 6 12 27 
717	33 
718	31 
719	6 9 10 15 
720	6 14 27 49 
721	48 
722	7 
723	37 
724	1 
725	29 
726	41 
727	54 
728	14 
729	2 
730	13 
731	19 
732	16 
733	7 15 21 47 
734	21 25 26 54 
735	53 
736	3 9 35 37 
737	32 
738	50 
739	5 
740	52 
741	46 
742	29 
743	22 
744	14 23 25 32 
745	5 
746	46 
747	9 
748	20 
749	24 
750	29 
751	8 18 21 42 
752	18 19 21 26 
753	52 
754	43 
755	49 
756	36 
757	34 
758	14 
759	33 
760	7 14 30 47 
761	1 10 16 18 
762	26 
763	6 21 29 37 
764	4 45 48 55 
765	16 40 43 50 
766	48 
767	20 
768	33 
769	22 
770	54 
771	22 
772	9 
773	4 
774	22 
775	14 26 42 46 
776	8 
777	1 5 15 42 
778	54 
779	51 
780	46 
781	37 
782	16 
783	34 
784	23 
785	6 8 22 39 
786	38 
787	50 
788	44 
789	31 
790	20 
791	2 7 10 31 
792	19 33 44 49 
793	51 
794	42 
795	1 17 29 44 
796	3 18 37 52 
797	37 
798	22 
799	4 
800	10 
801	48 
802	32 
803	31 33 50 53 
804	18 
805	1 
806	41 
807	51 
808	42 
809	1 19 44 50 
810	6 
811	53 
812	21 
813	51 
814	42 
815	44 
816	18 
817	1 24 25 43 
818	2 
819	17 
820	34 
821	49 
822	11 13 28 37 
823	51 
824	3 5 13 47 
825	52 
826	20 
827	37 
828	25 
829	12 
830	43 
831	13 
832	49 
833	34 
834	8 10 26 45 
835	32 
836	20 
837	27 
838	41 
839	25 
840	30 
841	2 8 36 45 
842	30 33 34 52 
843	45 
844	42 
845	11 22 33 41 
846	40 
847	44 
848	34 
849	27 
850	21 
851	7 9 12 19 
852	22 
853	54 
854	2 7 39 51 
855	48 
856	16 32 34 49 
857	6 15 20 55 
858	1 5 21 26 
859	1 23 32 44 
860	33 
861	11 
862	22 
863	15 31 43 55 
864	4 6 17 52 
865	32 
866	29 
867	3 13 44 55 
868	28 
869	2 
870	52 
871	49 
872	46 
873	12 17 28 44 
874	3 
875	8 28 34 36 
876	1 14 21 27 
877	24 
878	51 
879	29 
880	5 17 19 33 
881	12 15 50 51 
882	17 
883	2 
884	19 
885	2 
886	50 
887	49 
888	52 
889	52 
890	9 
891	28 
892	22 31 37 43 
893	9 
894	4 12 17 42 
895	15 28 37 51 
896	11 
897	18 
898	43 
899	22 31 37 43 
900	48 
901	41 
902	53 
903	16 28 50 54 
904	40 
905	37 
906	15 19 43 53 
907	15 35 37 39 
908	29 35 45 53 
909	1 6 7 8 
910	11 
911	12 
912	41 
913	38 
914	26 28 39 46 
915	2 22 31 45 
916	51 
917	10 37 40 50 
918	11 16 31 35 
919	29 
920	14 
921	7 12 15 34 
922	2 
923	22 
924	45 
925	30 33 38 50 
926	35 
927	6 14 19 42 
928	43 
929	18 
930	6 7 14 20 
931	10 12 33 49 
932	23 26 29 40 
933	15 26 29 53 
934	15 43 48 50 
935	49 
936	14 
937	54 
938	6 
939	11 
940	8 26 30 36 
941	39 
942	7 
943	22 
944	1 
945	19 32 49 52 
946	48 
947	25 
948	1 35 40 53 
949	3 29 35 39 
950	10 15 28 51 
951	34 
952	11 19 50 55 
953	11 
954	22 
955	7 
956	19 
957	11 22 31 48 
958	17 47 49 50 
959	43 
960	52 
961	17 29 32 37 
962	43 
963	38 
964	38 
965	33 
966	16 26 32 35 
967	4 21 30 31 
968	11 
969	31 
970	10 23 44 54 
971	11 
972	3 
973	45 
974	31 
975	3 36 43 54 
976	19 
977	50 
978	12 
979	7 10 18 24 
980	28 
981	25 48 52 55 
982	18 
983	25 
984	14 
985	23 32 38 44 
986	3 8 21 53 
987	49 
988	14 33 49 52 
989	11 30 41 50 
990	1 2 3 38 
991	9 12 29 45 
992	51 
993	11 
994	52 
995	15 25 37 55 
996	33 
997	8 14 34 43 
998	3 7 12 25 
999	6 
1000	4 12 24 52 
