5 24 26 32 45 50 93 97 126 127 188 225 248 253 262 337 394 426 467 482 577 611 615 616 643 716 741 799 850 890 922 930 942 967 988 
38 83 117 130 135 219 245 280 281 327 401 402 419 440 460 461 462 480 516 519 549 564 584 638 663 736 744 766 770 810 811 853 955 960 983 
9 60 120 182 195 210 228 229 233 302 386 421 430 459 475 502 554 566 588 590 620 633 648 673 698 703 709 768 813 826 885 891 976 984 990 
0 40 63 90 105 143 156 181 249 268 330 369 397 471 477 478 494 524 537 592 606 644 668 674 675 686 687 755 784 846 870 964 981 994 
39 64 118 124 178 186 220 235 311 368 370 390 396 409 415 420 423 465 490 513 533 582 594 602 624 661 679 740 753 780 836 843 899 939 
30 116 176 207 255 275 276 278 357 371 384 387 404 428 476 492 495 499 552 570 573 598 607 637 656 665 711 775 787 794 808 859 948 961 
8 33 129 197 244 246 271 347 441 450 452 491 496 508 517 527 542 547 558 569 586 608 662 697 745 829 834 851 892 926 972 977 
11 70 77 86 162 165 167 251 257 303 359 405 458 581 666 682 704 723 726 758 819 823 847 875 886 888 901 910 918 919 986 
12 17 28 58 79 84 102 108 217 240 411 474 509 563 579 659 664 798 801 860 871 881 906 911 914 923 946 959 963 969 
21 41 78 150 169 170 179 212 237 343 468 469 472 497 506 515 529 571 600 628 636 793 833 880 894 912 947 966 980 996 
4 10 27 75 128 132 158 180 198 211 232 266 288 329 348 429 603 632 689 747 786 800 840 887 903 905 935 958 987 
7 31 101 109 113 115 121 173 270 272 354 435 444 455 544 625 647 712 722 729 769 820 872 874 927 970 991 995 
25 65 154 231 256 274 294 331 362 383 388 398 479 512 522 621 645 654 683 699 701 759 824 830 909 915 971 
15 91 136 139 223 226 269 305 340 456 473 503 528 591 595 772 782 785 791 803 842 856 876 889 898 907 925 
95 98 138 157 174 177 252 292 313 364 399 407 431 514 548 593 623 640 650 680 692 714 728 869 950 953 985 
81 146 160 164 209 298 393 505 511 526 560 574 651 655 671 678 707 767 841 883 936 951 965 973 979 997 
22 23 51 71 104 114 125 134 155 172 175 241 258 310 373 540 587 613 614 649 672 710 792 795 831 
49 68 106 122 161 206 265 287 335 392 507 535 575 583 657 677 715 731 809 821 827 855 917 928 940 
100 123 163 222 297 320 326 408 436 562 565 627 652 667 670 708 721 732 749 781 865 908 921 937 978 
37 57 131 147 171 234 261 284 339 353 385 424 481 488 543 576 641 690 713 735 743 796 863 932 
66 72 119 144 190 192 243 283 285 319 417 451 525 696 752 765 783 814 837 838 857 897 920 
61 107 148 279 334 341 375 391 439 484 498 532 534 642 725 730 746 774 778 941 949 962 
44 202 218 230 260 324 325 338 374 536 541 551 589 631 688 754 762 788 832 929 974 998 
185 216 236 309 316 355 367 400 410 425 504 538 660 702 706 720 777 893 895 931 952 982 
88 140 238 259 267 350 414 520 553 556 559 585 646 761 771 807 815 852 904 934 944 956 
14 59 67 80 82 137 227 247 286 304 389 416 434 539 601 604 629 669 804 839 882 
74 76 89 199 250 308 351 446 453 483 530 550 618 685 776 816 828 867 902 938 954 
55 69 142 166 224 322 323 333 342 363 464 486 501 546 557 700 727 751 806 943 945 
35 53 87 152 159 214 293 312 332 413 447 568 622 653 693 737 748 848 877 924 993 
2 103 112 205 221 242 344 358 366 470 500 555 596 639 797 845 858 864 868 884 992 
94 187 289 301 314 360 365 382 432 457 485 493 717 734 779 790 805 822 844 913 
19 20 46 141 153 168 203 307 403 578 609 658 684 724 825 854 861 896 975 
43 183 296 315 318 356 378 380 437 454 463 523 572 605 610 694 849 866 878 
99 189 193 204 208 321 561 580 617 739 764 773 789 933 989 
1 48 56 85 191 201 213 282 346 427 545 750 812 862 
3 110 133 149 295 361 442 443 448 718 738 873 957 
6 264 300 306 352 372 395 412 612 695 733 760 
13 151 254 328 567 630 676 681 705 968 999 
16 54 111 291 379 433 518 597 635 817 
18 92 200 345 349 377 466 487 818 879 
34 62 145 194 215 299 418 449 763 900 
184 290 445 531 634 756 757 802 
29 47 73 317 336 422 599 742 
36 239 273 277 381 438 510 521 
42 263 376 406 719 835 916 
52 196 489 619 691 
96 626 
