16 18 22 23 28 51 55 71 104 114 125 134 144 150 155 166 172 173 175 193 204 238 243 250 258 259 300 310 345 373 392 501 520 540 553 556 559 565 573 585 587 646 672 706 710 739 750 761 771 792 795 815 831 852 904 934 944 956 
9 60 120 182 195 210 228 229 233 247 284 302 326 363 386 421 430 433 438 459 473 475 487 488 518 554 566 588 590 601 620 633 648 673 697 698 703 709 768 813 818 826 841 885 891 900 913 976 977 984 990 
37 70 88 103 107 112 131 136 147 205 242 254 339 344 348 352 366 385 424 436 470 481 543 555 567 576 596 627 641 649 655 670 690 713 719 735 743 772 796 797 835 863 864 868 873 883 884 932 937 992 996 
20 35 46 47 53 87 116 129 152 153 159 168 214 293 298 307 308 315 320 323 332 336 403 404 446 447 486 495 511 568 602 609 622 653 658 693 724 737 742 748 825 848 854 861 877 879 924 968 975 993 
0 14 31 40 63 90 105 121 143 156 181 187 211 249 261 268 271 288 309 330 369 397 448 449 471 477 478 494 524 537 592 606 626 644 668 674 675 678 686 687 738 755 784 846 870 964 981 994 
42 99 140 170 184 185 189 208 234 263 267 286 290 304 321 328 333 341 350 355 391 410 412 414 439 445 510 516 531 538 561 580 625 647 681 695 705 756 757 764 773 802 893 916 970 982 989 999 
36 38 39 64 66 118 124 135 178 186 190 235 239 311 319 368 370 376 390 396 406 409 415 420 423 440 444 490 513 530 533 582 594 597 624 661 679 740 753 780 781 836 843 899 939 955 
25 65 85 100 113 154 191 231 241 256 272 294 297 318 331 356 362 380 383 394 398 454 479 497 506 512 522 570 614 621 645 654 683 699 701 759 766 824 830 834 845 909 915 971 
5 24 26 32 45 50 54 93 97 126 127 188 225 248 253 262 278 291 337 349 379 426 465 467 482 577 611 615 616 635 639 643 716 741 799 816 850 853 890 922 930 942 967 988 
2 11 77 86 162 165 167 183 221 222 251 257 269 273 274 303 322 358 359 405 458 500 581 666 682 704 723 726 758 819 823 847 858 875 886 888 901 910 918 919 986 
1 13 56 141 142 149 240 277 316 342 381 400 408 443 450 463 508 527 547 572 599 652 667 694 700 702 721 727 749 806 812 849 865 866 878 908 921 943 957 978 
30 117 176 207 255 270 275 276 357 367 371 377 384 387 428 460 466 476 492 499 552 598 607 637 656 665 736 744 775 786 787 794 808 829 859 948 961 
43 69 76 95 98 138 157 174 177 252 292 313 364 399 407 431 442 514 523 546 548 557 593 623 640 650 680 692 714 728 751 869 950 953 985 
27 49 68 106 122 128 163 179 198 206 224 265 287 335 388 393 474 507 575 583 657 677 715 731 789 809 821 827 855 917 928 933 940 
6 21 33 41 119 169 212 244 264 283 343 347 372 395 468 469 472 480 515 529 628 636 745 793 833 880 894 912 947 966 972 980 
4 61 111 148 151 160 171 201 213 223 266 279 334 375 429 484 498 532 534 630 642 676 725 730 746 774 778 898 920 941 949 962 
17 79 84 92 102 108 110 200 216 217 246 295 519 563 569 579 659 664 798 801 860 871 881 906 911 914 946 959 963 969 
3 48 94 133 289 299 301 314 360 365 382 432 457 485 493 504 545 600 684 711 717 718 734 777 779 790 805 822 844 895 
19 44 202 203 218 230 260 324 325 338 374 437 536 541 551 578 589 605 610 631 688 754 762 788 832 929 951 974 998 
59 67 80 82 137 161 209 227 306 361 389 416 434 491 505 535 539 604 612 629 669 691 733 760 804 839 882 973 
8 12 52 96 145 196 245 327 402 411 419 441 461 489 509 517 542 613 619 671 712 763 770 807 811 923 983 
7 57 62 91 109 115 164 305 317 354 435 455 456 544 560 708 722 729 769 820 872 874 927 945 991 995 
10 75 132 158 180 232 329 502 571 603 632 689 747 800 840 887 896 903 905 931 935 958 987 
78 83 89 123 199 237 282 346 351 401 427 483 562 618 634 776 828 862 867 902 938 954 
72 74 101 192 285 312 413 417 451 525 550 574 685 696 752 765 783 814 837 838 857 897 
29 73 130 219 236 280 281 422 425 462 521 549 564 584 595 638 663 803 810 960 
15 139 220 226 340 464 503 528 591 782 785 791 842 856 876 889 907 925 
58 197 296 378 452 453 558 608 662 707 732 851 892 926 
81 146 353 526 586 617 651 767 817 936 965 979 997 
34 194 215 418 496 660 720 952 
