11 16 24 34 41 47 67 88 91 97 123 126 142 164 165 181 185 253 261 264 271 303 309 335 347 349 352 366 371 412 416 418 496 497 503 542 548 559 579 605 611 621 638 642 643 654 661 702 716 723 745 761 787 796 815 835 847 863 873 883 908 928 943 962 973 
5 8 27 29 49 72 75 99 117 136 161 207 212 224 245 246 257 288 336 348 353 365 369 378 406 407 409 421 448 459 473 501 507 526 539 583 587 600 604 626 655 665 670 694 735 739 747 753 764 780 786 793 834 862 869 871 888 895 939 949 965 
7 58 128 139 155 160 175 187 190 208 226 232 275 343 351 355 361 367 390 393 429 434 449 461 467 480 487 489 492 512 524 550 569 586 592 596 612 641 650 657 691 730 732 744 766 769 772 788 794 858 867 872 906 933 937 941 964 968 
3 18 32 48 50 55 96 98 108 110 118 144 151 158 182 221 227 241 267 296 389 394 456 465 472 564 627 635 671 672 698 708 725 727 756 757 762 777 798 820 829 837 839 853 866 904 919 929 947 952 996 
2 10 22 57 64 68 78 82 95 101 145 173 178 189 204 214 223 240 254 304 328 358 360 374 398 420 505 523 535 557 563 566 574 595 599 613 622 630 644 668 699 760 795 816 826 921 926 954 960 967 
35 62 73 87 100 131 157 166 167 168 205 229 258 281 283 314 315 316 326 329 428 433 470 485 493 494 495 500 534 567 578 614 647 684 687 707 709 741 746 758 765 789 827 878 880 886 917 931 976 
23 63 130 143 159 172 202 274 276 287 391 399 411 436 441 442 453 475 478 552 562 568 589 593 620 623 624 648 679 689 726 755 782 808 812 813 824 844 855 864 892 899 903 916 932 
52 70 93 103 105 120 125 132 154 162 196 251 263 266 290 298 302 307 327 341 377 396 410 454 460 468 469 474 529 625 634 637 649 688 706 733 800 819 854 956 970 985 987 988 
1 28 76 90 104 140 177 180 213 237 259 270 280 340 370 403 404 458 479 504 518 537 577 659 677 734 736 743 778 825 831 851 877 884 893 913 938 966 992 994 998 999 
19 53 92 113 124 228 239 285 294 308 320 325 345 354 368 373 379 382 386 387 392 415 419 430 457 486 522 580 616 675 695 791 792 811 868 881 901 912 940 957 983 
6 21 36 39 44 56 71 79 106 107 116 183 234 248 250 273 282 317 321 372 425 447 455 477 510 520 521 653 663 685 700 720 790 797 828 842 897 923 934 955 
12 13 25 77 148 163 194 195 299 318 375 451 490 531 541 555 561 575 582 629 633 680 686 696 703 722 742 767 768 804 814 838 852 890 902 909 961 975 986 990 
0 37 65 66 83 85 109 111 121 153 197 242 293 312 323 332 350 362 380 381 384 401 443 444 450 476 483 573 676 710 748 779 801 836 865 870 944 945 972 
9 80 112 114 119 127 150 156 188 215 217 225 265 286 437 462 464 484 513 514 516 536 570 594 601 681 749 759 770 882 898 915 920 925 946 981 
38 45 59 216 231 244 260 289 292 297 305 319 422 517 549 590 603 615 645 678 721 729 750 775 783 845 846 850 856 857 900 930 935 950 951 971 
133 138 149 174 219 230 247 249 252 256 268 278 291 295 313 388 414 463 544 551 585 588 640 652 690 737 781 785 799 803 887 891 907 910 918 953 
4 17 84 169 176 198 210 220 255 284 363 440 471 481 509 545 556 597 618 628 660 697 714 752 763 773 784 807 859 876 889 896 924 958 984 
14 43 51 102 141 152 235 333 344 359 397 426 427 431 432 435 445 488 515 525 527 560 607 609 658 701 712 751 860 861 978 979 980 997 
69 122 137 170 171 199 201 218 238 383 385 408 438 439 446 498 499 502 508 540 608 667 718 719 805 832 848 894 963 991 
20 33 60 147 191 192 193 211 301 346 395 424 506 532 547 610 636 656 666 669 740 771 774 802 810 818 885 927 
15 89 129 134 200 203 236 243 269 300 306 331 466 482 519 538 581 619 632 639 711 713 875 911 942 989 
42 179 184 186 209 233 324 330 338 339 364 452 558 565 584 591 631 693 724 738 833 905 914 977 995 
31 40 146 277 310 337 400 413 491 511 553 554 571 576 602 692 776 843 879 948 974 
61 222 272 376 402 528 533 546 598 646 673 717 806 809 821 823 830 874 922 982 
26 46 54 115 135 279 311 334 342 357 417 674 683 715 731 754 817 959 
30 74 81 94 322 356 405 423 543 664 682 822 841 969 993 
86 206 530 572 606 617 651 662 704 705 840 849 936 
262 728 
