9 18 60 66 94 119 120 160 182 190 195 196 210 219 228 229 233 238 281 283 289 298 301 302 310 314 315 319 326 327 328 345 349 360 363 365 382 386 393 395 402 421 430 433 438 440 457 459 462 473 475 479 487 488 493 502 505 511 516 518 526 549 554 560 566 574 584 588 590 595 601 617 620 633 638 648 651 671 673 698 703 707 709 717 725 766 767 768 770 779 783 805 807 810 811 813 818 822 826 841 844 849 861 883 885 891 900 913 936 951 955 965 976 979 983 984 990 997 999 
5 12 24 26 27 32 34 38 45 49 50 54 61 68 74 78 89 93 97 106 117 122 126 127 128 135 138 145 161 163 179 183 188 189 198 206 220 224 225 237 248 253 262 265 278 288 291 335 337 351 357 379 394 419 426 427 453 465 467 474 480 482 483 507 522 529 546 550 575 577 583 611 615 616 624 635 643 657 663 676 677 685 715 716 731 741 750 754 763 789 799 808 809 816 821 827 828 850 853 855 890 917 922 928 930 933 938 940 941 942 948 949 954 960 967 988 
0 3 14 16 20 31 40 43 63 76 90 95 98 102 105 116 121 133 143 156 157 174 181 187 201 211 213 247 249 252 268 292 295 309 317 330 347 364 367 369 383 397 399 407 431 436 442 448 471 477 478 494 514 523 524 537 545 548 559 586 592 593 597 605 606 623 626 640 642 644 650 668 674 675 678 680 686 687 692 714 726 728 734 738 740 755 756 784 790 796 800 817 846 862 869 870 878 892 902 934 950 953 962 964 981 985 994 
11 33 55 70 77 86 103 107 112 123 130 131 147 162 165 167 205 215 221 222 242 251 257 284 297 303 344 348 358 359 361 366 370 385 405 408 413 424 458 470 481 500 515 543 555 562 567 568 572 576 581 582 596 613 614 627 639 649 652 655 666 670 682 690 694 704 713 721 723 727 743 749 758 772 776 780 781 797 819 823 845 847 858 863 864 865 866 868 873 875 884 886 888 901 908 910 918 919 932 937 943 957 978 986 992 
8 13 19 35 47 53 87 91 124 129 152 154 159 164 169 197 202 203 214 218 223 230 235 244 246 260 271 285 293 296 299 305 320 324 332 336 338 356 409 412 422 428 432 441 447 452 461 464 491 495 496 508 517 534 536 541 542 547 551 558 578 579 589 599 608 609 610 622 631 641 653 660 662 688 689 693 697 705 706 737 742 745 748 760 762 788 829 832 834 848 851 877 879 924 926 929 968 972 973 974 977 993 998 
7 25 42 65 99 109 113 140 184 185 193 204 207 208 231 245 256 263 269 270 272 286 294 304 321 331 341 350 354 355 362 380 388 398 410 435 444 455 492 503 504 510 512 531 538 544 561 580 621 625 645 647 654 679 681 683 695 699 701 712 722 729 733 757 759 764 769 773 777 787 802 820 824 830 835 842 867 872 874 876 893 909 915 916 927 970 971 982 989 991 995 
6 17 21 41 58 72 79 81 84 92 101 108 110 111 142 144 146 150 151 170 177 200 212 216 217 240 241 243 254 267 313 342 343 372 411 425 437 449 468 469 472 486 489 497 506 509 519 540 553 563 569 600 628 630 636 659 664 792 793 794 798 801 833 860 871 880 881 894 906 911 912 914 923 946 947 952 959 963 966 969 980 996 
2 15 28 39 64 69 85 139 149 166 173 178 186 191 250 259 282 290 300 311 316 318 322 323 333 334 346 368 376 384 390 392 396 400 406 415 420 423 443 450 451 490 501 513 520 530 533 556 557 573 585 594 602 634 646 656 661 700 702 751 753 761 771 806 812 815 836 843 852 895 899 904 939 944 945 956 
4 10 30 46 62 75 80 96 115 132 153 158 168 176 180 232 236 255 264 266 275 276 279 307 329 371 375 377 403 429 466 476 527 532 570 571 598 603 632 637 658 684 724 736 739 747 775 786 825 837 840 854 887 896 903 905 935 958 975 987 
37 59 67 82 118 137 194 209 227 234 280 306 308 352 353 387 389 404 414 416 418 434 439 445 446 463 499 535 539 604 612 629 665 669 691 720 804 839 859 882 931 961 
22 23 36 44 51 71 104 114 125 134 148 155 171 172 175 239 258 261 325 373 391 460 484 521 564 565 587 672 710 730 744 746 774 778 795 831 
29 73 83 136 226 273 274 340 378 401 456 498 528 591 618 719 782 785 791 803 856 889 898 907 925 
52 141 192 199 312 374 417 525 552 607 619 696 711 735 752 765 814 838 857 897 920 
1 48 56 100 277 287 381 454 667 708 718 732 921 
57 88 339 485 
