26 45 47 48 62 65 66 72 81 102 109 114 115 122 126 130 151 153 154 198 245 249 254 255 261 276 294 323 362 373 393 397 422 431 440 455 459 468 475 485 487 502 511 512 516 542 559 575 609 620 621 669 672 673 685 715 732 758 768 794 795 811 822 841 888 896 907 919 936 944 949 
5 21 86 92 116 132 142 144 161 167 177 179 186 189 202 215 241 321 348 349 385 402 406 408 409 421 434 436 438 550 551 563 566 577 583 585 628 647 654 675 682 684 711 717 729 734 738 747 761 767 816 821 845 867 911 928 935 942 964 971 982 983 998 
11 31 39 60 69 120 133 149 162 168 193 227 237 244 259 270 272 281 299 322 336 377 383 394 404 414 418 447 453 456 465 466 474 488 492 504 505 557 594 623 635 674 691 696 727 740 743 746 765 778 782 790 802 808 838 850 871 893 931 952 953 957 
16 18 30 74 82 98 141 152 159 171 195 231 243 265 280 284 305 312 370 423 424 449 469 491 525 545 552 567 581 586 615 617 651 664 698 712 719 737 749 773 774 776 837 872 910 917 918 920 927 930 966 969 979 985 991 
10 35 42 43 55 71 96 100 107 125 129 158 165 192 208 220 232 250 264 295 347 357 382 386 411 420 437 448 480 503 513 601 611 629 644 648 718 744 760 780 787 791 797 809 812 823 844 882 889 902 916 948 
2 76 110 111 138 139 188 201 206 242 248 253 274 291 292 328 360 363 364 378 379 435 445 446 454 460 523 570 580 604 607 649 668 741 754 762 777 848 849 857 873 891 901 937 965 978 995 997 
29 56 73 79 197 211 221 240 247 257 260 269 304 313 340 346 412 439 444 451 458 527 529 555 562 653 667 706 709 710 722 748 775 814 819 825 833 870 905 906 926 933 976 
13 23 84 134 163 180 213 214 223 229 278 297 308 309 315 325 351 396 398 470 514 558 564 591 627 642 650 655 693 702 736 753 756 779 831 856 862 909 922 963 990 999 
6 28 63 94 105 175 199 252 268 287 317 319 337 365 399 441 498 501 526 530 532 572 596 600 606 619 640 661 692 699 725 750 806 830 839 855 877 890 903 993 
0 37 104 172 181 228 233 267 303 326 343 405 430 463 476 483 489 515 528 539 546 549 556 578 595 643 645 666 671 679 683 721 731 745 771 863 900 932 958 
7 46 64 83 117 127 143 146 173 210 226 246 290 310 318 342 353 429 450 464 486 521 544 656 697 742 769 781 785 798 804 836 879 904 959 967 970 984 
3 8 27 58 77 145 157 166 169 182 203 212 217 327 338 341 356 432 467 497 573 584 659 670 703 714 728 772 793 807 859 885 897 941 980 996 
14 33 44 49 61 68 78 85 137 155 156 185 187 191 289 296 316 395 426 471 472 582 636 678 730 751 783 843 851 876 880 881 943 988 
22 38 53 108 147 174 178 196 230 235 251 307 320 333 389 390 473 522 538 543 554 565 588 589 590 618 641 687 892 895 898 912 940 975 
9 32 40 52 99 106 136 160 205 234 266 293 339 350 369 371 372 392 479 493 506 519 593 603 663 759 818 865 874 878 883 884 977 
12 97 119 121 135 164 271 277 285 300 352 387 415 417 495 499 508 536 576 612 616 622 639 646 677 694 713 786 801 803 813 828 875 
88 103 140 176 219 224 236 306 374 375 403 413 452 477 531 533 638 658 660 695 707 708 716 834 860 864 869 887 915 951 974 994 
57 87 204 222 256 298 361 381 388 391 428 462 490 496 520 524 534 592 598 630 633 700 723 763 784 796 815 921 934 960 
15 123 184 200 275 283 302 332 344 355 366 368 376 410 433 510 548 553 569 597 689 735 755 770 886 914 955 987 992 
19 41 91 113 124 128 207 258 314 354 358 359 442 484 500 509 517 535 537 574 608 610 858 894 899 913 925 939 
34 51 59 80 89 150 238 282 367 380 384 419 427 568 571 599 602 605 631 665 688 690 764 799 824 842 853 972 
1 24 25 101 112 148 216 239 279 324 329 331 416 425 457 482 614 624 637 739 792 810 829 835 924 938 956 
17 75 118 273 507 518 587 626 632 634 652 676 705 720 757 800 805 840 846 854 908 945 947 
36 90 262 286 288 330 345 400 407 481 560 657 680 681 733 752 766 832 861 954 961 962 989 
54 131 194 335 401 443 541 547 561 613 662 686 701 724 788 817 852 866 868 929 968 981 
4 20 67 70 183 190 218 225 263 301 334 461 494 625 827 847 923 946 950 973 986 
50 93 95 170 209 311 478 540 579 704 726 789 820 826 
