3 5 7 9 13 28 29 65 73 106 146 148 150 161 167 169 178 185 207 211 218 219 229 231 232 236 237 268 274 277 282 286 288 292 305 331 344 349 357 361 380 393 403 418 420 432 433 455 457 465 484 485 490 492 496 501 505 511 515 528 531 544 550 552 553 563 569 595 597 614 615 617 618 639 646 656 665 672 674 676 686 691 692 694 695 718 726 743 744 773 784 791 796 801 843 854 858 862 865 883 890 892 901 909 918 932 937 950 966 976 981 986 998 
0 8 15 36 38 55 62 78 81 83 100 111 116 117 120 138 153 157 160 170 173 183 233 246 249 261 270 278 293 298 299 311 353 355 360 363 379 383 384 399 402 412 428 429 466 468 471 519 521 534 538 542 545 554 561 568 611 624 638 689 721 746 765 772 783 795 798 806 808 811 823 842 846 849 860 863 866 878 887 898 899 904 905 929 935 936 939 948 952 978 990 993 996 997 999 
23 32 41 50 68 70 90 94 99 103 128 149 152 155 174 175 195 215 217 223 238 240 245 247 266 281 308 324 365 391 405 417 424 439 463 467 472 478 486 508 512 523 525 526 527 529 532 536 541 547 558 559 572 574 593 605 621 642 657 659 664 666 719 754 785 814 833 845 847 867 880 906 921 938 944 949 954 979 982 983 988 992 995 
14 19 24 25 33 37 43 59 69 92 108 113 118 124 136 143 144 147 156 177 189 197 204 224 244 272 284 287 302 304 321 345 362 376 409 411 414 426 473 480 504 543 557 571 587 596 601 658 678 679 680 681 682 696 702 728 729 759 760 767 774 782 805 829 837 839 873 876 891 895 897 900 908 912 913 920 930 951 956 962 963 991 
10 17 20 21 67 75 76 79 85 104 115 126 132 135 139 154 158 166 202 227 241 250 253 255 257 271 285 316 319 325 328 329 346 359 368 369 387 398 406 427 446 459 481 483 500 518 555 567 573 582 586 592 603 620 636 650 654 661 669 684 690 708 709 734 735 740 741 747 780 781 786 812 816 840 877 914 931 965 968 
11 26 34 45 48 58 60 71 74 87 98 101 123 125 131 142 159 163 168 184 186 194 203 214 221 222 230 254 259 280 330 334 388 397 408 410 416 430 438 449 456 470 477 488 499 510 513 540 585 589 599 604 610 619 625 627 628 645 677 749 763 809 855 856 859 864 879 889 953 975 
2 4 6 12 53 54 82 91 109 122 127 140 187 196 234 258 267 295 306 307 314 343 375 382 419 431 442 451 479 494 514 516 520 537 576 580 608 612 626 631 635 655 717 733 776 819 826 834 838 852 853 868 882 884 903 916 
16 31 44 72 88 105 151 164 176 190 193 201 212 225 239 276 313 318 326 327 339 347 348 351 352 358 373 389 396 401 436 489 495 663 713 730 748 751 756 769 770 771 787 822 825 851 874 910 926 964 972 987 
1 40 93 119 121 162 192 199 200 205 260 269 283 297 300 303 309 310 317 333 340 350 395 422 448 517 556 562 564 570 584 591 594 613 616 634 648 652 705 706 716 723 789 797 802 871 888 896 946 
46 49 51 56 80 112 165 179 188 198 216 256 290 301 336 367 372 377 413 425 493 498 578 598 640 643 660 697 698 700 704 710 712 714 742 745 755 777 799 804 836 894 
35 39 42 95 133 171 181 226 228 264 265 320 341 371 374 381 458 502 566 600 633 637 651 711 727 739 788 800 813 830 835 857 893 911 922 947 974 984 
22 52 64 208 210 273 322 337 338 342 354 394 454 509 522 530 560 606 644 693 752 753 762 792 793 810 848 870 881 915 919 959 960 967 970 980 985 
27 30 47 61 102 137 141 172 220 400 423 437 444 475 524 535 548 577 583 588 647 667 668 670 673 703 715 778 794 875 886 917 925 943 969 977 
129 130 180 191 252 275 356 378 404 415 441 453 462 491 539 579 687 731 738 758 764 768 790 815 820 832 844 927 941 957 958 971 989 
86 114 145 291 332 335 370 421 435 450 551 581 623 630 675 699 737 750 761 803 818 841 885 902 934 940 942 961 973 994 
63 110 242 296 312 386 407 434 440 452 460 497 507 546 565 575 632 653 683 722 757 817 831 872 923 928 945 955 
84 89 96 213 251 262 263 289 474 482 503 506 533 607 609 629 641 662 720 732 775 779 821 850 861 869 933 
18 57 97 134 209 243 248 315 323 366 385 443 445 461 464 469 476 487 549 602 649 671 701 725 766 807 
66 77 107 182 206 235 279 294 364 390 392 447 590 622 685 688 707 724 736 824 827 828 907 924 
