8 25 28 33 39 48 62 78 87 89 91 120 162 195 202 204 207 309 311 322 328 338 354 363 378 387 429 433 435 437 446 463 469 472 490 494 536 541 544 550 606 625 635 645 658 660 662 663 703 704 710 715 719 724 740 741 753 757 758 763 790 794 796 815 828 833 838 850 852 859 862 869 896 931 938 943 947 966 970 973 987 992 996 997 999 
0 4 10 17 21 23 47 59 86 97 102 104 106 116 126 158 163 186 211 212 216 224 244 258 297 301 341 350 352 355 360 370 381 410 416 423 454 464 480 511 518 520 532 545 548 573 578 620 632 652 695 697 721 744 745 748 759 764 775 779 800 809 814 836 843 857 892 903 908 914 933 950 975 981 
22 34 37 43 49 55 60 67 80 107 114 130 134 135 143 154 159 168 183 200 210 219 225 233 235 239 251 268 275 290 314 344 349 358 398 400 401 413 430 509 524 530 566 575 577 590 629 649 686 706 729 736 765 773 778 787 819 834 842 846 883 885 893 899 916 919 925 929 930 946 991 
7 19 36 38 42 53 95 117 127 132 140 147 176 177 218 234 265 276 294 306 307 315 373 375 380 403 406 425 443 447 539 557 570 583 596 609 614 634 642 646 666 672 673 701 702 720 737 751 760 774 782 799 801 806 810 811 821 831 835 840 863 868 886 900 906 942 954 959 962 963 
16 29 30 64 111 123 133 148 193 194 199 209 231 266 271 286 302 312 327 337 348 367 386 388 396 432 457 458 476 486 488 501 514 538 540 553 556 560 593 602 607 610 616 641 670 681 694 705 708 725 747 752 767 789 795 817 826 837 847 867 876 877 882 901 924 934 949 995 
2 6 31 54 58 79 96 98 118 119 131 137 138 145 153 179 185 187 205 206 214 217 230 240 262 278 288 310 335 336 345 351 377 385 394 412 428 436 438 444 456 468 491 492 542 547 568 595 611 621 696 707 771 781 816 830 849 894 902 904 905 918 941 978 
3 5 9 12 13 18 24 50 51 82 113 178 208 220 221 255 259 260 283 293 296 300 317 324 365 402 422 445 471 504 535 558 571 592 608 619 627 630 637 640 654 668 679 690 699 726 739 746 777 856 864 881 890 891 895 932 936 944 948 955 976 989 993 
14 15 66 99 121 124 128 136 150 167 201 228 245 248 267 289 331 334 346 362 384 417 421 426 427 441 459 466 475 482 499 507 523 588 613 653 657 671 677 678 684 685 693 709 756 798 804 829 841 848 854 874 880 940 956 958 965 974 984 998 
20 41 71 81 90 94 156 161 181 184 222 241 282 284 308 330 342 357 383 467 470 477 484 498 508 517 528 582 585 605 631 636 643 648 650 674 700 722 732 755 768 784 788 793 802 825 879 884 897 907 922 928 937 953 968 971 982 985 994 
11 63 65 115 122 125 146 155 166 213 223 227 232 236 257 280 299 304 325 340 356 376 408 418 420 449 489 522 526 533 579 598 626 680 682 711 718 727 785 805 808 839 845 866 875 909 920 921 967 972 
27 32 45 61 70 108 141 160 190 203 229 243 269 272 285 303 323 333 353 366 368 369 389 390 395 415 431 478 479 497 505 519 534 552 574 612 633 683 713 738 780 820 855 872 873 977 988 
35 69 88 92 101 103 105 110 151 152 165 171 198 252 263 274 281 287 292 339 372 382 393 404 424 450 465 483 515 555 617 639 664 667 731 733 812 824 865 912 917 939 979 980 
40 52 56 68 83 164 172 173 175 250 270 277 321 347 379 407 409 440 461 527 549 561 572 576 580 581 594 604 623 651 659 665 712 730 734 742 766 772 818 827 858 860 889 964 
57 77 84 142 144 169 189 226 237 238 246 261 279 397 439 442 451 500 503 510 512 551 586 587 589 591 618 656 675 692 716 776 783 797 813 822 851 911 913 923 945 
73 74 75 170 180 242 256 291 305 318 326 329 391 399 434 452 455 487 493 496 502 521 543 546 563 564 603 647 761 762 861 910 960 961 986 
1 72 112 188 192 196 197 215 247 295 343 364 374 411 419 474 495 529 559 600 601 624 676 687 714 750 823 832 878 887 915 951 990 
46 76 100 109 129 149 298 319 332 371 453 462 481 537 562 565 615 638 688 689 698 743 749 769 791 870 926 927 935 
26 85 93 157 273 313 359 414 485 506 516 531 597 599 669 691 728 792 803 871 898 952 969 983 
182 191 253 254 264 392 460 513 525 567 569 584 628 644 655 717 723 735 754 807 844 957 
44 139 174 249 316 320 361 405 448 473 554 622 661 770 786 853 888 
