9 29 30 74 80 89 112 114 117 119 127 129 138 149 150 156 161 188 207 212 215 217 219 225 230 239 245 252 257 265 268 286 295 304 313 348 365 378 388 406 409 421 437 459 462 463 464 473 481 484 513 514 515 516 526 536 566 570 583 588 594 601 652 665 681 690 694 724 735 739 749 753 759 770 785 793 819 862 869 871 882 888 898 910 915 918 920 925 939 946 949 981 
11 24 34 35 41 47 62 88 91 100 115 126 142 164 165 166 181 185 253 258 261 264 283 299 303 309 314 316 326 329 335 347 349 352 366 371 412 418 428 433 470 485 494 496 497 500 503 542 548 559 578 579 605 608 611 614 621 638 642 643 654 661 684 702 707 716 723 741 745 758 761 787 796 835 847 863 873 880 883 886 908 917 928 943 962 973 
8 15 37 46 49 128 134 139 175 200 203 224 236 243 269 275 300 306 331 343 351 361 400 434 449 466 467 482 489 519 538 544 550 576 581 596 612 619 632 639 641 650 657 692 711 713 730 732 766 769 788 794 797 867 872 875 911 937 941 942 947 964 965 989 
12 19 23 25 53 77 92 113 124 130 159 172 228 237 276 285 294 308 320 325 345 354 379 382 386 387 392 415 419 430 457 471 486 487 490 522 531 541 545 562 580 616 695 722 726 767 768 791 804 808 811 814 852 868 890 901 909 912 940 957 961 975 978 983 
5 13 42 67 120 125 143 163 180 186 194 195 246 263 277 288 318 334 336 341 353 372 407 454 499 501 507 534 539 560 575 582 587 600 604 626 628 629 633 649 655 659 670 680 686 696 703 718 742 747 786 838 877 881 895 902 985 986 990 
6 21 32 36 44 55 56 71 84 97 106 107 116 146 176 183 216 234 248 250 273 281 282 317 321 337 413 425 447 455 477 491 510 511 520 521 553 602 653 663 674 685 687 689 700 720 721 790 828 842 843 879 897 923 934 948 955 974 
1 7 58 73 87 131 155 157 160 167 168 174 187 190 198 205 208 220 229 232 280 315 333 355 367 390 393 429 480 492 493 495 512 524 561 567 586 647 648 675 691 709 728 744 746 764 765 772 789 827 858 864 878 906 931 968 976 
2 10 22 54 57 64 68 78 82 95 101 145 173 178 189 204 214 223 240 254 327 328 358 360 374 396 398 420 423 426 475 505 523 535 557 569 574 595 599 613 622 630 644 668 699 738 760 795 816 826 921 926 954 960 967 
3 18 48 50 96 98 110 118 144 148 151 158 179 182 221 227 241 267 296 332 375 389 394 456 465 472 474 564 627 635 671 672 698 708 725 727 756 757 762 777 798 803 820 829 837 839 853 866 904 919 929 952 996 
38 45 70 136 140 196 244 247 260 289 292 297 298 302 319 350 377 422 441 468 517 529 549 590 603 615 620 625 634 637 645 678 706 729 736 783 792 815 831 845 850 854 856 857 900 933 935 950 951 971 987 
16 26 39 52 79 93 105 135 154 184 206 233 251 262 266 279 307 311 338 339 342 357 373 416 417 469 509 551 568 592 683 688 715 731 733 754 763 773 776 800 807 833 859 889 905 956 959 988 
0 33 63 65 66 83 85 109 111 121 153 197 202 242 293 312 323 356 362 380 381 384 395 401 443 444 450 476 483 563 573 664 676 710 748 779 801 810 836 846 855 865 870 944 945 972 
27 31 72 86 102 108 287 290 310 391 397 399 403 411 431 442 453 530 572 589 593 606 617 623 651 662 679 704 705 755 782 812 824 830 840 844 849 903 932 936 970 979 
28 76 177 213 270 363 370 404 452 458 479 504 518 537 577 677 734 743 778 817 825 851 884 893 913 938 966 992 994 998 999 
17 51 75 90 133 152 199 238 249 256 278 340 369 410 414 440 448 585 597 624 640 737 781 799 834 887 891 907 916 953 
14 20 60 141 147 191 192 193 211 301 346 424 506 532 547 610 636 656 666 669 740 771 774 802 818 885 927 
43 104 132 137 170 235 344 359 427 432 435 445 460 488 525 527 607 609 658 701 712 751 860 861 980 997 
40 61 103 222 259 271 272 291 368 376 402 408 528 533 546 598 646 673 717 806 809 821 823 874 922 982 
123 162 209 226 274 324 330 364 436 461 552 554 558 565 584 591 631 775 813 892 899 914 977 995 
69 122 171 201 218 383 385 438 439 446 502 508 540 667 719 805 832 848 894 963 991 
81 94 99 169 322 405 451 478 498 543 555 571 682 693 752 822 841 930 969 993 
4 210 255 284 556 618 660 697 714 780 784 876 896 924 958 984 
59 231 305 750 
