42 43 47 70 74 75 105 109 114 121 130 133 139 164 172 189 230 231 245 253 285 293 294 298 303 320 347 355 356 358 383 395 399 402 405 427 431 433 450 452 468 485 486 488 519 526 531 532 553 574 579 584 607 610 621 627 653 658 667 693 719 736 745 755 773 793 838 855 861 863 874 886 910 918 941 951 973 974 990 
0 1 8 19 23 46 59 60 101 116 124 129 132 136 140 149 156 167 174 197 201 210 213 218 220 256 257 258 280 283 291 300 302 332 333 343 361 378 379 392 393 403 409 425 460 474 477 484 518 539 570 572 591 600 613 614 618 656 687 690 729 744 766 784 787 808 833 837 841 844 853 873 888 890 902 924 953 
4 14 30 31 73 78 92 108 120 126 142 154 158 170 176 177 178 180 207 246 255 268 292 307 312 318 324 331 337 359 362 367 371 374 377 398 413 429 449 456 461 465 503 527 529 549 550 559 597 612 622 636 649 652 695 698 731 748 768 780 795 799 804 814 821 849 867 872 879 930 947 957 965 968 999 
10 12 28 29 54 58 80 82 86 93 102 119 122 155 165 171 203 236 260 267 272 275 299 301 317 329 344 348 351 389 411 414 437 445 446 447 457 489 498 508 528 546 565 578 602 662 679 711 735 752 762 767 770 771 779 790 794 796 806 809 851 857 859 871 877 896 936 954 964 976 982 
11 21 22 32 34 35 36 39 41 48 71 90 100 106 118 137 153 163 166 169 184 237 238 247 251 254 278 279 281 282 321 323 360 384 390 407 412 416 420 424 448 462 466 535 542 544 598 620 630 634 672 684 706 718 739 741 751 754 769 774 802 813 822 824 836 854 925 937 975 
3 5 13 52 57 79 111 113 123 125 160 168 175 181 185 190 212 241 242 248 250 290 297 314 327 388 404 421 454 496 499 505 520 543 569 577 587 608 625 626 635 637 639 642 660 665 666 692 703 732 757 759 764 775 801 807 815 819 830 832 881 884 891 916 956 984 998 
15 20 55 63 68 84 103 147 195 202 233 277 286 322 326 338 342 364 373 380 381 422 444 458 473 482 495 513 525 537 566 582 585 594 611 659 664 670 671 689 701 709 721 733 749 778 781 783 792 805 839 845 846 904 913 915 935 952 970 972 992 
16 37 45 50 76 77 127 131 144 152 161 193 223 227 263 313 334 335 336 419 423 455 467 469 472 479 507 517 556 563 567 580 604 615 628 641 643 648 650 677 723 730 737 756 776 791 811 889 893 908 914 931 934 942 955 959 
25 26 33 61 72 128 134 141 221 226 264 295 296 308 328 353 368 386 387 432 459 471 490 492 493 500 524 564 581 586 590 599 629 632 638 680 686 720 738 772 798 826 856 882 906 917 929 940 944 987 996 997 
2 6 27 65 143 145 186 192 194 214 243 244 287 316 339 357 370 476 515 521 533 540 548 554 623 676 678 683 688 708 714 727 761 785 816 825 840 848 898 901 905 919 923 932 933 939 969 983 985 994 
40 44 89 115 150 157 159 205 208 215 240 249 262 273 274 346 354 375 382 394 397 435 442 475 487 511 551 560 588 617 647 674 681 715 734 800 835 847 862 885 892 894 912 971 977 981 
24 87 91 117 135 188 200 209 211 217 270 271 315 345 349 352 365 366 369 408 439 464 470 545 552 568 601 624 654 675 697 707 724 728 777 786 823 834 911 926 995 
38 62 64 96 97 148 216 219 235 239 289 304 400 415 417 436 480 494 502 509 510 512 516 534 561 589 663 673 682 746 758 827 864 907 920 922 928 966 978 988 
7 85 110 112 138 162 187 191 199 206 325 363 376 391 396 401 428 434 451 523 558 576 595 596 616 645 704 717 742 765 866 883 895 897 909 921 961 980 
49 51 67 95 104 196 224 225 305 311 330 350 410 426 506 530 557 562 605 633 655 669 699 712 817 818 820 829 860 887 967 979 
66 83 146 151 198 252 265 269 276 306 385 440 463 483 504 536 571 575 606 646 661 702 710 716 747 812 852 878 949 958 
9 173 284 310 319 478 501 538 593 603 644 685 691 694 713 740 788 842 858 865 900 927 943 945 948 950 
69 179 182 204 234 288 406 441 443 555 592 619 631 640 782 803 831 868 870 899 903 938 946 963 989 993 
17 53 56 81 107 183 228 438 491 497 541 547 609 700 722 725 726 828 875 880 960 962 986 991 
18 94 232 261 266 309 340 430 481 514 668 696 705 743 750 753 763 789 843 850 876 
88 98 99 222 229 259 341 372 418 453 522 573 583 651 657 760 797 810 869 
