8 21 33 62 115 144 169 197 243 244 296 299 317 343 347 356 395 409 441 452 464 469 496 508 517 520 542 547 558 586 593 599 608 609 628 662 697 706 739 745 777 829 851 892 912 926 972 977 980 
9 18 60 120 182 195 210 228 229 233 284 302 326 345 349 363 386 421 430 433 459 473 475 487 488 518 554 566 588 590 620 633 648 673 698 703 709 768 813 818 826 841 885 891 900 913 976 984 990 
0 14 31 40 63 90 105 121 143 156 181 187 211 249 261 268 271 330 367 369 383 397 448 471 477 478 494 524 537 592 606 626 644 668 674 675 678 686 687 738 755 784 846 870 964 981 994 
37 70 88 103 107 112 131 136 147 205 242 339 344 348 352 366 385 424 436 470 481 543 555 567 576 596 627 649 655 670 690 713 719 735 743 772 796 797 835 863 864 868 873 884 932 937 992 
19 20 46 66 81 132 141 146 153 160 164 168 190 203 298 307 315 327 353 393 403 505 511 526 560 578 617 651 658 671 707 724 725 767 817 825 854 861 883 936 951 965 973 975 979 997 
42 99 140 185 189 208 234 254 263 267 286 290 321 328 341 350 355 410 412 414 439 445 504 510 531 538 561 580 681 695 705 756 757 764 773 802 893 916 982 989 999 
5 24 26 32 45 50 93 97 126 127 188 225 248 253 262 278 291 337 379 394 426 467 482 577 611 615 616 635 639 643 716 741 799 816 850 890 922 930 942 967 988 
28 36 39 118 124 178 186 235 239 282 311 368 370 376 390 396 406 415 420 423 490 513 533 582 594 597 602 624 661 679 740 753 780 781 836 843 899 939 955 
30 48 116 117 176 207 255 270 276 280 292 357 371 377 384 387 404 440 460 466 476 492 495 499 545 552 598 607 637 665 736 744 775 787 794 808 859 948 961 
25 65 85 100 113 154 191 231 241 256 272 274 294 318 331 362 398 479 497 506 512 522 570 614 621 645 654 683 699 701 759 824 830 834 845 909 915 971 
54 61 111 119 148 151 201 213 279 283 313 319 334 375 417 465 484 498 525 532 534 630 642 676 696 730 746 752 774 778 783 857 862 897 920 941 949 962 
2 11 77 86 162 165 167 183 221 222 251 257 303 358 359 405 458 500 581 666 682 704 723 726 758 819 823 847 858 875 886 888 901 910 918 919 986 
12 27 49 68 96 106 122 128 145 179 198 206 265 287 288 335 388 507 509 575 583 613 657 677 715 731 763 789 809 821 827 855 917 928 933 940 
35 47 53 87 129 152 159 171 214 273 293 312 320 332 336 351 413 422 438 447 568 622 641 653 660 693 737 742 748 848 877 924 968 993 
1 15 34 56 95 139 149 166 170 194 215 275 316 323 333 418 435 443 450 451 527 557 572 634 652 656 700 751 806 812 943 945 957 985 
59 67 80 82 137 161 209 227 306 361 389 416 434 444 463 491 523 535 539 601 604 612 629 669 691 733 760 804 839 882 953 
17 84 92 102 108 174 177 200 217 246 402 411 474 519 563 569 579 659 664 798 801 860 871 881 906 911 914 923 946 963 969 
38 52 64 130 135 199 219 236 245 281 391 419 425 461 462 489 516 549 564 584 619 638 663 766 770 810 811 954 960 983 
16 22 23 51 71 79 104 114 125 134 150 155 172 175 193 204 258 310 373 540 587 672 710 792 795 831 853 904 
55 157 173 238 247 250 259 300 304 392 431 501 553 556 559 573 585 646 750 761 771 807 815 852 934 944 956 
6 58 78 142 192 212 216 237 342 372 449 468 472 480 486 515 529 600 636 793 833 880 894 947 959 966 996 
4 10 75 158 180 232 264 266 329 428 429 603 632 689 747 786 800 840 879 887 896 903 905 935 958 987 
3 69 74 83 89 133 308 322 346 378 401 427 446 453 550 571 574 618 685 776 828 867 902 938 
13 29 73 220 223 226 269 340 521 528 591 595 727 782 785 791 803 842 856 876 889 898 907 925 
43 123 163 240 297 408 437 454 502 562 565 605 610 694 721 732 749 849 865 878 908 921 931 978 
7 57 109 184 354 380 455 456 544 625 647 708 712 722 729 769 820 872 874 927 970 991 995 
41 76 98 138 224 252 364 407 483 503 514 530 546 548 623 640 650 680 692 714 728 869 950 
44 202 218 230 260 324 325 338 374 536 541 551 589 631 688 754 762 788 832 929 974 998 
94 289 301 314 360 365 382 432 457 485 493 684 711 717 734 779 790 805 822 844 
196 277 309 381 400 667 702 718 720 866 895 952 
72 91 101 285 305 814 837 838 
110 295 399 442 765 
