2 5 7 14 30 36 69 84 92 106 111 118 128 139 163 182 183 190 197 218 220 234 242 251 252 265 269 277 280 282 302 317 319 340 357 362 372 386 390 422 427 428 449 465 474 475 518 529 547 548 576 586 611 616 630 649 668 686 687 714 723 731 740 758 763 799 801 802 806 818 828 830 848 850 879 902 911 914 915 976 981 
32 79 83 86 114 119 141 151 164 195 200 212 226 228 236 247 272 295 314 322 329 358 366 371 376 391 414 443 454 482 497 510 526 542 546 558 561 575 588 589 591 592 598 621 625 643 648 650 652 660 700 715 724 764 809 916 926 964 972 
4 28 39 49 50 70 73 82 96 122 135 157 161 165 168 225 259 261 281 287 315 334 342 367 384 409 432 455 466 505 522 528 537 545 555 556 567 587 607 615 624 642 681 682 711 722 725 728 739 756 790 796 812 839 844 903 951 
1 22 38 40 47 52 57 65 71 91 102 112 120 126 155 199 202 223 224 258 267 311 325 336 368 369 380 400 412 459 463 483 493 515 519 530 574 609 636 656 673 676 697 721 726 727 730 745 779 808 868 893 947 
3 6 11 15 20 44 61 74 94 116 131 162 193 210 215 246 250 270 274 283 293 294 296 321 387 399 423 435 477 491 523 569 571 582 599 606 617 653 688 696 748 762 767 791 881 932 950 966 999 
0 26 27 31 67 81 90 133 178 196 206 208 213 227 271 275 285 297 309 327 339 389 394 404 456 457 485 531 539 577 580 608 627 634 677 679 703 705 706 707 752 803 811 833 849 858 890 923 924 
10 33 34 35 41 64 100 108 109 115 138 187 189 216 219 343 398 415 426 440 451 461 473 478 516 517 525 622 645 699 737 738 741 743 769 817 820 824 846 875 891 896 912 936 939 952 996 997 
21 23 51 77 98 99 121 166 174 231 241 299 312 351 353 355 385 405 406 434 445 507 535 566 584 594 661 692 744 789 798 825 852 872 895 919 942 959 960 967 970 980 985 
9 12 17 113 129 143 144 147 173 191 211 238 256 278 303 331 332 354 373 392 397 481 489 502 511 524 554 565 635 689 718 732 766 777 855 863 877 929 935 946 978 990 993 
37 62 63 76 78 177 192 205 288 290 305 328 337 341 349 402 429 433 444 450 470 536 572 600 614 641 669 678 698 702 719 775 821 832 860 885 888 909 931 965 968 
19 55 117 130 152 171 179 235 244 264 279 292 335 381 393 407 437 441 462 479 501 595 610 612 659 742 753 782 783 794 805 831 837 876 927 941 957 958 971 989 
42 43 68 72 160 203 222 344 352 360 396 403 421 439 442 468 496 503 570 619 632 646 657 658 674 735 746 750 755 760 785 787 793 856 865 873 878 908 953 975 
95 97 134 137 158 167 184 230 257 262 263 300 333 350 363 416 419 436 446 469 488 527 629 667 736 772 784 854 857 864 899 910 921 944 954 983 988 992 
25 56 169 185 198 232 237 308 348 438 504 550 633 640 671 694 708 751 765 770 773 774 778 826 827 851 892 898 900 905 920 930 956 962 963 991 
18 127 150 239 260 289 304 330 361 374 375 408 418 458 460 521 532 603 613 620 631 651 654 695 713 800 815 904 906 934 940 961 973 994 
29 54 59 159 180 194 204 233 284 313 326 356 370 379 486 512 568 585 593 628 637 662 710 757 780 786 834 882 887 922 974 984 
89 104 107 186 217 276 324 338 346 453 472 513 520 544 664 670 684 690 691 720 759 795 810 814 819 845 861 870 925 943 969 977 
45 58 85 101 110 142 156 172 207 245 254 509 514 564 639 655 675 680 761 776 781 792 813 842 889 938 948 979 982 995 
132 140 149 253 320 364 365 411 452 464 487 494 508 541 560 578 581 717 747 788 804 840 847 869 880 907 918 937 986 998 
103 145 153 176 188 248 268 298 307 345 425 431 467 492 498 506 533 551 638 665 754 768 771 841 867 883 897 928 945 955 
48 53 60 66 80 87 125 136 181 214 221 359 395 430 490 549 563 579 583 618 647 693 704 709 807 822 884 913 
93 175 209 286 377 401 413 471 500 534 557 601 602 626 644 716 749 816 835 843 853 866 933 949 
8 88 123 146 154 201 249 382 383 420 447 476 499 538 540 672 683 701 733 823 859 874 917 
13 16 46 75 124 170 229 255 310 316 323 410 417 484 553 590 597 604 666 729 838 886 987 
24 105 243 266 273 291 301 318 448 495 552 562 596 605 623 663 712 829 862 901 
148 240 306 347 378 388 424 480 543 559 573 685 734 797 836 871 894 
