7 17 18 20 58 75 76 93 105 107 126 150 151 152 165 175 183 191 217 237 247 263 280 284 286 291 328 334 349 351 356 363 388 393 404 408 433 439 469 471 477 494 500 501 515 519 532 542 544 558 566 571 576 604 619 622 636 641 648 675 685 711 712 714 755 756 762 784 795 803 824 864 873 874 877 878 883 889 900 922 954 955 979 984 988 991 
1 14 19 23 24 32 66 79 80 83 111 124 132 142 159 179 188 192 224 226 236 288 290 353 362 366 373 378 384 394 428 436 454 459 467 493 503 582 585 592 600 607 612 625 631 634 644 656 679 680 683 699 713 723 727 738 745 772 810 812 837 839 850 901 904 913 914 915 925 937 967 971 980 982 983 986 990 993 999 
22 43 51 56 57 86 118 155 167 170 187 207 208 218 239 251 252 254 256 264 298 301 323 340 361 377 385 391 444 447 452 453 462 498 504 511 527 583 586 588 589 596 643 657 681 682 686 689 696 703 715 747 764 797 799 813 841 902 945 958 963 966 989 994 
16 31 33 37 46 50 61 65 70 91 125 133 195 200 206 209 212 215 234 255 268 326 401 415 417 429 457 492 506 516 520 548 554 556 562 587 617 642 701 702 706 719 722 731 733 757 769 789 796 801 816 845 848 893 897 906 912 940 951 975 
0 6 77 100 103 122 128 146 203 205 211 219 235 241 242 289 305 312 313 335 372 396 402 421 451 464 497 521 525 526 529 533 547 549 555 561 616 633 646 668 677 690 695 716 717 728 735 750 771 778 827 910 933 935 946 950 964 973 985 998 
9 13 39 44 60 67 82 90 102 109 110 138 153 199 228 243 248 250 279 292 341 380 397 403 406 407 437 438 443 458 468 475 495 598 602 637 652 661 667 693 700 705 721 730 758 777 782 794 800 806 851 853 854 866 931 936 962 992 995 
2 4 11 28 29 84 106 130 131 144 145 160 164 171 193 221 245 246 259 294 303 318 337 343 350 358 398 405 466 485 490 512 537 550 573 609 654 663 664 665 670 720 748 828 831 834 849 852 862 869 871 907 916 927 
34 35 41 48 71 141 148 154 162 176 177 220 339 352 368 392 445 448 449 463 483 507 522 524 568 593 672 676 678 707 708 742 752 754 760 765 798 820 821 838 843 885 917 932 942 948 956 957 965 969 972 987 
5 42 68 194 197 204 262 304 306 315 325 333 344 357 359 369 416 456 491 514 539 543 570 578 597 615 650 658 659 660 674 710 734 770 785 817 832 875 943 960 996 997 
25 27 36 73 104 120 135 196 213 253 270 308 316 338 386 390 413 422 440 479 482 486 505 574 610 635 662 669 779 791 830 858 881 903 919 929 953 968 974 976 
53 59 85 140 172 180 185 202 210 232 238 244 281 299 302 317 354 367 376 387 389 399 419 446 460 474 499 502 534 567 580 606 630 666 766 793 802 818 855 905 
3 8 15 54 97 157 222 266 296 307 345 395 400 418 461 465 484 487 536 540 599 603 608 618 628 692 709 736 753 807 808 811 823 867 886 934 
12 52 55 62 101 114 121 123 178 189 293 297 314 327 360 382 383 410 424 455 470 478 508 538 579 621 671 687 749 751 775 842 924 952 977 
40 127 166 182 231 233 282 283 342 348 381 409 426 450 513 560 575 591 626 684 691 697 737 746 768 790 814 829 859 876 879 939 944 970 
64 78 87 92 116 169 198 258 271 272 295 375 423 430 480 518 541 546 590 651 740 743 744 776 792 804 888 895 909 947 959 961 978 981 
21 26 63 88 94 113 161 163 184 201 216 240 310 332 364 371 472 551 557 563 613 647 653 694 726 773 781 822 868 894 899 920 
49 96 149 168 227 274 276 311 365 434 510 553 565 595 623 639 649 704 761 786 805 819 826 847 863 865 882 891 908 921 923 949 
38 45 108 115 134 229 267 285 287 330 331 346 355 379 441 442 481 488 531 594 614 759 788 809 861 884 890 928 941 
69 72 95 98 147 273 277 320 420 473 489 564 572 581 624 627 655 718 774 815 835 840 860 872 892 896 911 918 930 
47 89 99 119 143 158 223 230 257 322 329 336 347 412 425 432 523 528 530 601 611 645 741 780 783 870 887 926 
112 117 156 174 181 260 278 300 370 374 411 427 435 496 535 545 552 559 577 620 638 724 725 729 787 880 898 
10 30 74 139 186 190 225 249 261 265 269 275 319 321 431 517 584 605 640 688 739 763 767 846 857 938 
81 129 136 137 173 214 309 324 414 476 509 569 629 632 673 698 732 825 833 836 844 856 
