1 2 10 22 28 48 54 57 64 68 78 82 90 95 101 104 111 132 138 140 145 173 177 178 179 180 185 189 204 209 213 214 223 230 240 244 252 254 270 304 323 324 328 330 340 358 360 364 370 374 379 398 403 404 413 417 420 423 426 452 458 461 479 480 505 523 535 537 554 557 558 563 565 566 569 574 577 579 584 591 599 613 622 631 644 668 677 682 693 699 701 724 734 736 738 743 744 760 778 795 816 825 826 831 851 858 870 873 884 893 905 913 914 918 921 926 938 954 960 966 967 977 992 994 995 998 999 
5 8 15 16 27 29 49 50 72 89 99 117 128 129 134 139 161 175 200 203 212 221 224 236 243 245 257 269 275 288 296 300 306 331 343 348 349 351 353 361 365 378 400 406 407 409 416 421 434 449 459 467 473 482 489 494 501 507 519 526 538 539 550 567 576 581 583 587 596 600 602 604 612 619 626 639 641 650 655 657 665 670 691 692 694 711 713 730 732 735 739 742 747 753 764 766 780 786 788 793 794 819 862 866 867 869 871 875 888 895 911 937 939 941 942 947 964 965 989 
6 21 36 38 40 44 45 56 61 71 77 97 103 106 116 146 154 183 216 222 234 248 250 259 260 272 273 281 282 292 297 307 317 319 321 322 368 372 375 402 408 425 447 455 468 477 485 491 510 511 517 520 521 527 528 533 546 549 553 590 598 603 615 632 645 646 653 673 678 685 687 700 709 717 767 768 790 797 800 806 809 815 821 823 828 830 837 842 843 845 850 852 856 857 874 877 879 897 900 922 923 930 934 935 951 961 971 974 982 
9 23 59 69 80 107 112 114 119 127 150 156 159 162 168 172 188 205 215 217 225 229 231 265 274 286 289 305 337 396 436 437 441 451 454 462 464 475 478 481 484 513 514 516 518 536 552 556 568 570 578 594 595 601 620 624 630 634 648 676 681 688 689 695 718 720 721 726 728 729 749 750 754 759 769 770 775 779 783 808 813 846 855 882 892 898 899 903 915 920 925 946 948 949 950 955 981 987 
11 13 24 34 41 42 47 67 75 76 86 88 91 96 98 115 118 123 126 143 147 164 165 181 182 186 195 206 253 261 264 299 303 309 334 335 338 347 352 366 371 412 418 433 469 496 497 503 524 542 548 559 575 582 605 611 621 638 642 643 654 659 661 680 683 686 696 702 703 716 723 731 745 761 787 796 817 833 835 838 847 863 881 883 908 916 928 943 962 973 986 990 
7 31 37 43 52 58 65 70 73 84 87 105 109 121 131 137 155 157 160 170 176 187 190 196 198 199 208 226 232 251 280 312 315 318 333 341 355 363 367 373 381 383 384 393 429 443 445 460 471 492 493 495 498 499 509 512 534 545 561 586 592 597 610 628 629 633 656 675 715 746 748 765 772 776 789 801 807 859 865 872 878 889 902 906 931 933 945 956 968 976 985 
14 20 26 33 51 60 102 108 135 141 152 191 193 211 235 279 287 290 301 344 346 359 391 395 397 399 411 432 435 442 450 453 466 472 488 506 515 525 530 532 547 560 562 572 589 593 606 607 617 623 627 636 651 658 662 666 669 679 704 705 712 740 751 755 771 774 782 799 802 810 812 818 824 840 844 849 860 861 864 885 927 932 936 970 979 980 997 
3 4 17 32 35 55 62 85 100 110 142 151 153 166 171 197 210 220 227 241 242 247 255 258 267 283 284 302 310 314 316 326 329 345 380 389 394 422 424 428 430 431 465 470 500 614 616 618 635 640 660 671 684 697 707 714 725 727 741 752 756 758 763 773 777 784 853 876 880 886 896 917 924 929 944 958 972 984 
12 18 19 25 53 92 94 113 124 130 144 148 158 167 194 228 239 262 276 285 294 308 320 325 354 369 382 386 387 392 419 427 456 457 476 486 487 490 522 531 541 564 580 609 647 652 672 698 708 722 757 762 791 792 798 803 804 811 814 820 827 829 839 868 890 901 904 909 912 919 940 952 957 975 978 983 996 
93 120 122 125 133 149 163 174 184 192 201 207 218 219 233 238 246 249 256 263 277 278 295 336 339 376 385 388 390 401 410 414 438 439 440 446 448 463 502 504 508 529 540 544 585 588 608 667 690 719 737 781 785 805 822 832 834 848 887 891 894 907 910 953 963 991 
30 74 81 136 169 237 266 268 293 298 327 356 377 405 474 483 543 555 571 625 637 649 664 706 733 841 854 969 988 993 
0 63 66 83 202 332 350 362 444 573 710 836 
46 311 342 357 415 551 663 674 959 
39 79 271 291 313 
