9 18 60 120 195 210 228 229 233 247 284 302 345 349 386 421 430 433 459 473 475 488 518 554 566 588 590 620 633 648 673 698 703 709 768 813 826 885 891 913 976 984 990 
29 73 145 160 245 281 321 334 340 368 419 462 498 503 516 521 528 549 564 568 576 591 595 638 663 671 782 785 791 803 842 856 876 889 898 907 925 965 983 989 
0 14 31 40 63 90 105 121 143 187 211 268 330 369 397 448 471 477 478 494 524 537 592 606 626 644 674 675 686 687 738 755 784 846 870 964 981 994 
12 17 28 57 72 79 84 101 102 108 217 240 246 339 402 411 474 509 519 563 569 579 659 664 798 801 860 871 881 906 911 914 923 946 959 963 969 
6 21 41 78 119 163 169 170 179 212 237 283 343 372 395 468 469 472 480 486 489 497 506 515 529 600 628 636 793 833 880 894 912 947 966 980 996 
36 39 64 118 124 178 186 220 235 239 311 370 390 396 406 409 415 420 423 465 490 513 533 582 594 602 624 661 679 740 753 780 836 843 899 939 
5 24 26 32 45 50 93 97 126 127 188 225 248 253 262 337 351 394 426 467 482 577 611 615 616 643 716 741 799 850 890 922 930 942 967 988 
30 116 117 207 255 270 275 278 280 377 384 387 404 428 460 466 476 492 495 499 552 573 598 607 637 656 665 711 736 744 775 787 808 859 948 961 
59 67 80 82 137 161 209 227 286 304 306 352 389 412 416 434 491 505 535 539 601 604 612 629 669 678 691 695 733 760 804 839 882 883 
25 65 85 113 154 191 231 256 272 274 294 331 362 388 398 479 512 522 570 621 645 654 683 699 701 759 766 811 824 830 909 915 971 
62 88 110 115 144 173 238 243 250 259 279 295 300 317 375 392 501 520 553 556 559 585 599 646 739 761 771 807 815 852 934 944 956 
8 33 129 197 244 271 296 347 378 452 453 496 508 517 527 542 547 558 571 574 586 608 662 697 745 829 834 851 892 926 972 977 
11 70 77 86 162 165 167 183 251 257 303 359 405 458 581 666 682 704 723 726 758 819 823 847 875 886 888 901 910 918 919 986 
2 103 112 205 221 242 318 344 356 358 366 424 470 500 555 596 614 639 649 655 690 713 743 772 797 845 858 863 864 868 884 992 
43 76 95 98 138 157 174 177 249 252 292 313 364 399 407 431 514 530 548 593 623 640 650 680 692 714 728 869 950 953 985 
49 68 96 106 122 128 206 265 287 288 335 507 575 583 613 657 677 715 731 763 789 809 821 827 855 917 928 933 940 
4 10 75 132 158 180 232 264 266 329 348 429 502 603 632 689 747 786 800 840 879 887 896 903 905 935 958 987 
35 47 53 87 159 171 214 273 293 312 332 336 413 422 438 447 622 641 653 693 742 748 796 841 848 877 924 993 
22 23 51 71 104 114 125 134 150 155 172 175 193 204 241 258 310 373 540 587 672 710 792 795 831 853 904 
149 185 216 236 309 316 354 355 367 400 410 425 443 504 538 660 702 706 720 777 794 812 893 895 931 952 982 
7 55 109 298 376 435 444 455 456 544 625 647 708 712 722 727 729 769 820 872 874 927 970 991 995 
44 91 202 218 230 260 305 324 325 338 374 536 541 551 589 631 688 754 762 788 832 929 974 998 
66 74 181 182 190 192 285 319 451 525 550 560 685 696 752 765 783 814 837 838 857 897 920 
61 107 148 201 213 223 269 341 391 439 484 532 534 642 730 746 774 778 941 949 962 
19 20 46 141 153 164 168 203 307 403 578 580 609 658 724 825 854 861 973 975 
58 81 146 393 511 526 561 605 617 651 707 725 732 767 866 936 951 979 997 
94 289 301 314 360 365 382 432 457 485 493 684 717 734 779 790 805 822 844 
15 27 83 99 139 198 290 401 450 463 531 572 634 756 764 773 802 849 878 
136 222 226 320 408 436 442 627 652 668 670 719 735 781 865 908 937 978 
89 199 282 346 417 427 483 618 750 776 816 828 862 900 902 938 954 
13 111 151 152 156 254 299 328 449 567 630 676 681 705 737 968 999 
69 166 224 276 322 363 371 464 546 557 700 751 806 943 945 
123 189 208 277 326 381 445 487 510 562 565 667 721 818 921 
42 130 140 184 219 263 308 350 361 380 446 757 867 873 
52 176 327 440 441 461 584 619 770 810 955 960 
34 54 100 194 215 291 297 418 454 523 694 749 
1 3 48 56 133 196 545 718 957 
37 38 135 234 267 323 333 357 414 
131 147 261 353 385 481 543 932 
92 200 383 597 835 916 
16 315 437 610 817 
142 342 379 635 
