8 154 197 244 246 296 317 318 356 378 441 452 496 508 517 542 547 558 569 586 599 608 609 662 697 706 745 829 834 851 892 926 972 977 
5 24 26 45 50 93 97 126 127 188 225 248 253 262 337 394 426 467 482 577 611 615 616 643 716 741 799 850 890 922 930 942 967 988 
38 52 130 135 219 245 280 281 327 402 419 440 461 462 480 489 516 519 549 564 584 619 638 663 766 770 810 811 853 955 960 983 
0 40 63 90 105 143 268 271 330 369 471 477 478 494 524 537 592 606 644 674 675 686 687 755 784 846 870 964 981 994 
25 65 85 100 113 191 231 256 294 331 362 398 479 497 506 512 522 621 645 654 683 699 701 759 824 830 845 909 915 971 
13 35 47 53 87 129 159 214 273 293 332 336 422 438 447 622 641 653 681 693 705 737 742 748 848 877 879 924 968 993 
116 117 207 276 357 367 371 384 387 404 428 460 476 492 495 499 552 598 607 656 665 711 736 744 787 794 808 859 948 961 
72 119 144 176 181 182 192 243 283 285 313 319 374 451 525 550 570 637 696 752 765 775 783 814 837 838 857 897 920 
11 77 162 165 167 251 257 303 359 405 458 581 666 682 704 723 726 758 819 823 847 858 875 886 901 910 918 919 986 
39 64 124 178 186 220 235 311 390 396 409 415 420 423 465 513 533 594 602 624 661 679 740 753 780 836 843 939 
4 10 27 75 128 132 158 180 198 211 232 266 288 329 429 603 632 689 747 786 800 840 887 903 905 935 958 987 
12 17 58 79 84 102 108 217 240 411 474 509 563 659 664 798 801 860 871 881 906 911 914 923 946 959 963 969 
16 55 88 173 238 250 259 300 392 501 520 553 556 559 573 585 646 739 750 761 771 807 815 852 904 934 944 956 
43 95 98 138 157 174 177 249 252 292 364 399 407 431 514 548 593 623 640 650 680 692 714 728 869 950 953 985 
29 59 67 73 80 82 137 196 209 222 227 247 286 304 416 434 505 539 601 629 669 691 804 839 882 
7 31 101 109 115 121 270 354 435 444 455 544 625 647 712 722 729 769 820 872 874 927 970 991 995 
74 76 89 150 199 224 308 417 446 453 483 530 546 571 618 685 776 816 828 867 900 902 938 954 
54 61 107 111 148 151 171 291 334 433 498 532 534 630 642 676 725 730 746 774 778 941 949 962 
9 60 120 195 210 228 302 386 459 475 554 566 588 633 648 698 703 768 813 826 885 976 984 990 
81 146 160 164 298 393 511 526 617 651 655 671 678 707 767 861 883 936 951 965 973 979 997 
22 23 51 71 104 114 125 134 155 172 175 241 258 310 373 540 587 614 672 710 792 795 831 
106 122 145 179 206 265 287 335 507 575 583 657 677 715 731 789 809 821 827 855 917 928 940 
91 136 226 305 340 456 473 503 528 591 595 772 782 785 791 803 842 856 876 889 898 907 925 
123 163 315 326 358 437 500 562 565 605 610 652 667 708 721 732 781 865 866 878 908 921 978 
41 140 169 212 223 269 343 350 468 472 515 529 600 628 636 673 793 880 894 947 966 
44 202 218 230 260 324 325 338 536 541 551 589 631 688 754 762 788 832 929 974 998 
32 185 216 236 309 355 400 410 425 504 538 660 702 720 777 893 895 899 931 952 982 
94 187 289 301 314 360 365 382 432 457 485 493 717 734 779 790 805 822 844 913 
142 166 170 279 342 363 375 464 484 527 557 572 700 727 751 806 943 957 
18 57 261 312 339 345 349 376 406 408 413 481 670 719 743 
19 20 141 153 168 203 403 578 658 684 724 825 854 896 975 
70 254 320 348 424 436 442 567 627 668 796 863 873 932 937 
103 112 205 242 344 366 470 555 596 639 797 864 868 884 992 
183 184 267 328 341 380 391 414 439 445 531 757 763 802 
83 161 306 352 401 412 463 523 535 604 612 695 733 760 
2 21 33 78 221 237 264 347 395 469 833 912 980 
99 189 193 204 208 321 561 580 764 773 933 989 
118 229 233 370 421 430 487 574 582 709 841 891 
86 149 316 323 333 443 450 486 491 812 945 
36 92 200 239 277 377 381 466 510 521 818 
15 69 139 201 213 274 282 322 490 862 888 
3 28 66 133 190 560 579 718 817 
37 131 147 234 353 385 388 543 735 
1 48 56 290 346 427 545 634 756 
34 42 194 215 263 418 916 999 
14 46 96 307 389 397 613 626 
6 49 68 297 372 454 694 749 
30 62 255 299 351 449 502 590 
272 284 488 576 690 713 
152 156 275 278 368 568 
379 620 635 649 849 996 
110 295 361 448 738 
383 518 597 835 
