10 35 41 93 95 118 123 130 141 161 165 180 212 222 235 244 256 265 310 327 333 350 354 366 407 411 422 432 460 489 514 518 523 524 552 560 567 589 597 602 604 612 616 617 624 679 683 693 713 718 735 740 744 762 797 827 847 849 854 858 861 895 901 942 945 956 965 982 986 990 998 999 
9 18 29 48 53 55 58 65 75 82 94 139 150 159 162 175 178 199 201 203 234 266 268 280 281 288 292 367 374 376 393 402 421 475 492 520 526 547 584 627 710 712 725 743 757 765 772 862 875 885 899 900 909 936 944 959 960 961 977 
22 50 77 105 107 114 170 172 195 198 216 225 243 245 262 274 284 309 318 321 339 359 373 378 399 521 528 529 555 569 571 590 594 607 610 637 658 664 666 672 674 695 720 729 730 737 758 764 817 824 853 857 912 922 937 954 964 983 
4 30 34 60 61 92 109 111 116 133 134 156 163 191 193 211 213 219 224 228 239 263 289 295 304 317 369 404 419 435 463 512 516 532 554 566 692 696 706 715 734 753 754 769 790 803 814 831 834 871 873 884 925 952 957 973 
2 20 27 31 37 83 84 87 190 200 207 218 242 260 299 307 346 379 386 417 424 431 448 467 469 473 476 507 513 517 533 578 593 613 626 638 649 663 703 719 723 731 760 792 801 844 852 883 919 920 921 984 
28 80 99 113 117 120 126 129 138 194 214 238 249 278 308 319 331 342 351 360 364 365 415 433 486 488 504 534 536 540 587 621 631 655 656 660 682 714 722 728 739 778 785 820 874 896 923 967 970 972 979 991 
14 21 46 59 67 119 132 135 155 164 169 204 208 221 232 236 293 316 362 426 428 453 456 462 471 493 545 572 579 582 588 599 606 636 659 661 688 709 751 756 837 851 859 876 930 966 978 995 997 
17 44 56 73 89 102 173 188 206 246 259 267 270 297 322 353 398 410 437 444 455 485 495 535 538 543 546 583 591 592 620 623 653 662 665 667 680 689 705 750 776 779 780 828 843 848 911 955 
47 51 88 106 131 149 157 166 174 186 187 215 230 251 275 303 325 347 355 409 412 416 438 501 565 596 605 614 647 652 657 670 676 741 755 763 805 808 879 882 888 902 929 940 949 958 980 996 
8 16 64 100 104 108 137 181 189 209 217 220 247 305 348 357 370 382 394 397 429 442 500 508 510 519 530 574 580 643 648 654 701 717 721 767 782 789 818 832 840 841 845 863 913 975 993 
6 19 26 32 45 97 98 122 151 158 184 252 253 290 301 302 313 328 338 371 390 400 425 440 480 482 494 542 561 608 625 651 691 704 727 733 745 746 748 752 770 781 860 926 953 
7 13 39 43 72 85 86 90 115 128 177 205 257 264 269 352 361 384 391 418 430 454 474 490 491 537 553 568 618 641 642 645 726 761 795 802 807 815 829 830 893 934 
24 69 176 233 255 258 276 282 324 330 332 334 368 375 380 381 383 387 413 452 478 503 564 575 576 628 629 675 724 738 798 880 892 894 898 931 943 987 992 
33 49 57 62 74 142 147 183 226 296 392 396 405 414 423 446 451 470 573 581 603 611 622 639 640 684 685 700 773 788 806 821 835 872 891 908 918 935 976 
0 1 11 68 81 96 146 171 196 210 231 241 250 329 337 344 349 358 461 506 585 619 634 694 747 771 774 787 799 813 816 842 856 924 933 946 947 951 
5 12 15 23 25 101 103 124 127 179 261 271 287 291 298 314 315 389 420 436 450 502 505 549 556 559 595 678 681 796 839 905 941 962 963 985 989 
36 63 70 136 143 152 229 285 377 465 466 481 483 511 531 551 570 600 646 686 736 749 768 777 786 794 804 812 822 867 877 886 903 914 915 939 988 
144 145 237 277 300 311 340 356 372 385 441 443 445 457 464 472 479 498 539 548 615 630 644 699 707 759 766 784 793 855 866 889 917 928 974 994 
66 112 140 153 160 167 197 227 279 283 286 294 323 326 395 434 484 522 541 544 550 558 586 650 702 708 711 775 810 850 904 906 910 
3 40 54 79 154 185 248 273 306 320 341 343 403 406 449 509 515 562 563 687 698 732 811 819 823 825 833 836 864 887 907 916 938 
52 168 240 254 335 336 363 447 497 499 527 557 601 632 633 635 671 673 742 783 800 826 869 878 890 932 950 968 971 
38 42 71 76 78 110 125 148 202 312 401 427 459 468 598 668 677 690 716 791 809 838 865 868 870 897 969 981 
91 121 182 192 223 272 345 388 408 439 458 477 487 496 525 577 609 669 697 846 881 927 948 
