10 15 22 33 35 44 49 54 61 68 78 83 85 92 96 105 123 131 137 152 155 156 159 185 187 191 194 195 239 277 280 289 305 308 316 335 352 353 360 370 395 401 411 414 423 424 426 443 449 471 472 510 514 525 541 547 552 561 580 582 585 591 596 600 613 615 617 622 636 651 655 662 664 686 698 701 712 719 724 730 731 737 749 750 751 767 776 783 787 788 817 837 839 843 845 851 852 856 864 866 868 872 876 880 881 894 910 918 920 927 929 943 966 968 969 979 981 985 988 991 999 
14 26 36 45 47 48 62 65 66 72 81 90 102 107 109 114 115 122 126 130 143 151 153 154 157 168 184 198 201 215 238 245 247 248 249 252 254 255 261 262 276 284 286 288 294 296 323 330 343 345 362 366 373 386 393 397 400 407 410 422 431 440 451 455 459 468 475 481 485 487 502 511 512 516 542 553 559 560 575 609 620 621 639 643 657 669 672 673 680 681 685 715 732 733 752 758 766 768 771 794 795 798 811 822 825 832 833 841 861 888 896 903 907 919 936 944 949 954 961 962 989 
5 16 18 23 29 30 43 50 74 75 82 93 95 98 117 118 125 132 134 141 161 164 171 179 192 202 209 210 219 221 224 231 232 243 250 264 265 271 273 278 299 302 312 387 388 403 417 437 469 478 480 491 507 518 540 545 557 567 579 581 586 587 626 632 634 644 648 652 676 694 704 705 718 720 722 726 744 745 757 760 773 774 780 789 800 805 806 809 820 826 828 840 844 846 854 904 908 916 917 930 945 947 948 951 
7 12 13 19 21 41 46 64 86 91 113 128 142 167 173 177 186 189 207 226 229 241 246 258 290 310 314 318 321 342 348 349 354 359 385 402 406 408 409 418 421 434 436 438 442 484 486 500 509 517 521 535 538 544 550 551 563 566 574 577 583 608 628 635 647 654 675 682 684 697 711 717 729 734 738 742 747 761 769 781 797 804 816 836 858 867 879 899 911 913 925 928 935 939 942 959 964 967 970 971 982 983 984 998 
9 32 38 40 53 57 87 99 100 106 108 116 136 144 147 160 174 178 196 204 205 222 230 234 235 251 256 266 293 298 307 311 320 333 339 350 358 361 369 371 372 381 382 389 390 391 392 399 441 448 462 473 479 493 496 519 520 522 534 543 554 565 570 588 589 590 592 593 598 603 618 630 633 641 663 687 700 710 723 739 759 763 796 815 818 874 878 883 884 889 892 895 898 912 921 934 940 960 975 977 
17 31 76 84 110 111 112 124 138 139 188 203 206 213 214 223 242 244 253 270 274 281 291 292 297 315 322 325 328 351 363 364 378 379 396 398 404 435 445 446 454 460 470 492 523 558 564 576 604 607 616 642 649 650 668 678 693 702 709 736 741 753 754 756 762 777 779 785 814 831 848 849 857 862 873 891 901 909 922 937 963 965 978 990 995 997 
2 28 34 51 52 59 80 88 89 97 103 119 135 140 146 150 163 176 193 197 220 236 282 306 355 367 374 375 380 383 413 419 427 428 429 452 464 477 531 533 537 555 568 571 572 599 602 605 631 638 658 660 665 690 695 707 708 716 743 764 784 799 813 821 824 834 842 853 860 865 869 870 871 887 915 972 974 987 994 
24 56 73 79 101 148 211 216 237 240 260 269 304 313 324 331 340 346 412 416 425 439 444 457 458 474 482 527 529 562 614 624 637 653 667 706 748 775 792 810 819 829 835 838 905 906 924 926 933 938 956 976 
6 11 94 120 129 133 162 175 199 208 227 268 287 317 319 336 337 365 377 384 498 501 504 506 526 530 532 619 640 661 692 699 725 746 765 770 782 790 808 830 850 855 877 890 893 931 952 953 993 
37 104 127 172 181 228 233 267 303 326 405 420 430 450 463 467 476 489 515 528 539 546 549 556 595 645 656 666 671 679 683 863 882 900 932 958 
55 60 63 69 71 121 158 180 212 285 300 327 394 415 453 483 495 499 503 508 536 606 612 646 677 713 714 786 801 803 875 941 
3 8 27 58 77 145 166 169 182 217 218 338 341 356 432 497 573 578 584 659 670 703 721 772 793 807 859 885 897 980 996 
0 4 20 25 39 42 149 170 259 272 329 447 456 465 466 488 490 505 594 623 674 688 691 696 727 728 740 778 802 957 
1 200 275 279 283 332 344 368 376 433 548 569 597 610 627 689 735 755 886 914 955 992 
67 70 183 190 225 257 263 301 334 461 494 524 625 827 847 923 946 950 973 986 
165 295 309 347 357 513 601 611 629 791 812 823 902 
