4 9 14 30 73 78 103 120 126 142 145 154 158 170 173 176 177 178 180 207 216 255 268 284 307 310 312 318 319 324 331 337 359 362 367 369 374 377 392 398 413 429 434 438 449 456 461 465 478 501 503 525 527 529 538 549 550 559 593 597 603 612 622 644 649 685 689 691 694 695 698 713 716 731 740 748 750 768 780 788 795 799 804 814 821 831 842 849 858 865 867 872 879 900 927 930 943 945 947 948 950 957 965 968 988 992 999 
3 5 13 47 52 57 74 79 111 113 114 121 123 125 139 160 168 175 181 185 189 190 212 230 231 241 242 245 248 250 253 290 294 297 314 320 327 356 383 388 395 399 404 421 427 431 433 450 452 454 485 486 496 499 505 519 520 531 543 553 569 577 579 584 587 608 610 625 626 635 637 639 642 653 660 665 666 692 693 703 719 732 736 757 759 764 775 790 793 801 807 815 819 830 832 855 863 874 881 884 891 910 916 956 974 984 998 
10 12 17 31 56 68 77 80 81 86 108 183 202 203 228 233 236 246 267 275 277 286 292 299 301 317 322 326 334 342 348 371 380 389 411 414 437 445 446 447 457 489 491 495 497 512 541 547 565 585 609 628 652 659 662 670 671 679 700 701 709 711 722 725 730 735 752 767 779 781 783 792 805 806 809 828 846 857 871 877 880 913 935 936 962 976 982 986 991 
7 24 37 44 54 85 87 91 92 110 112 115 117 135 138 162 187 188 191 199 200 206 209 211 270 271 345 352 363 365 366 375 376 391 396 401 408 428 439 451 464 470 523 537 545 552 558 566 568 576 594 595 596 601 616 624 645 654 675 678 697 704 707 717 724 728 742 765 777 786 823 834 839 862 866 883 895 897 909 911 915 921 926 961 980 995 
20 25 26 33 43 55 61 62 63 72 84 107 128 134 141 195 221 226 295 296 308 328 338 353 364 368 373 381 386 387 422 432 444 458 459 471 473 482 490 492 493 500 513 524 564 581 582 586 590 599 611 629 632 636 638 664 680 686 720 721 726 733 738 749 772 778 798 826 845 856 882 904 906 917 929 940 944 952 960 970 972 987 996 997 
0 1 8 19 23 46 53 59 60 101 116 124 129 132 136 140 149 156 167 169 174 197 201 210 213 217 218 220 256 257 258 280 282 283 291 300 302 332 333 343 361 378 379 393 403 409 425 460 474 477 484 518 539 570 572 591 600 613 614 618 656 687 690 729 744 766 784 787 808 833 837 841 844 853 873 875 888 890 902 924 953 
11 21 22 32 34 35 36 39 41 48 64 71 90 100 106 118 137 153 163 166 184 237 238 247 251 254 278 279 281 315 321 323 325 360 384 390 407 412 415 416 420 424 448 462 466 535 542 544 598 620 630 634 672 684 706 718 739 741 751 754 769 774 802 813 822 824 836 854 925 937 975 
28 29 40 58 82 89 102 119 122 150 155 157 159 165 171 205 208 215 240 249 260 262 272 273 274 329 344 346 351 382 394 397 435 442 475 487 498 508 511 528 546 551 560 578 588 602 647 674 681 715 734 762 770 771 794 796 800 835 847 859 885 892 894 896 912 954 964 971 977 981 
2 18 27 42 65 94 133 186 192 194 214 232 244 261 266 287 309 316 339 340 354 357 370 430 476 481 514 515 521 533 540 548 554 623 668 676 683 688 696 705 708 714 727 743 753 761 763 785 789 816 825 840 843 848 850 876 898 901 905 919 923 932 933 939 969 983 985 994 
6 66 70 75 83 105 109 130 146 147 151 164 172 198 252 265 269 276 285 293 298 303 306 347 349 355 358 385 405 440 463 468 483 488 504 526 532 536 571 574 575 606 607 617 621 627 646 661 667 702 710 745 747 755 773 812 838 852 861 878 886 918 941 949 951 958 973 990 
15 16 45 50 76 127 131 144 152 161 193 223 227 263 264 313 335 336 419 423 455 467 469 472 479 507 517 556 563 567 580 604 615 641 643 648 650 677 723 737 756 776 791 811 889 893 908 914 931 934 942 955 959 
38 96 97 143 148 219 235 239 243 289 304 400 402 417 436 480 494 502 509 510 516 534 561 589 658 663 673 682 746 758 827 851 864 907 920 922 928 966 978 
49 51 67 93 95 104 196 224 225 305 311 330 350 410 426 506 530 557 562 605 633 655 669 699 712 817 818 820 829 860 887 967 979 
69 179 182 204 234 288 406 441 443 555 592 619 631 640 782 803 868 870 899 903 938 946 963 989 993 
88 98 99 222 229 259 341 372 418 453 522 573 583 651 657 760 797 810 869 
