0 7 23 59 85 87 110 112 117 138 162 187 191 192 199 200 201 206 209 257 333 343 363 376 391 396 401 403 428 434 451 460 474 523 539 558 566 576 591 594 595 596 613 614 616 618 645 687 704 717 742 765 766 833 837 839 844 866 883 888 895 897 909 921 961 980 
3 5 13 52 57 79 111 113 123 160 168 175 181 185 190 212 241 242 248 250 258 290 297 314 327 388 404 421 454 496 499 505 520 543 577 587 608 625 626 637 639 660 665 666 692 703 732 757 759 764 775 801 807 815 819 830 832 881 884 891 916 956 984 998 
25 26 33 61 72 128 129 134 141 221 226 295 296 308 328 353 368 386 387 432 459 471 490 492 493 500 524 564 581 586 590 599 629 632 638 680 720 738 772 798 826 856 882 906 917 929 940 944 987 996 997 
2 27 143 186 214 243 244 274 287 316 339 354 357 370 476 515 521 533 540 548 623 676 678 683 688 708 714 727 761 785 816 825 840 848 898 901 905 919 923 932 933 939 969 983 985 994 
40 44 89 115 118 150 157 159 205 208 215 240 249 255 262 273 346 375 382 394 435 442 475 487 511 551 560 588 647 674 681 697 715 734 800 835 847 862 885 892 894 912 971 977 981 
42 43 47 70 74 114 121 133 139 189 230 231 245 253 294 320 356 383 395 397 399 427 431 433 450 452 485 486 519 531 553 579 584 610 653 686 693 719 736 793 855 863 874 910 974 
32 34 35 36 48 64 100 106 137 153 163 166 169 184 237 247 251 278 279 282 315 325 390 407 420 448 462 466 484 544 620 630 672 739 741 751 754 769 774 802 813 836 937 975 
14 78 91 126 154 167 180 207 307 312 318 319 324 359 362 367 377 379 392 429 449 456 503 527 559 597 622 636 649 698 731 748 768 804 821 849 867 879 930 947 965 968 999 
6 66 75 105 109 130 145 164 172 285 293 298 303 347 355 358 402 405 417 468 488 526 532 574 607 617 621 627 658 667 745 755 773 838 861 886 918 941 951 973 990 
10 12 80 86 194 203 236 267 275 299 301 317 348 389 411 414 437 445 446 447 457 489 565 662 679 711 735 752 767 779 790 806 809 857 871 877 896 936 976 982 
38 62 96 97 125 148 216 219 235 239 289 304 400 415 436 480 494 502 509 510 516 534 561 589 663 673 682 746 758 827 864 907 920 922 928 966 978 988 
28 29 54 58 82 102 119 122 149 155 165 171 260 272 283 329 344 351 464 467 477 498 508 528 546 578 602 635 762 770 771 794 796 851 859 954 964 
4 30 31 73 108 120 142 158 170 176 177 246 268 292 331 337 371 374 398 413 461 465 529 549 550 612 652 695 780 795 799 814 872 957 
15 68 103 202 233 277 286 322 326 342 380 422 495 512 525 537 569 585 659 670 671 701 709 721 781 783 792 805 846 913 915 935 992 
49 51 67 93 95 104 196 224 225 305 311 330 350 410 426 506 530 557 562 605 633 655 669 699 712 817 818 820 829 860 887 967 979 
24 65 92 135 188 211 270 271 345 352 365 366 369 408 439 470 545 552 568 601 624 654 675 707 724 728 777 786 823 834 911 926 995 
16 37 76 77 127 161 223 227 263 264 419 423 455 479 517 567 580 628 641 643 648 650 730 737 756 893 908 931 942 955 
83 146 147 151 198 252 265 269 276 306 349 385 440 483 504 536 571 575 606 646 661 702 710 747 812 852 878 949 958 
1 46 116 132 136 140 156 197 217 218 256 300 302 378 393 409 425 463 572 600 690 744 808 841 873 875 890 953 
11 21 22 39 41 71 90 238 254 281 321 323 360 384 412 416 424 535 542 598 634 684 706 718 822 824 854 925 
9 173 178 284 310 478 501 538 593 603 644 685 689 691 694 713 716 740 788 842 858 865 900 927 943 945 948 950 
20 55 63 84 94 195 338 364 373 381 444 458 473 482 513 582 611 664 733 749 778 845 904 952 970 972 
69 179 182 204 234 288 406 441 443 555 592 619 631 640 782 803 831 868 870 899 903 938 946 963 989 993 
45 50 131 144 152 193 313 335 336 469 472 507 556 563 604 615 677 723 776 791 811 889 914 934 959 
17 53 56 81 107 183 228 334 438 491 497 541 547 609 700 722 725 726 828 880 960 962 986 991 
8 19 60 101 124 174 210 213 220 280 291 332 361 518 570 656 729 784 787 853 902 924 
18 232 261 266 309 340 430 481 514 554 668 696 705 743 750 753 763 789 843 850 876 
88 98 99 222 229 259 341 372 418 453 522 573 583 642 651 657 760 797 810 869 
