2 5 7 14 15 30 39 49 69 73 82 84 92 96 106 111 118 122 128 135 139 161 163 182 183 185 190 197 218 220 234 242 251 252 259 265 269 277 280 281 282 287 302 315 317 319 340 357 362 372 386 409 422 427 428 432 449 465 466 470 474 475 518 528 529 537 545 547 548 555 576 586 616 624 630 649 668 682 686 687 711 714 722 723 725 728 731 740 756 758 763 796 799 801 802 806 812 818 828 830 844 848 850 879 902 903 911 914 915 951 976 981 
0 10 27 28 33 34 35 36 41 42 43 64 70 90 100 108 109 115 138 157 165 168 171 178 187 189 206 208 213 216 219 225 227 261 271 285 309 334 339 342 343 367 384 389 390 398 404 415 426 440 451 455 461 473 478 485 505 516 517 522 525 539 556 567 587 607 608 615 622 627 642 645 677 681 699 707 737 738 739 741 743 750 752 753 782 790 803 811 817 820 824 839 846 875 890 891 896 912 936 939 952 996 997 
25 32 56 79 83 86 114 119 141 151 164 169 195 198 200 212 226 228 232 236 237 247 272 289 295 308 314 322 329 348 350 358 366 371 376 391 411 414 438 443 454 482 497 504 510 526 542 546 550 558 561 575 588 589 591 592 598 621 625 633 640 643 648 650 652 660 671 694 700 708 715 724 751 760 764 765 770 773 774 778 809 826 827 851 870 892 898 900 905 916 920 926 930 956 962 963 964 972 991 
3 6 9 11 12 17 20 44 61 74 94 113 116 131 143 144 147 162 173 191 193 210 211 215 238 246 250 270 274 278 283 293 294 303 321 331 332 354 373 387 392 397 399 423 435 477 481 489 491 502 511 523 524 554 565 569 571 582 599 606 617 635 653 688 689 696 718 732 748 762 766 767 777 791 816 855 863 877 881 929 932 935 946 950 966 978 990 993 999 
4 21 22 23 40 47 50 51 57 65 77 87 91 98 99 102 112 121 129 153 166 174 214 223 258 267 296 299 312 337 351 353 355 369 385 400 405 406 412 434 445 463 507 515 535 566 574 584 594 611 661 676 692 697 727 744 769 779 789 798 807 808 825 852 872 895 919 931 942 959 960 967 970 980 985 
19 55 68 72 117 125 130 152 160 179 203 222 235 244 264 279 292 335 344 352 360 393 396 403 407 421 437 439 441 442 462 468 479 496 501 503 570 595 610 619 632 646 657 658 659 674 735 742 746 755 783 785 787 793 794 805 831 837 856 865 873 876 878 908 927 941 953 957 958 971 975 989 
18 29 45 54 58 59 85 101 110 134 142 156 159 172 176 180 194 204 207 231 233 241 245 248 254 263 284 313 326 356 370 379 486 509 514 564 568 585 593 628 637 639 655 662 667 675 680 710 757 761 776 780 781 786 792 813 834 842 882 887 889 921 922 938 948 974 979 982 984 995 
24 37 48 62 63 76 78 80 105 177 192 205 243 266 273 288 290 291 301 305 318 328 341 349 381 395 402 429 433 444 448 450 495 512 536 552 562 572 596 600 605 612 614 623 641 663 669 678 698 702 712 719 775 821 829 832 860 862 885 888 901 909 965 968 
95 97 103 137 145 158 167 184 188 230 257 262 268 298 300 307 333 345 363 416 419 425 431 436 446 467 469 488 492 498 500 506 527 533 551 629 638 665 693 736 754 768 771 772 784 841 854 857 864 867 883 897 899 910 928 944 945 954 955 983 988 992 
8 71 88 123 127 146 150 154 201 202 239 249 256 260 304 330 361 374 375 382 383 408 418 420 447 458 460 476 499 521 532 538 540 603 613 620 631 651 654 672 683 695 701 709 713 721 733 800 815 823 859 874 904 906 917 934 940 961 973 994 
1 38 52 53 60 66 120 126 136 155 181 199 221 224 311 325 336 359 368 380 430 459 483 490 493 519 530 549 563 579 583 609 618 636 647 656 673 704 726 730 745 822 868 884 893 913 947 
13 16 46 75 124 148 170 229 240 255 306 310 316 323 347 378 388 410 417 424 480 484 543 553 559 573 590 597 604 666 685 729 734 797 836 838 871 886 894 987 
89 104 107 186 217 276 324 338 346 453 472 513 520 544 664 670 684 690 691 720 759 795 810 814 819 845 861 925 943 969 977 
132 140 149 253 320 364 365 452 464 487 494 508 541 560 578 581 717 747 788 804 840 847 869 880 907 918 937 986 998 
26 31 67 81 133 196 275 297 327 394 456 457 531 577 580 634 679 703 705 706 833 849 858 923 924 
93 175 209 286 377 401 413 471 534 557 601 602 626 644 716 749 835 843 853 866 933 949 
