3 8 12 27 55 58 60 63 69 71 77 97 119 121 145 157 166 169 180 182 203 212 217 277 285 300 327 338 341 352 356 394 415 432 439 453 467 483 495 497 499 508 536 558 573 584 606 612 622 639 642 646 659 670 677 703 713 714 728 745 756 772 779 784 786 793 801 803 807 813 859 875 885 897 941 980 996 
6 22 28 43 50 93 94 95 105 164 170 175 179 189 199 209 219 224 232 250 252 268 287 311 317 319 365 387 388 399 403 417 437 438 441 478 480 492 493 498 501 526 530 532 557 572 576 579 600 616 619 640 648 661 692 694 699 704 722 726 750 789 806 820 826 828 830 855 877 890 903 951 993 
26 45 47 48 62 65 66 72 81 102 109 114 115 122 126 130 131 143 151 153 154 198 249 255 261 276 294 323 362 373 393 397 422 431 440 455 459 468 475 485 487 502 511 512 516 542 559 575 609 620 621 669 672 673 685 715 732 758 768 794 795 811 822 833 841 888 896 907 919 936 944 949 
16 18 30 74 82 98 120 123 141 152 159 171 192 195 231 243 265 280 305 308 312 353 370 423 424 449 456 469 491 510 514 525 540 545 552 567 581 586 596 615 617 651 664 698 712 719 737 749 773 774 776 787 837 839 845 872 910 917 918 920 927 930 948 966 969 979 985 991 999 
5 7 13 21 23 86 92 116 132 134 142 144 161 167 177 186 202 215 229 241 318 321 348 349 385 396 402 406 408 409 421 434 436 550 551 563 566 577 583 585 628 647 654 675 682 684 711 717 729 734 738 747 761 767 800 816 821 867 911 928 935 942 964 971 982 983 998 
1 15 19 46 64 83 117 127 146 173 200 207 210 226 245 246 275 279 283 290 310 332 342 344 358 366 368 376 429 433 464 476 486 521 544 548 569 574 597 610 627 689 697 735 742 755 769 770 781 785 798 804 836 879 886 894 904 914 955 959 967 970 984 987 992 
9 32 38 40 52 53 99 106 108 136 147 160 174 178 196 205 230 234 235 251 266 293 307 320 333 339 350 369 371 372 381 389 390 392 473 479 506 519 522 543 554 565 588 589 590 593 603 618 641 663 687 759 818 865 874 878 883 892 895 898 912 940 975 977 
0 24 25 31 39 101 148 149 168 193 194 214 216 237 239 244 259 272 299 315 329 331 383 404 416 418 447 457 465 466 474 482 488 505 591 594 614 623 624 637 674 691 696 727 739 740 743 778 792 802 810 817 829 835 838 871 924 938 957 961 963 
36 37 90 104 172 181 184 228 233 262 267 284 286 288 303 326 330 343 345 400 405 407 430 450 463 481 489 515 528 539 546 549 553 556 560 595 643 645 656 657 666 671 679 680 683 721 731 733 752 766 771 861 900 932 954 958 962 989 
4 20 57 67 70 87 100 183 190 204 218 222 225 227 254 256 257 263 298 301 324 334 361 391 461 462 490 494 496 520 524 534 592 598 625 630 633 681 700 723 763 796 815 827 832 847 863 884 921 923 934 946 950 956 960 973 986 
2 76 110 111 138 139 188 201 206 242 248 253 270 274 281 291 292 297 328 337 360 363 364 378 379 435 445 446 454 460 523 570 580 604 607 649 668 741 753 754 762 777 848 849 857 873 891 901 937 965 978 995 997 
17 75 112 118 125 264 271 273 278 302 322 335 443 507 518 541 547 561 587 613 626 632 634 652 655 662 676 686 701 705 720 724 757 788 805 840 846 852 854 856 866 868 908 929 945 947 968 990 
11 41 91 113 124 128 133 162 258 314 336 354 359 374 377 401 414 442 484 500 504 509 517 535 537 538 608 635 725 746 765 782 790 797 808 850 858 893 899 913 925 931 939 952 953 
29 56 73 79 197 211 221 240 247 260 269 304 313 340 346 398 410 412 444 451 458 527 529 555 562 653 667 706 710 748 775 814 819 825 831 870 905 906 926 933 976 
10 35 42 96 107 129 158 165 208 220 295 309 347 357 382 386 411 420 425 448 503 513 601 611 629 644 718 744 760 780 791 809 812 823 844 882 889 902 916 
14 33 44 49 61 68 78 85 135 137 155 156 185 187 191 289 296 316 395 426 471 472 578 582 636 678 730 751 783 843 851 876 880 881 887 943 981 988 
34 51 59 80 89 150 238 282 367 380 384 419 427 568 571 599 602 605 631 665 688 690 709 764 799 824 842 853 972 
88 103 140 176 236 306 355 375 413 428 452 477 531 533 638 658 660 695 707 708 716 834 860 864 869 915 974 994 
54 84 163 213 223 325 351 470 564 650 693 702 736 862 909 922 
