48 57 132 179 185 209 244 323 324 330 364 452 461 554 558 565 584 591 631 693 724 738 870 914 967 977 995 
84 137 170 171 176 198 232 318 341 355 363 381 383 445 451 471 498 499 509 545 561 597 628 629 633 656 763 773 807 859 889 902 956 
27 29 89 117 161 207 212 245 348 365 378 406 409 421 473 481 526 583 665 735 739 753 793 819 862 869 871 888 939 949 
24 35 41 47 88 126 166 258 261 283 303 314 316 326 329 352 366 412 428 433 470 485 494 500 611 614 654 684 702 707 741 745 758 761 787 835 880 883 886 917 
39 115 135 206 233 237 266 279 311 334 338 339 342 357 359 390 416 417 444 465 469 551 661 663 674 683 688 694 715 731 754 778 817 833 905 959 988 
4 17 56 210 220 247 255 284 345 424 430 556 618 660 697 714 752 780 784 876 896 924 958 984 
14 20 26 33 60 147 164 191 192 193 211 301 346 483 506 532 547 610 627 636 666 669 685 740 771 774 802 810 818 885 927 
1 11 28 91 104 140 177 180 213 270 340 370 371 403 404 458 479 504 518 537 559 577 677 716 734 736 743 825 831 847 851 873 884 893 913 938 966 992 994 998 999 
40 61 103 114 222 259 272 285 294 368 375 382 402 408 513 528 533 546 580 598 646 673 717 806 809 821 823 830 874 922 982 
38 45 231 260 289 292 297 305 319 441 517 549 590 603 615 645 649 678 699 721 729 750 783 815 845 850 856 857 900 935 950 951 971 
3 32 110 151 227 241 267 389 394 635 671 725 727 756 777 837 853 929 
5 8 49 50 99 130 224 257 288 353 407 459 501 507 539 587 600 604 626 670 747 786 895 965 
43 51 58 102 141 235 286 333 344 397 426 427 431 432 435 466 472 487 488 525 527 560 607 609 658 701 712 751 860 861 978 979 980 997 
2 10 22 52 64 68 95 101 145 173 204 214 240 254 328 358 360 398 420 505 523 535 557 574 595 599 613 622 630 644 668 760 795 816 826 921 926 954 960 
23 59 159 162 168 172 202 223 274 422 436 475 478 552 568 620 624 648 726 770 775 808 813 855 892 899 
0 37 63 65 66 83 85 109 111 121 150 153 197 242 312 332 362 380 384 401 443 476 563 573 676 710 748 766 779 801 836 865 872 944 945 972 
13 42 67 98 143 154 181 186 195 277 299 372 454 542 575 582 659 680 686 696 703 742 838 877 881 973 986 990 
31 54 72 86 108 307 310 395 411 530 572 606 617 650 651 662 704 705 733 800 840 849 936 970 
18 96 118 144 158 182 221 296 369 374 456 564 672 698 708 757 762 798 820 829 839 866 904 919 947 952 996 
152 155 160 187 190 208 367 393 429 480 492 512 569 586 592 655 675 691 744 764 772 858 906 933 968 
123 287 290 391 399 442 450 453 562 589 593 623 679 755 782 812 824 844 864 903 932 
53 92 113 124 228 239 308 320 325 354 379 386 387 392 415 419 457 486 522 616 791 792 811 868 912 940 957 
62 69 73 87 131 157 167 205 229 280 315 493 495 534 567 578 647 695 709 728 746 765 789 827 878 931 976 
55 122 184 201 218 238 246 385 438 439 446 502 503 508 540 608 667 718 719 805 832 848 894 963 991 
74 138 149 219 230 252 268 271 291 295 304 313 337 388 437 463 566 588 652 690 759 785 910 918 
6 36 44 71 79 106 107 116 183 234 248 273 282 317 321 425 447 455 477 510 520 521 653 700 720 790 797 828 842 897 923 934 955 
16 30 34 142 165 253 264 309 335 347 349 496 497 548 579 605 621 638 642 643 723 796 863 908 928 943 962 
70 78 82 105 125 136 139 196 251 262 298 302 327 350 373 377 396 418 460 468 474 529 625 634 637 706 854 985 987 
19 81 93 94 120 169 178 199 216 293 322 356 405 423 543 555 571 664 682 822 841 846 901 930 969 993 
12 25 77 148 194 250 276 490 531 541 553 601 722 767 768 803 804 814 852 890 909 961 975 983 
46 80 128 175 189 226 275 343 351 361 434 449 467 489 550 596 612 641 657 730 732 769 788 794 867 937 941 964 
15 129 134 200 203 236 243 269 300 306 331 482 519 538 581 619 639 711 713 875 911 942 989 
9 112 119 127 156 188 215 217 225 265 462 464 484 514 516 536 570 594 681 749 882 898 915 920 925 946 981 
7 21 97 146 281 400 413 491 511 576 602 632 687 689 692 776 843 879 948 974 
75 76 90 100 133 163 174 249 256 263 278 336 376 410 414 440 448 515 524 544 585 640 737 781 799 834 887 891 907 916 953 
