1 3 15 48 69 83 106 114 142 166 170 194 215 275 276 287 297 323 328 333 346 363 375 381 418 443 450 527 557 572 634 656 700 718 751 806 812 829 943 945 957 
4 54 61 111 148 151 171 201 223 279 325 334 414 439 484 532 534 599 630 642 676 690 705 713 730 746 774 778 941 949 962 
44 176 202 203 218 230 260 324 338 536 541 551 570 589 631 688 754 762 788 832 929 974 998 
20 74 78 89 110 153 168 199 224 250 282 308 322 351 378 403 417 427 446 453 465 483 546 550 571 618 624 658 684 685 724 776 816 828 862 900 902 938 954 975 
10 39 64 75 158 180 207 232 235 264 266 329 371 428 429 476 502 533 603 632 689 747 775 786 800 808 818 825 840 879 887 896 903 905 935 958 987 
11 49 77 86 123 162 165 167 221 251 257 303 358 359 366 405 458 500 562 581 666 682 704 723 726 758 819 823 847 858 875 886 888 901 910 918 919 986 
32 100 149 185 216 236 309 316 355 390 400 410 423 504 538 594 620 660 679 702 720 777 893 895 899 931 952 980 982 
25 85 128 191 198 231 294 318 362 398 420 479 512 522 621 654 699 701 759 824 830 845 909 
35 47 53 65 87 116 129 152 159 214 239 249 267 273 293 305 320 332 336 413 422 438 447 495 568 590 622 641 653 693 737 742 748 848 877 924 968 971 993 
6 21 41 133 140 150 179 212 237 254 283 342 343 361 372 395 425 449 468 469 472 486 497 506 515 529 567 600 628 636 793 833 880 894 912 947 966 996 
12 34 68 122 138 145 161 163 183 206 265 321 335 507 575 583 613 657 677 715 731 763 789 809 821 827 855 917 928 933 940 
7 31 101 109 113 115 121 270 272 304 354 380 435 444 455 544 625 647 712 722 729 769 820 872 874 927 970 991 995 
30 80 117 200 255 295 377 404 442 460 466 499 552 598 607 637 736 744 854 859 948 
16 18 28 46 55 66 173 193 238 243 259 300 307 384 392 501 520 530 553 556 559 573 585 646 739 750 761 771 815 852 904 934 944 956 
5 24 26 45 50 93 97 126 127 188 225 248 253 262 278 291 337 394 426 467 482 577 611 615 616 635 639 643 716 741 799 850 890 922 930 942 967 988 
13 17 27 92 99 184 189 205 208 263 290 341 350 391 396 412 434 445 492 510 531 561 580 597 665 681 695 756 757 764 773 787 802 835 884 916 961 989 
37 70 88 103 107 112 131 136 147 242 339 344 348 352 376 385 424 436 470 481 543 555 576 596 627 649 668 670 719 735 743 772 796 797 863 864 868 873 932 937 992 
14 36 118 124 178 186 213 220 247 370 387 406 415 459 513 582 602 661 740 753 780 843 939 
8 33 62 154 169 244 246 271 274 296 299 317 347 409 441 452 464 496 508 517 542 547 558 574 586 608 609 645 662 697 706 745 834 851 892 926 972 977 
0 40 63 90 96 105 143 156 211 261 268 288 330 367 369 383 397 448 471 477 478 494 524 537 592 606 626 644 674 675 683 686 687 738 755 784 846 870 964 981 994 
67 82 137 209 227 286 306 331 389 416 491 535 539 601 604 612 629 669 691 733 760 804 839 882 
43 76 95 98 102 174 252 292 364 399 407 431 514 548 593 623 640 650 680 692 714 728 869 950 953 985 
22 23 51 71 104 125 134 155 172 175 204 241 258 310 373 540 587 614 672 710 792 795 831 
72 119 144 157 181 192 285 312 313 319 374 451 525 696 711 752 765 783 814 837 838 857 897 920 
2 9 42 60 120 195 210 228 229 233 284 302 311 326 345 349 386 421 430 475 487 488 518 554 566 588 633 648 698 703 709 768 813 826 836 841 885 891 915 976 984 990 999 
38 52 73 130 135 196 197 219 280 281 379 388 401 402 419 433 440 461 462 480 489 516 549 564 584 619 638 663 673 766 770 807 810 811 853 867 955 960 983 
29 59 91 139 182 226 245 256 269 340 456 498 503 521 528 591 595 782 785 791 803 842 856 876 889 898 907 925 
57 58 79 84 108 177 217 240 411 473 474 509 519 563 569 579 659 664 794 798 801 860 871 881 906 911 914 923 946 959 963 969 
19 81 132 141 146 160 164 190 234 298 315 327 353 357 368 393 490 505 511 526 560 578 617 651 655 671 678 707 725 767 817 861 883 936 951 965 973 979 997 
94 187 289 301 314 360 365 382 432 457 485 493 717 734 779 790 805 822 844 913 
56 222 277 356 408 437 454 463 523 545 565 605 610 652 667 694 708 721 727 732 749 781 849 865 866 878 908 921 978 
