55 100 222 277 297 358 408 437 454 463 500 523 562 565 604 605 610 616 620 652 667 694 708 721 727 732 749 780 781 849 865 866 868 878 908 921 978 
17 27 57 58 79 84 92 108 136 150 177 200 217 240 411 441 473 474 509 519 563 569 579 659 664 798 801 860 871 881 906 911 914 923 946 959 963 969 
3 8 15 34 48 69 83 106 114 123 142 166 194 215 250 275 276 287 323 346 363 418 450 464 499 501 545 557 572 634 656 700 718 751 806 829 943 945 957 
149 169 185 216 236 299 309 316 355 367 400 410 504 517 538 660 702 706 720 745 777 812 893 895 899 931 952 982 
0 40 63 90 99 105 143 156 187 211 241 261 268 271 330 353 369 397 448 471 477 478 494 524 537 540 586 592 606 626 644 668 674 675 686 687 738 755 773 784 846 870 964 981 994 
7 25 31 101 109 113 115 121 263 270 272 321 354 380 435 444 455 512 544 621 625 647 712 722 729 759 764 769 820 872 874 927 970 991 995 
11 49 77 86 162 165 167 183 221 251 257 273 303 322 359 405 458 581 666 682 704 723 726 758 819 823 847 858 875 886 888 901 910 918 919 986 
20 74 78 89 110 153 168 199 224 282 308 378 403 417 427 446 453 465 483 546 550 571 618 624 658 684 685 724 750 776 816 828 862 867 900 902 938 954 975 
94 289 301 314 360 365 382 432 457 485 493 717 734 779 790 805 822 844 913 
4 28 33 54 61 62 111 148 151 154 171 184 197 201 223 244 246 279 296 317 318 325 334 341 347 356 375 414 439 445 452 470 484 496 508 532 534 547 558 599 608 609 614 630 642 662 676 697 705 730 746 774 778 834 851 884 892 916 926 941 949 962 972 977 
67 82 137 209 227 286 306 412 416 428 491 535 539 601 612 629 669 691 695 733 760 804 839 882 
1 19 71 81 141 146 160 164 190 208 298 315 327 362 393 479 505 511 526 560 561 574 578 580 617 651 655 671 678 707 725 767 817 841 861 883 936 951 965 973 979 997 
10 75 132 158 180 232 264 266 288 329 429 603 632 689 747 786 800 825 840 887 896 903 905 935 958 987 
38 39 52 73 135 219 280 281 333 379 388 391 401 402 419 433 440 461 462 466 480 489 510 516 518 549 564 584 598 619 638 663 736 766 770 807 810 811 853 955 960 983 
13 44 85 191 202 203 218 230 260 324 338 536 541 551 589 631 654 688 754 762 788 830 832 845 909 929 974 998 
2 14 36 64 118 124 130 178 186 213 235 311 368 370 376 390 396 406 409 415 420 423 490 513 531 533 542 582 594 602 661 679 740 753 757 802 836 843 939 
18 35 47 53 56 65 87 116 128 129 152 159 198 214 239 249 293 305 320 332 336 345 413 422 447 449 495 568 622 641 653 693 699 737 742 748 763 848 877 879 924 968 971 993 
22 23 51 104 125 134 155 172 175 204 258 310 373 587 672 710 792 795 831 
5 24 26 32 45 50 93 126 127 188 189 225 248 253 262 278 291 337 349 351 394 426 443 467 482 522 577 611 615 635 639 643 716 741 799 850 890 922 930 942 967 988 
12 60 68 122 138 145 161 206 220 265 335 389 507 575 583 613 657 677 715 731 789 809 821 827 855 917 928 933 940 
9 97 120 195 196 205 210 228 229 231 233 247 284 294 302 304 326 381 386 421 430 438 459 475 487 502 554 566 570 588 590 633 648 673 698 703 709 768 813 818 826 885 891 915 976 984 990 
72 119 144 157 181 192 285 312 313 319 374 451 525 696 711 752 765 783 814 837 838 857 897 920 
29 59 91 139 182 226 242 245 256 269 274 331 340 456 498 503 521 528 591 595 645 683 756 782 785 791 803 824 842 856 876 889 898 907 925 989 
43 76 95 98 102 174 252 292 364 399 407 431 514 548 593 623 640 650 680 692 714 728 869 950 953 985 
16 66 96 107 173 193 238 243 259 300 307 392 520 530 553 556 559 573 585 646 739 761 771 815 852 904 934 944 956 
30 46 80 117 176 207 234 255 295 357 371 377 384 387 404 434 442 460 476 492 527 552 607 637 665 701 744 775 787 794 808 854 859 948 961 
37 70 88 103 112 131 147 339 344 348 352 366 383 385 398 424 436 481 543 555 576 596 597 627 649 670 681 690 713 719 735 743 772 796 797 835 863 864 873 932 937 992 
6 21 41 42 133 140 163 170 179 212 237 254 267 283 290 328 342 343 350 361 372 395 425 468 469 472 486 488 497 506 515 529 567 600 628 636 793 833 880 894 912 947 966 980 996 999 
