0 4 19 31 39 41 86 91 124 128 149 168 186 193 226 237 241 258 259 272 299 314 329 354 359 404 418 442 447 456 465 466 484 488 500 505 509 517 530 535 538 594 608 623 654 674 675 682 688 691 696 728 740 767 778 797 802 838 858 899 913 925 928 939 957 964 
37 104 170 172 175 181 189 220 228 233 267 303 326 402 405 408 430 434 438 450 463 467 489 515 528 532 539 546 549 550 556 578 595 602 643 645 656 666 671 679 683 721 727 731 745 857 863 882 900 932 942 958 998 
33 76 111 188 206 242 248 253 274 291 292 328 360 363 364 378 379 435 445 454 460 523 570 604 607 649 668 678 741 754 762 777 848 849 873 891 901 937 965 978 995 
1 5 21 116 167 249 348 349 385 406 421 436 551 563 567 577 628 672 747 761 867 935 983 
8 15 22 54 96 105 110 137 194 200 207 223 239 275 277 279 283 287 307 332 335 337 344 358 366 368 376 389 401 414 433 443 470 476 501 541 547 548 561 564 569 574 580 591 597 610 613 619 627 640 655 662 686 689 692 701 724 735 750 755 770 788 817 830 841 852 856 866 868 886 892 894 914 929 955 968 981 987 992 993 
48 81 122 131 261 323 393 431 512 559 575 609 673 685 715 732 758 795 811 949 
7 46 64 83 113 127 143 146 173 210 245 246 252 290 310 317 318 319 342 429 455 464 486 498 521 526 542 544 665 697 742 768 769 781 785 798 804 836 877 879 904 944 959 967 970 984 997 
24 25 101 148 216 331 372 416 425 457 482 614 618 624 637 739 792 810 829 835 924 938 
63 117 118 123 152 159 195 268 280 305 308 353 370 423 424 449 472 510 514 525 552 585 596 600 615 617 651 664 698 712 719 737 749 776 787 837 839 845 872 910 918 920 927 966 969 979 985 991 999 
2 88 103 119 140 163 176 236 306 355 374 375 383 413 428 452 477 531 533 537 572 638 658 660 695 707 708 716 743 784 834 860 864 869 871 887 915 974 994 
20 67 70 138 183 190 218 225 257 263 301 324 334 446 461 494 516 524 625 738 827 847 923 946 950 956 973 986 
57 87 100 144 204 222 230 256 298 361 381 391 462 490 493 496 520 592 598 630 633 700 723 763 796 815 884 921 934 960 
17 26 29 75 84 112 132 264 273 278 302 507 518 534 587 626 632 634 652 676 705 720 757 773 800 805 840 846 854 908 945 947 990 
3 27 38 58 77 145 157 166 169 182 212 217 338 341 356 432 479 497 573 584 659 670 703 772 793 807 859 885 897 980 996 
55 97 135 285 327 415 495 499 536 612 646 714 803 875 941 
18 35 42 43 71 107 125 129 141 158 165 192 271 295 309 347 357 367 382 386 411 420 437 448 480 503 513 601 611 629 644 648 687 718 744 760 780 791 809 812 821 823 844 889 902 916 948 
56 62 73 79 115 139 197 211 221 240 247 260 269 294 304 313 340 346 365 412 439 444 451 458 527 529 555 562 653 667 706 709 710 748 775 819 825 833 870 905 906 926 933 976 
6 28 94 199 399 890 
44 49 61 68 78 85 155 185 187 191 289 316 395 426 471 582 636 730 751 783 843 851 876 880 881 943 988 
441 661 699 806 855 
13 98 203 213 214 229 244 266 297 315 325 351 396 398 558 642 650 693 702 736 753 756 779 814 831 862 909 922 963 
34 51 59 80 89 150 282 380 419 427 568 571 599 605 631 690 764 799 824 842 853 972 
9 32 52 99 106 136 160 205 234 293 339 350 369 371 392 506 519 593 603 663 818 865 874 878 883 977 
16 30 74 82 171 231 238 243 265 312 469 491 545 581 586 774 917 930 
10 23 50 93 95 134 161 164 178 179 202 209 219 224 232 250 311 322 387 388 403 417 478 492 540 557 576 579 616 694 704 722 726 789 820 826 828 951 
11 60 120 133 162 227 270 281 336 377 384 474 504 511 635 725 729 746 765 782 790 808 850 893 931 952 953 
12 69 121 180 300 352 394 453 483 508 606 622 677 713 786 801 813 
53 92 142 177 321 409 566 583 647 684 711 717 734 816 911 971 982 
14 45 47 65 72 114 130 255 276 362 373 397 422 440 459 468 485 620 621 669 888 896 919 936 
36 90 156 184 201 208 215 254 262 284 286 288 296 330 343 345 400 407 410 481 553 560 639 657 680 681 733 752 766 771 832 861 903 954 961 962 989 
40 108 147 174 196 235 251 320 333 390 473 522 543 554 565 588 589 590 641 759 895 898 912 940 975 
66 102 126 151 153 198 475 487 502 794 822 907 
109 154 
