0 52 66 112 140 141 153 160 167 168 196 197 212 227 244 254 262 273 279 283 286 294 323 326 336 363 369 395 431 447 484 497 499 522 541 544 550 557 558 585 586 601 632 633 635 650 671 673 702 708 711 742 771 775 783 787 800 810 826 850 869 878 890 904 906 910 932 950 968 971 990 
11 49 68 81 146 171 175 210 231 237 241 250 259 311 329 337 344 349 358 388 461 506 510 619 634 649 694 747 769 774 799 813 816 835 842 856 924 933 946 947 951 
91 121 151 182 192 223 272 345 408 439 458 477 487 496 525 551 577 609 669 697 704 846 881 927 948 
4 6 17 30 34 35 56 73 90 93 109 116 133 163 188 191 193 201 220 222 246 247 248 263 270 282 289 295 297 328 350 361 366 378 398 410 411 422 440 444 463 485 495 512 514 518 523 524 538 552 566 583 589 591 592 597 602 604 617 620 638 653 658 665 667 680 683 684 689 692 693 706 713 715 718 734 750 753 762 776 779 790 797 823 828 847 854 861 871 873 884 885 894 895 925 952 955 956 957 965 973 975 982 998 
1 14 21 39 42 46 48 57 59 62 74 105 114 119 120 123 132 135 142 169 172 177 183 195 198 204 208 213 216 221 225 226 232 236 243 274 284 293 296 309 316 321 339 359 362 373 396 405 414 423 426 428 434 446 451 453 456 462 470 471 493 521 545 572 573 579 580 581 582 588 590 594 599 603 606 611 622 636 637 639 640 645 659 661 664 666 685 688 700 709 712 720 729 730 751 758 773 788 806 817 821 824 837 851 853 857 859 872 876 891 908 918 922 930 935 964 966 976 978 986 995 997 
2 12 15 23 25 101 124 127 179 261 287 291 298 314 315 379 391 420 436 450 502 505 549 556 559 595 641 678 681 796 839 905 941 962 963 985 989 
27 87 200 207 242 299 346 417 448 473 513 517 663 723 760 801 844 920 
9 53 65 139 159 162 178 199 268 280 376 389 402 526 627 743 757 862 875 899 900 909 959 977 
3 54 102 154 185 320 406 509 562 732 819 825 833 836 907 
26 32 45 97 98 122 158 184 252 253 290 302 313 338 371 390 400 425 480 482 494 542 561 608 625 651 691 727 745 746 748 752 770 781 860 926 953 
8 16 64 100 104 108 137 181 189 217 305 348 357 370 394 397 429 442 500 508 519 530 574 643 648 654 701 717 721 767 782 789 818 832 840 863 898 913 993 
38 71 76 78 110 125 148 312 401 427 459 468 598 668 677 690 716 733 791 809 838 858 865 868 870 897 969 981 
5 18 29 55 58 75 150 190 203 234 266 281 288 292 367 393 421 475 492 520 547 584 710 725 765 772 936 944 960 961 
22 50 107 170 209 245 307 399 528 529 555 569 571 607 672 674 695 737 764 912 937 954 983 
20 31 37 83 84 218 260 386 424 467 469 476 507 533 593 626 703 719 731 792 852 883 921 984 
10 41 95 118 130 161 180 235 256 265 327 333 354 407 432 460 489 560 567 612 616 624 679 735 744 795 827 849 901 942 945 
51 77 144 145 147 155 157 164 165 230 275 277 285 300 303 318 325 340 356 375 385 392 409 416 438 441 443 445 457 464 472 479 498 501 539 548 563 596 613 614 615 630 644 647 652 670 676 699 707 755 759 766 784 793 805 815 855 866 879 889 902 917 928 949 958 974 980 994 996 
40 79 94 111 239 306 341 343 403 449 515 687 698 811 814 864 887 916 938 
7 13 43 72 85 86 115 128 205 257 264 269 352 384 418 430 454 490 491 537 553 568 618 642 726 761 802 807 829 830 893 934 
19 28 33 61 67 80 99 103 117 194 214 238 240 278 310 331 351 355 360 364 365 372 415 474 488 504 527 536 578 587 631 655 714 722 739 740 756 778 820 841 874 919 923 967 970 972 979 991 999 
36 63 70 136 143 152 229 301 377 465 466 481 483 511 531 570 600 646 686 736 749 768 777 786 794 804 812 822 831 867 877 886 903 914 915 939 988 
47 82 88 106 131 149 166 174 186 187 215 251 347 412 565 657 741 763 808 845 882 888 929 940 
113 126 129 138 233 249 308 319 335 342 433 486 534 540 605 610 621 656 660 682 728 785 896 
44 89 173 202 206 267 271 322 353 374 437 455 535 543 546 623 662 705 780 843 848 911 
24 69 176 255 258 276 324 330 332 334 368 380 381 383 387 413 452 478 503 564 575 576 628 629 675 724 738 798 880 892 931 943 987 992 
60 92 96 134 156 211 219 224 228 304 317 382 404 419 435 516 532 554 696 754 803 834 
