0 6 7 21 23 36 37 39 44 59 63 65 66 71 79 83 85 88 106 107 109 111 116 121 130 147 150 153 159 162 164 168 172 176 183 187 197 202 223 226 231 234 242 248 262 273 274 282 289 305 312 317 321 332 337 362 380 381 384 401 412 413 418 425 433 436 441 443 444 447 451 455 475 476 477 478 481 483 496 503 510 520 521 552 563 568 573 576 602 620 624 633 637 648 653 654 663 676 685 689 692 700 702 710 715 718 720 721 726 729 748 750 754 763 766 769 770 775 776 779 783 787 790 797 801 807 808 813 828 835 836 842 855 865 872 883 892 897 899 923 933 934 944 945 948 949 950 955 972 974 
2 4 10 11 14 41 43 47 48 51 57 58 82 92 97 101 102 115 132 135 137 141 146 170 179 184 185 209 228 235 240 244 254 281 303 323 324 330 333 336 338 344 352 357 359 360 364 366 371 397 398 400 427 431 432 435 452 457 461 466 472 487 488 491 511 515 525 527 535 554 557 558 559 565 574 584 591 605 607 609 611 631 632 642 658 674 687 693 701 712 716 724 738 745 751 761 843 847 860 861 870 879 905 914 921 940 967 977 978 979 980 995 997 
198 232 355 363 445 471 509 545 597 628 656 773 859 889 
35 166 258 283 314 316 326 329 428 470 485 494 500 614 684 707 741 758 880 886 917 
55 113 122 124 201 207 218 238 246 294 320 382 385 415 438 439 446 502 508 540 608 667 719 805 832 848 894 912 963 991 
1 28 76 90 95 104 177 180 213 233 270 271 339 340 370 403 404 458 479 504 518 537 577 616 677 734 736 743 778 825 831 851 873 884 893 913 938 966 992 994 998 999 
62 69 73 78 87 91 131 157 167 205 229 280 315 493 495 534 561 567 578 647 695 709 728 746 765 789 827 878 931 976 
12 25 77 148 194 250 276 490 531 541 553 722 767 768 803 804 814 852 890 909 961 975 983 
17 22 56 210 220 247 255 284 345 406 422 424 430 440 448 556 599 618 622 644 660 697 714 735 739 752 780 784 795 826 876 896 911 924 954 958 984 
75 100 133 249 256 278 376 414 524 544 585 640 737 781 799 834 887 891 907 916 953 
38 45 260 292 297 319 517 549 590 603 615 645 678 699 815 845 850 856 857 900 935 951 971 
68 145 214 328 358 420 426 505 523 630 668 760 816 926 960 
3 32 110 151 227 241 267 389 394 635 671 725 727 756 777 837 853 929 
206 342 551 683 817 833 959 
20 192 211 532 547 610 636 740 771 774 818 885 
155 160 190 208 367 393 429 480 492 512 569 586 675 691 744 764 772 858 906 968 
5 8 24 49 50 84 99 126 152 224 257 288 353 365 383 407 421 459 501 507 539 583 587 595 600 604 626 655 670 747 786 888 895 939 965 
30 34 142 165 173 253 264 309 335 347 497 548 579 621 638 643 723 863 908 928 943 962 
9 16 27 52 70 89 105 112 119 125 127 129 136 139 140 156 161 171 174 188 196 212 215 217 225 237 245 251 263 265 266 279 286 298 301 302 307 311 318 327 341 349 373 377 396 409 410 416 417 454 460 462 464 465 469 473 474 484 499 514 516 526 529 536 560 570 592 594 601 625 629 634 649 650 661 681 688 694 706 733 749 753 793 796 800 819 854 862 882 898 902 915 920 925 946 956 981 985 987 988 
13 42 67 98 143 154 163 181 186 195 277 299 334 372 390 542 575 582 659 680 686 696 703 731 742 838 877 881 973 986 990 
15 134 200 203 236 243 269 300 306 331 482 519 538 581 619 639 711 713 875 942 989 
40 61 103 114 222 259 261 272 350 368 375 402 408 513 528 533 546 598 646 673 717 806 809 821 823 830 874 922 982 
26 33 60 191 193 346 506 627 666 669 802 810 927 
46 80 128 175 189 204 275 343 351 361 434 449 467 489 550 596 612 641 657 730 732 788 794 867 937 941 964 
19 81 93 94 120 169 178 199 216 293 322 356 405 423 543 555 571 664 682 822 841 846 901 930 969 993 
29 117 348 378 665 869 871 
18 64 96 118 144 158 182 221 296 369 374 456 498 564 613 672 698 708 757 762 798 820 829 839 866 904 919 947 952 996 
123 287 290 391 399 442 450 453 468 562 589 593 623 679 755 782 812 824 844 864 903 932 
31 54 72 86 108 310 395 411 530 572 606 617 651 662 704 705 840 849 936 970 
74 138 149 219 230 252 268 291 295 304 313 388 437 463 566 588 652 690 759 785 910 918 
53 239 285 308 325 354 379 386 387 392 419 486 522 580 791 792 811 868 957 
