0 4 31 39 42 49 149 168 170 226 237 259 272 326 329 404 418 447 456 465 466 488 505 594 674 688 691 728 740 778 802 838 957 
5 10 21 33 50 76 83 93 95 111 116 134 139 161 164 167 178 179 188 202 206 209 219 224 232 242 248 249 250 253 274 291 292 322 328 348 349 360 363 364 378 379 385 387 388 403 406 417 421 430 435 436 445 454 460 463 478 480 492 521 523 528 540 551 557 563 570 576 577 579 604 607 616 628 649 668 672 678 694 704 722 726 741 747 754 761 762 777 789 820 826 828 848 849 857 867 873 891 901 935 937 951 965 978 995 997 
13 23 35 43 53 71 86 92 107 142 172 177 181 186 189 220 229 233 241 267 318 321 347 357 365 382 396 402 405 408 409 411 434 438 448 489 550 556 566 583 585 629 647 648 654 675 682 684 711 717 721 729 734 738 744 760 767 816 821 844 845 889 900 911 916 928 932 942 958 964 971 982 998 
1 6 7 22 28 36 37 38 46 48 62 64 66 81 90 94 98 102 105 109 113 115 122 126 127 143 146 151 153 154 156 173 175 184 191 198 199 201 208 210 215 245 246 252 254 261 262 268 284 286 287 288 290 294 296 299 310 311 317 319 323 330 337 342 343 345 380 393 395 399 400 407 410 429 431 437 441 450 451 455 464 475 481 486 487 498 501 502 506 512 525 526 530 532 542 544 553 559 560 572 575 578 596 600 609 618 619 639 640 643 656 657 661 665 673 680 681 685 692 697 699 715 732 733 742 750 752 758 766 768 769 771 781 785 794 795 798 804 806 811 822 830 832 833 836 841 843 855 861 877 879 890 903 904 907 944 949 954 959 961 962 967 970 975 983 984 989 993 
15 110 137 200 207 275 279 283 332 344 358 366 368 376 433 476 548 569 574 597 610 627 689 735 755 770 886 894 914 955 987 992 
24 25 101 148 216 331 372 416 425 457 482 614 624 637 739 792 810 829 835 924 938 
63 123 141 152 159 195 280 305 308 353 370 423 424 449 472 510 552 615 617 651 664 698 712 719 737 749 776 787 837 839 872 910 918 920 927 966 969 979 991 999 
2 88 103 119 140 176 236 306 355 374 375 383 413 428 452 477 531 533 537 638 658 660 695 707 708 716 743 784 834 860 864 869 871 887 915 974 994 
20 67 70 138 183 190 218 225 257 263 301 324 334 446 461 494 516 524 625 827 847 923 946 950 956 973 986 
44 61 68 78 85 131 155 185 187 193 289 316 426 471 490 582 623 636 696 727 730 751 783 851 876 880 881 943 988 
17 26 29 75 84 112 117 118 132 163 264 271 273 278 302 507 514 518 534 567 587 626 632 634 652 676 705 720 757 773 800 805 840 846 854 908 945 947 985 990 
3 27 58 77 145 157 166 169 182 212 217 338 341 356 432 479 497 573 584 659 670 703 772 793 807 859 885 897 980 996 
11 60 104 120 133 162 227 228 270 281 303 336 377 384 467 474 504 511 515 539 546 549 595 602 635 645 666 671 679 683 725 745 746 765 782 790 808 850 863 882 893 931 952 953 
12 55 69 97 121 135 180 277 285 300 327 352 394 415 439 453 483 495 499 508 536 606 612 622 646 677 713 714 786 801 803 813 875 941 
125 129 158 165 192 295 309 386 420 503 513 601 611 644 718 780 791 809 812 823 902 948 
54 96 194 239 335 401 414 443 541 547 561 580 591 613 655 662 686 701 724 731 788 817 852 856 866 868 929 968 981 
56 73 79 197 211 221 240 247 260 269 304 313 340 346 412 444 458 527 529 555 562 653 667 706 709 710 748 775 819 825 870 905 906 926 933 976 
8 213 214 223 244 297 315 470 558 564 650 702 736 753 814 909 963 
34 51 59 80 89 150 282 367 419 427 568 571 599 605 631 690 764 799 824 842 853 972 
19 41 91 124 128 258 314 354 359 442 484 500 509 517 535 538 608 797 858 899 913 925 939 
9 32 52 99 106 136 160 205 234 266 293 339 350 369 371 392 519 593 603 663 818 865 874 878 977 
16 18 30 74 82 171 231 238 243 265 312 469 491 545 581 586 774 917 930 
14 45 47 65 72 114 130 255 276 362 373 397 422 440 459 468 485 620 621 669 888 896 919 936 
40 108 147 174 196 235 251 307 320 333 389 390 473 522 543 554 565 588 589 590 641 687 759 883 892 895 898 912 940 
203 325 351 398 642 693 756 779 831 862 922 
57 87 100 144 204 222 230 256 298 361 381 391 462 493 496 520 592 598 630 633 700 723 763 796 815 884 921 934 960 
