0 4 31 39 149 168 193 226 237 259 272 299 329 404 418 447 456 465 466 488 505 594 623 674 688 691 696 728 740 778 802 838 957 
1 8 10 16 18 22 28 30 33 35 37 42 43 49 63 71 74 76 78 82 84 94 98 100 104 105 107 111 112 117 118 120 123 125 129 138 139 141 152 158 159 163 165 170 171 172 175 178 181 188 192 195 199 203 206 208 210 213 214 220 223 227 228 229 231 233 238 242 243 244 248 252 253 254 265 266 267 268 271 274 280 287 291 292 295 297 303 305 307 308 309 311 312 315 317 319 325 326 328 337 347 351 353 357 360 363 364 367 370 378 379 380 382 385 386 388 395 396 398 399 405 408 411 420 423 424 430 435 437 441 445 446 448 449 450 454 460 463 467 469 470 472 476 480 489 490 491 498 502 503 506 510 513 514 515 523 525 526 528 530 532 539 545 546 549 552 556 557 558 564 567 570 572 578 580 581 586 595 596 600 601 602 604 607 608 611 615 617 619 629 640 642 643 644 645 648 649 650 651 652 656 661 664 666 668 671 678 679 683 687 692 693 698 699 702 709 712 718 719 721 727 731 736 737 741 744 745 749 750 753 754 756 760 762 774 776 777 779 780 787 791 806 809 812 814 821 823 830 831 837 839 843 844 845 848 849 855 856 857 862 863 871 872 873 877 882 889 890 891 900 901 902 903 904 909 910 916 917 918 920 922 927 930 932 935 937 948 958 963 965 966 969 975 978 979 983 985 990 991 993 995 997 999 
5 21 116 167 249 348 349 406 421 436 551 563 577 628 672 747 761 867 
15 17 26 57 75 87 110 137 144 200 204 207 222 230 256 264 273 275 278 279 283 298 302 332 344 358 361 366 368 376 381 391 433 462 493 496 501 507 518 520 534 548 569 574 587 592 597 598 610 626 627 630 632 633 634 676 689 700 705 720 723 735 755 757 763 770 773 796 800 805 815 840 846 854 884 886 892 894 908 914 921 934 945 947 955 960 987 992 
48 62 66 81 102 109 115 122 126 131 143 151 153 154 191 198 261 294 323 393 431 455 475 487 512 542 559 575 609 673 685 715 732 758 768 794 795 811 822 841 907 944 949 
7 46 64 83 113 127 146 173 245 246 290 310 342 429 464 486 521 665 697 742 769 781 785 798 804 836 879 959 967 970 984 
24 25 101 148 216 331 372 416 425 457 482 544 614 624 637 739 792 810 829 835 924 938 
2 88 103 119 140 176 236 306 355 374 375 383 413 428 452 477 531 533 537 638 658 660 695 707 708 716 743 784 834 860 864 869 887 915 974 994 
3 27 58 77 145 157 166 169 182 212 217 338 341 356 432 479 497 573 584 659 670 703 772 793 807 859 885 897 980 996 
12 55 69 97 121 135 180 277 285 300 327 352 394 415 439 453 483 495 499 508 536 606 612 622 646 677 713 714 786 801 803 813 875 941 
20 67 70 183 190 218 225 257 263 301 324 334 461 494 516 524 625 827 847 923 946 950 956 973 986 
54 96 194 239 335 401 414 443 541 547 561 591 613 655 662 686 701 724 788 817 852 866 868 929 968 981 
29 56 73 79 197 211 221 240 247 260 269 304 313 340 346 412 444 451 458 527 529 555 562 653 667 706 710 748 775 819 825 833 870 905 906 926 933 976 
6 13 23 50 53 86 92 93 95 132 134 142 161 164 177 179 186 189 202 209 219 224 232 241 250 318 321 322 365 387 402 403 409 417 434 438 478 492 540 550 566 576 579 583 585 616 647 654 675 682 684 694 704 711 717 722 726 729 734 738 767 789 816 820 826 828 911 928 942 951 964 971 982 998 
44 61 68 85 155 185 187 289 316 426 471 582 636 730 751 783 851 876 880 881 943 988 
34 51 59 80 89 150 282 419 427 568 571 599 605 631 690 764 799 824 842 853 972 
19 41 91 124 128 258 314 354 359 442 484 500 509 517 535 538 797 858 899 913 925 939 
9 32 52 99 106 136 160 205 234 293 339 350 369 371 392 519 593 603 663 818 865 874 878 977 
11 60 133 162 270 281 336 377 384 474 504 511 635 725 746 765 782 790 808 850 893 931 952 953 
14 45 47 65 72 114 130 255 276 362 373 397 422 440 459 468 485 620 621 669 888 896 919 936 
36 90 156 184 201 215 262 284 286 288 296 330 343 345 400 407 410 481 553 560 639 657 680 681 733 752 766 771 832 861 954 961 962 989 
38 40 108 147 174 196 235 251 320 333 389 390 473 522 543 554 565 588 589 590 618 641 759 883 895 898 912 940 
