0 149 193 226 259 272 329 418 447 465 466 691 740 957 
1 104 170 172 181 220 228 233 267 303 326 405 408 430 463 467 489 515 528 539 546 549 556 578 595 602 645 666 671 679 683 721 727 731 745 857 863 882 900 932 958 
33 76 111 188 206 242 248 253 274 291 292 328 360 363 364 378 379 435 445 454 460 523 570 604 607 649 668 678 741 754 762 777 848 849 873 891 901 937 965 978 995 
5 21 116 167 249 348 349 385 406 421 436 551 563 577 628 672 747 761 867 935 983 
39 168 488 505 594 674 688 802 
15 110 137 200 207 275 279 283 332 344 358 366 368 376 420 433 476 501 548 569 574 597 610 627 689 735 755 770 886 892 894 914 955 987 992 
4 29 48 56 62 66 73 79 81 102 109 115 122 126 131 139 143 151 153 154 191 197 198 211 221 237 240 247 260 261 269 294 304 313 323 340 346 393 412 431 444 451 455 458 475 487 502 512 527 529 542 555 559 562 575 609 653 667 673 685 706 709 710 715 732 748 758 768 775 794 795 811 819 822 825 833 841 870 905 906 907 926 933 944 949 976 
7 37 46 64 83 113 127 146 173 210 245 246 290 310 318 342 357 450 464 486 521 656 665 697 742 769 781 785 798 804 836 879 904 959 967 970 984 997 
24 25 44 49 61 68 78 85 101 148 155 185 187 216 289 299 316 331 372 395 416 425 426 457 471 482 544 582 614 618 624 636 637 730 739 751 778 783 792 810 829 835 838 843 851 876 880 881 924 938 943 988 
123 152 159 195 280 305 308 353 370 423 424 449 456 472 510 525 552 615 617 651 664 696 698 712 719 737 749 776 787 837 872 910 918 920 927 966 969 979 985 991 999 
2 88 103 119 140 163 176 236 306 355 374 375 383 413 428 429 452 477 531 533 537 638 658 660 695 707 708 716 743 784 834 860 864 869 871 887 915 974 994 
20 67 70 138 183 190 218 225 257 263 301 324 334 446 461 494 516 524 625 738 827 847 923 946 950 956 973 986 
9 12 22 28 32 52 55 57 63 69 87 94 97 99 100 105 106 121 135 136 144 160 175 180 199 204 205 222 227 230 234 252 254 256 268 277 285 287 293 298 300 307 311 317 319 327 337 339 350 352 361 369 371 380 381 391 392 394 399 415 439 441 453 462 483 490 493 495 496 498 499 506 508 519 520 526 530 532 534 536 572 592 593 596 598 600 603 606 612 619 622 623 630 633 639 640 646 661 663 677 692 699 700 713 714 723 750 763 786 796 801 803 806 813 815 818 830 839 855 865 874 875 877 878 883 884 890 903 921 934 941 960 975 977 993 
17 26 75 84 117 118 132 264 273 278 302 507 518 567 587 626 632 634 652 676 705 720 757 773 800 805 840 846 854 908 945 947 
3 27 38 58 77 112 145 157 166 169 182 212 217 338 341 356 432 479 497 573 584 659 670 703 728 772 793 807 859 885 897 980 996 
8 31 98 203 213 214 223 229 244 266 297 315 325 351 396 398 404 470 514 558 564 642 650 693 702 736 753 756 779 814 831 862 909 922 963 990 
125 129 165 192 295 309 386 503 513 601 611 791 812 823 902 948 
35 54 96 194 239 335 367 401 411 414 443 541 547 561 580 591 613 655 662 686 701 724 788 817 852 856 866 868 929 968 981 
6 13 23 53 86 92 142 177 186 189 241 321 365 402 409 434 438 550 566 583 585 647 654 675 684 711 717 729 734 767 816 845 911 928 942 964 971 982 998 
34 51 59 80 89 150 282 419 427 568 571 599 605 631 690 764 799 824 842 853 972 
19 41 91 124 128 258 314 354 359 442 484 500 509 517 535 538 608 682 797 858 899 913 925 939 
16 18 30 74 82 171 231 238 243 265 312 469 491 545 581 586 774 917 930 
10 50 93 95 134 161 164 179 202 209 219 224 232 250 322 387 388 403 417 478 480 492 540 557 576 579 616 694 704 722 726 789 820 826 828 951 
11 60 120 133 162 270 281 336 377 384 474 504 511 635 725 746 765 782 790 808 850 893 931 952 953 
14 42 45 47 65 72 114 130 255 276 362 373 397 422 440 459 468 485 620 621 669 888 896 919 936 
36 90 156 184 201 208 215 262 284 286 288 296 330 343 345 400 407 410 481 553 560 643 657 680 681 733 752 766 771 832 861 954 961 962 989 
43 71 107 141 158 271 347 382 437 448 629 644 648 718 744 760 780 809 821 844 889 916 
40 108 147 174 178 196 235 251 320 333 389 390 473 522 543 554 565 588 589 590 641 687 759 895 898 912 940 
