0 44 52 89 173 196 202 206 254 262 267 271 322 336 353 363 374 431 437 447 455 497 499 535 543 546 557 585 601 623 632 633 635 662 671 673 705 742 771 780 783 787 800 826 843 848 869 878 890 911 932 950 968 971 
1 11 19 22 38 48 49 50 68 71 76 78 81 107 110 125 146 148 170 171 175 209 210 231 237 241 245 250 259 296 311 312 329 337 344 349 358 388 397 399 401 427 448 459 461 468 506 510 528 529 555 569 571 598 607 619 634 649 666 668 672 674 677 690 694 695 716 733 737 747 764 769 774 791 799 809 813 816 838 842 856 858 865 868 870 897 912 924 933 937 946 947 951 954 969 981 983 
91 121 151 182 192 223 272 345 408 439 458 477 487 496 525 551 577 609 669 697 704 846 881 927 948 
6 17 56 73 188 220 246 270 282 297 398 410 444 485 495 538 583 591 592 620 653 665 667 680 689 750 776 779 828 894 955 975 
10 14 21 42 46 57 59 62 74 114 119 123 132 135 142 169 183 204 208 213 221 226 232 236 293 316 327 362 396 405 414 423 426 428 446 451 453 462 470 471 493 545 572 573 579 581 582 588 599 603 606 611 622 636 639 640 659 661 685 688 700 709 712 751 773 788 806 821 835 837 851 859 872 876 891 908 918 930 935 966 976 978 986 995 997 
39 105 172 177 195 198 216 225 243 274 276 284 309 321 339 359 373 378 521 580 590 594 637 658 664 720 730 758 817 824 853 857 884 922 964 
2 12 15 23 101 124 127 179 261 287 291 298 314 315 379 391 420 436 450 502 505 549 556 559 595 645 678 681 796 839 905 941 962 963 985 989 
27 87 200 207 242 299 346 417 473 513 517 663 723 760 801 844 920 
9 53 65 82 139 159 162 178 199 268 280 376 389 402 526 627 743 757 862 875 885 899 900 909 959 977 
3 40 54 79 94 102 111 154 168 185 239 248 279 306 320 341 343 403 406 449 482 509 515 562 563 687 698 732 762 811 814 819 823 825 833 836 864 887 907 916 938 
66 112 140 141 153 160 167 197 212 227 244 273 283 286 294 323 326 395 434 484 522 541 544 550 558 586 650 702 708 711 775 810 850 904 906 910 990 
4 30 34 109 116 133 163 191 193 263 289 295 463 512 566 692 706 715 734 753 790 871 925 952 957 973 
8 16 20 25 31 37 64 83 84 100 108 137 181 189 190 217 218 260 305 307 348 357 370 386 394 424 429 442 467 469 476 500 507 508 519 530 533 574 593 626 643 648 654 701 703 717 719 721 731 767 782 789 792 818 832 840 852 863 883 898 913 921 984 993 
5 18 29 55 58 75 150 203 234 266 281 288 292 367 393 421 475 520 547 584 710 725 765 772 936 944 960 961 
41 95 103 118 130 161 180 235 256 265 333 354 407 432 456 460 489 560 567 612 616 624 679 735 744 795 827 849 901 942 945 
26 32 45 97 98 158 184 252 253 290 302 313 338 371 390 400 425 480 494 542 561 608 625 651 691 727 745 746 748 752 770 781 860 926 953 
122 144 145 155 165 277 285 300 340 356 385 441 443 445 457 464 472 479 498 539 548 613 615 630 644 699 707 759 766 784 793 855 866 889 917 928 974 994 
7 13 43 72 85 86 90 115 128 205 257 264 269 352 384 418 430 454 490 491 537 553 568 618 641 642 726 761 802 807 815 829 830 893 934 
28 33 61 67 80 99 104 117 120 194 214 238 240 278 310 331 351 355 360 364 365 369 372 415 474 488 504 527 536 578 587 631 655 714 722 739 740 756 778 820 841 847 874 919 923 967 970 972 979 991 999 
36 63 70 136 143 152 229 301 377 465 466 481 483 492 511 531 570 600 646 686 729 736 749 768 777 786 794 804 812 822 831 867 877 886 903 914 915 939 988 
47 88 106 131 149 166 174 186 187 215 251 347 412 565 657 741 763 808 845 882 888 929 940 
113 126 129 138 233 249 308 319 335 342 433 486 534 540 605 610 621 656 660 682 684 728 785 896 
51 77 147 157 164 230 275 303 318 325 375 392 409 416 438 501 596 614 647 652 670 676 755 805 879 902 949 958 980 996 
24 69 176 255 258 324 330 332 334 368 380 381 383 387 413 452 478 503 564 575 576 628 629 675 724 738 798 880 892 931 943 987 992 
60 92 96 134 156 211 219 224 228 304 317 382 404 419 435 516 532 554 696 754 803 834 
35 93 201 222 247 328 350 361 366 411 422 440 514 518 523 524 552 589 597 602 604 617 638 683 693 713 718 797 854 861 873 895 956 965 982 998 
