0 2 3 4 6 10 16 20 27 28 29 31 37 39 49 50 56 58 63 67 70 73 77 79 88 93 95 103 104 105 109 112 115 119 131 134 138 139 140 141 145 149 154 157 161 164 166 168 169 170 172 175 176 179 181 182 183 190 193 197 202 209 211 212 217 218 219 220 221 224 225 226 228 232 233 236 237 238 240 243 247 250 252 253 257 259 260 263 267 269 272 274 287 299 301 303 304 306 311 313 317 319 322 324 326 329 334 337 338 340 341 343 346 350 355 356 365 374 375 380 383 387 388 395 399 403 404 405 408 412 413 417 418 428 430 432 435 438 441 444 446 447 451 452 456 458 461 463 464 465 466 467 474 476 477 478 479 480 488 489 490 492 494 497 498 505 506 514 515 516 524 526 527 528 529 530 531 533 537 539 540 545 546 549 555 556 557 562 572 573 576 578 579 584 594 595 600 602 616 619 623 625 638 640 643 645 653 658 659 660 661 666 667 670 671 674 679 683 688 691 694 695 696 699 703 704 706 707 708 709 710 716 721 722 726 727 728 731 738 740 743 745 748 750 772 775 778 784 789 793 802 806 807 813 819 820 821 825 826 827 828 830 833 834 838 843 847 855 857 859 860 863 864 869 870 871 877 882 883 885 887 890 897 900 903 905 906 915 917 923 926 932 933 935 946 950 951 956 957 958 973 974 976 980 986 993 994 996 
33 76 111 188 206 242 248 291 292 328 360 363 364 378 379 445 454 460 523 570 604 607 649 668 678 741 762 777 848 849 873 891 901 937 965 978 995 
21 116 167 249 348 349 385 406 436 551 563 577 628 672 747 761 867 
1 5 7 15 17 22 26 46 64 75 83 84 94 110 113 117 118 123 127 132 137 146 152 159 163 173 195 200 207 210 245 246 264 268 271 273 275 278 279 280 283 290 302 305 307 308 310 318 325 332 342 344 353 357 358 366 368 370 376 421 423 424 429 433 449 450 472 486 501 507 510 518 521 525 532 534 544 548 552 567 569 574 587 596 597 610 615 617 626 627 632 634 651 652 656 664 665 676 689 692 697 698 705 712 719 720 735 737 742 749 754 755 757 769 770 773 776 781 785 787 798 800 804 805 836 837 839 840 846 854 872 879 886 892 894 904 908 910 914 918 920 927 945 947 955 959 966 967 969 970 979 983 984 985 987 990 991 992 997 999 
48 62 66 81 102 122 126 143 151 153 191 198 254 261 294 323 393 431 455 475 487 502 512 542 559 575 609 673 685 715 732 758 768 794 795 811 822 841 907 944 949 
24 25 101 148 216 331 372 416 425 457 482 614 624 637 739 792 810 829 835 924 938 
8 12 55 69 97 98 121 135 180 203 213 214 223 229 244 266 277 285 297 300 315 327 351 352 394 396 398 415 439 453 470 483 495 499 508 536 558 564 606 612 622 639 642 646 650 677 693 702 713 714 736 753 756 760 779 786 801 803 814 831 862 875 909 922 941 963 
35 42 43 71 107 125 129 158 165 192 295 309 347 367 382 386 411 420 437 448 503 513 601 611 629 644 648 687 718 744 780 791 809 812 823 844 889 902 916 948 
54 96 194 239 335 401 414 443 541 547 561 580 591 613 655 662 686 701 724 788 817 852 856 866 868 929 968 981 
13 23 53 86 92 142 177 186 189 241 321 402 409 434 550 566 583 585 647 654 675 684 711 717 729 734 767 816 845 911 928 942 964 971 982 998 
44 61 68 78 85 155 185 187 289 316 426 471 582 636 730 751 783 851 876 880 881 943 988 
34 51 59 80 89 150 282 419 427 568 571 599 605 631 690 764 799 824 842 853 972 
19 41 91 124 128 258 314 354 359 442 484 500 509 517 535 538 608 682 797 858 899 913 925 939 
9 32 52 99 106 136 160 205 234 293 339 369 371 392 519 593 603 663 818 865 874 878 977 
18 30 74 82 171 231 265 312 469 491 581 586 774 930 
11 60 120 133 162 270 281 336 377 384 504 511 635 725 746 765 782 790 808 850 893 931 952 953 
14 45 47 65 72 114 130 255 276 362 373 397 422 440 459 468 485 620 621 669 888 896 919 936 
36 90 156 184 201 208 215 262 284 286 288 296 330 345 400 407 410 481 553 560 657 680 681 733 752 766 771 832 861 954 961 962 989 
57 87 100 144 204 222 227 230 256 298 361 381 391 462 493 496 520 592 598 630 633 700 723 763 796 815 884 921 934 960 
38 40 108 147 174 178 196 199 235 251 320 333 389 390 473 522 543 554 565 588 589 590 618 641 759 895 898 912 940 975 
