0 1 4 6 8 17 22 23 24 25 28 31 39 49 50 63 93 94 95 98 101 105 112 117 118 120 123 131 134 141 148 149 152 159 161 163 164 168 170 175 178 179 189 193 195 199 202 203 208 209 213 214 216 219 223 224 226 229 232 237 244 250 252 254 259 266 268 272 280 287 297 299 305 307 308 309 311 315 317 318 319 322 325 326 329 331 337 351 353 370 372 380 387 388 395 396 398 399 403 404 405 416 417 418 423 424 425 438 441 447 449 454 456 457 465 466 470 472 474 478 480 482 488 490 492 498 501 505 506 510 514 525 526 528 530 532 540 544 552 557 558 564 572 576 578 579 583 585 594 596 600 614 615 616 617 618 619 623 624 637 640 642 650 651 661 664 674 688 691 692 693 694 696 698 699 702 704 709 712 719 722 726 728 736 737 739 740 749 750 753 754 756 776 778 779 787 789 792 802 806 810 814 820 826 828 829 830 831 835 837 838 839 843 845 855 856 862 871 872 877 890 903 909 910 917 918 920 922 924 927 938 951 957 963 966 969 975 979 985 990 991 993 999 
33 76 111 139 188 206 242 248 253 274 291 292 328 360 363 364 378 379 435 445 460 523 570 604 607 649 668 678 741 762 777 848 849 857 873 891 901 937 965 978 995 997 
5 7 21 37 46 64 83 113 116 127 143 146 167 173 181 210 228 245 246 249 290 310 342 348 349 385 406 421 436 450 464 486 521 551 563 567 577 628 665 672 697 742 747 761 769 781 785 798 804 836 867 879 935 959 967 970 983 984 
104 172 220 233 267 303 408 430 463 467 489 515 539 546 549 556 595 602 645 656 666 671 679 683 721 727 731 745 863 900 932 958 
15 110 137 200 207 275 279 283 332 344 358 366 368 376 433 476 548 569 574 597 610 627 689 735 755 770 886 892 894 914 955 987 992 
48 62 66 81 102 109 115 122 126 151 153 154 191 198 261 294 323 393 431 455 475 487 502 512 542 559 575 609 673 685 715 732 758 768 794 795 811 822 841 907 944 949 
2 88 103 119 140 176 236 306 355 374 375 383 413 428 429 452 477 531 533 537 638 658 660 695 707 708 716 743 784 834 860 864 869 887 915 974 994 
20 67 70 138 183 190 218 225 257 263 301 324 334 446 461 494 516 524 625 738 827 847 923 946 950 956 973 986 
26 29 75 84 132 264 271 273 278 302 507 518 587 626 632 634 652 676 705 720 757 773 800 805 840 846 854 904 908 945 947 
3 27 38 58 77 145 157 166 169 182 212 217 338 341 356 432 479 497 573 584 659 670 703 772 793 807 859 885 897 980 996 
12 55 69 97 121 135 180 277 285 300 327 352 394 415 439 453 483 495 499 508 536 606 612 622 646 677 713 714 786 801 803 813 875 941 
10 18 35 42 43 71 107 125 129 158 165 192 295 347 357 367 382 386 411 420 437 448 503 513 601 611 629 644 648 687 718 744 760 780 791 809 812 821 823 844 882 889 902 916 948 
54 96 194 239 335 401 414 443 541 547 561 580 591 613 655 662 686 701 724 788 817 852 866 868 929 968 981 
56 73 79 197 211 221 240 247 260 269 304 313 340 346 412 444 451 458 527 529 555 562 653 667 706 710 748 775 819 825 833 870 905 906 926 933 976 
13 53 86 92 142 177 186 241 321 365 402 409 434 550 566 647 654 675 684 711 717 729 734 767 816 911 928 942 964 971 982 998 
44 61 68 78 85 155 185 187 289 316 426 471 582 636 730 751 783 851 876 880 881 943 988 
34 51 59 80 89 150 282 419 427 568 571 599 605 631 690 764 799 824 842 853 972 
19 41 91 124 128 258 314 354 359 442 484 500 509 517 535 538 608 682 797 858 899 913 925 939 
9 32 52 99 106 136 160 205 234 293 339 350 369 371 392 519 593 603 663 818 865 874 878 883 977 
16 30 74 82 171 231 238 243 265 312 469 491 545 581 586 774 930 
11 60 133 162 270 281 336 377 384 504 511 635 725 746 765 782 790 808 850 893 931 952 953 
14 45 47 65 72 114 130 255 276 362 373 397 422 440 459 468 485 620 621 669 888 896 919 936 
36 90 156 184 201 215 262 284 286 288 296 330 343 345 400 407 410 481 553 560 639 643 657 680 681 733 752 766 771 832 861 954 961 962 989 
57 87 100 144 204 222 227 230 256 298 361 381 391 462 493 496 520 534 592 598 630 633 700 723 763 796 815 884 921 934 960 
40 108 147 174 196 235 251 320 333 389 390 473 522 543 554 565 588 589 590 641 759 895 898 912 940 
