0 39 63 90 143 156 330 346 471 477 494 524 545 592 644 674 675 686 755 870 964 994 
18 35 87 129 152 159 214 239 249 293 320 336 345 349 495 622 693 737 848 879 968 971 993 
3 74 78 89 199 273 302 351 417 427 483 546 571 618 658 685 776 828 862 902 938 954 
22 23 71 104 125 134 155 172 175 177 204 241 258 310 373 425 540 587 614 672 710 792 795 831 
5 24 26 45 50 93 126 127 188 225 248 253 262 337 394 426 467 482 577 611 615 643 716 741 799 850 890 922 930 942 967 988 
12 34 68 122 138 145 161 163 183 206 220 265 335 507 575 583 613 635 657 677 715 731 763 789 809 821 827 855 917 928 933 940 
72 119 144 157 181 192 285 312 313 319 374 451 525 550 696 711 752 765 783 814 837 838 857 897 920 
11 49 77 86 162 165 167 221 251 257 303 359 405 458 581 666 682 704 726 758 819 823 847 858 875 886 888 901 910 918 919 986 
47 332 413 422 447 508 641 653 742 748 877 924 
17 217 290 328 350 681 705 756 999 
222 277 358 408 437 454 463 500 523 562 565 605 610 616 652 667 694 708 721 727 732 749 781 849 865 866 878 908 921 978 
38 52 73 130 135 196 213 219 280 281 388 401 402 419 433 440 461 462 480 489 516 549 564 584 619 638 663 673 766 770 807 810 811 853 867 955 960 983 
1 42 53 56 234 263 267 278 282 368 415 479 568 
4 54 61 111 148 151 171 201 223 279 325 334 532 534 630 642 676 730 746 774 778 941 949 962 
62 116 170 210 229 233 299 363 421 430 487 502 554 590 648 709 841 891 
55 66 96 107 173 193 238 243 259 300 307 392 520 530 553 556 559 573 585 646 739 750 761 771 815 852 904 934 944 956 
60 92 97 190 205 228 247 304 560 723 725 990 
19 81 141 146 160 164 298 315 327 393 505 511 526 578 617 651 655 671 678 707 767 861 883 936 951 965 973 979 997 
2 15 48 69 106 114 123 142 166 194 215 275 276 287 297 316 323 333 342 375 381 418 438 443 450 484 486 499 501 518 527 557 572 634 656 700 718 751 806 812 829 943 945 957 
40 83 268 322 465 719 784 
20 70 88 131 147 339 348 352 424 434 436 442 543 627 668 670 735 743 796 873 932 937 
10 75 132 158 180 232 264 266 329 429 603 632 689 747 786 800 825 840 887 896 903 905 935 958 987 
27 57 58 79 84 108 136 240 311 411 473 474 509 519 563 569 579 594 659 664 798 801 860 871 881 906 911 914 923 946 959 963 969 
25 65 85 100 113 191 198 231 256 272 274 294 318 331 362 380 398 512 522 621 645 654 683 699 701 759 824 830 845 909 915 
16 291 383 597 817 
43 76 95 98 102 174 252 292 364 399 407 431 514 548 593 623 640 650 680 692 714 728 869 950 953 985 
7 31 101 109 115 121 270 354 435 444 455 544 625 647 712 722 729 769 820 872 874 927 970 991 995 
99 184 189 208 321 341 391 412 414 439 445 510 521 531 561 580 695 757 764 773 802 884 916 
105 110 128 187 211 261 288 295 305 369 385 397 448 478 481 537 606 626 687 738 846 981 
33 153 168 250 308 403 404 446 684 724 975 
13 14 28 36 64 118 124 178 186 235 370 376 390 396 406 420 423 459 490 513 533 582 602 624 661 679 740 753 780 836 843 939 
9 120 195 284 326 386 475 488 566 588 633 698 703 768 813 818 826 885 976 984 
32 149 185 216 236 309 355 400 410 504 538 660 702 720 777 893 895 899 931 952 980 982 
6 21 41 133 140 150 179 212 237 254 283 343 372 395 449 468 469 472 497 506 515 529 567 600 628 636 793 833 880 894 912 947 966 996 
94 289 301 314 360 365 382 432 457 485 493 717 734 779 790 805 822 844 913 
44 202 203 218 230 260 324 338 536 541 551 589 631 688 754 762 788 832 929 974 998 
29 59 91 139 182 226 245 269 340 456 498 503 528 591 595 782 785 791 803 842 856 876 889 898 907 925 989 
30 46 80 117 176 200 207 255 357 367 371 377 384 387 460 466 476 492 552 570 598 607 637 665 736 744 775 787 794 808 835 854 859 948 961 
8 51 154 169 197 244 246 271 296 317 347 353 356 361 409 441 452 464 496 517 542 547 558 574 586 599 608 609 662 697 706 745 834 851 892 926 972 977 
37 103 112 242 344 366 470 555 576 596 620 649 690 713 772 797 863 864 868 992 
67 82 137 209 227 286 306 389 416 428 491 535 539 601 604 612 629 669 691 733 760 804 839 882 
224 378 379 453 639 816 900 
