49 86 167 183 221 251 257 274 303 359 405 458 581 666 682 704 726 758 819 823 847 858 875 886 888 901 910 918 919 986 
4 54 61 111 148 151 171 201 223 279 325 334 532 534 630 642 676 725 730 746 774 778 941 949 962 
135 378 438 453 566 590 813 
27 57 58 79 84 92 108 136 177 217 240 411 473 474 509 519 563 569 579 659 664 798 801 860 871 881 906 911 914 923 946 959 963 969 
100 297 454 620 649 849 868 996 
36 165 189 239 510 521 864 
160 222 315 345 349 352 366 505 596 670 743 772 883 
44 202 203 218 230 260 324 338 536 541 551 589 631 688 754 762 788 832 929 974 998 
128 288 305 369 383 488 597 687 
46 96 110 163 187 211 261 307 385 397 413 448 481 576 626 683 738 
35 47 87 116 129 152 159 214 293 320 332 336 422 447 495 622 641 653 693 737 742 748 848 877 879 924 968 993 
19 81 146 298 393 511 526 617 651 655 671 678 707 767 861 936 951 965 973 979 997 
1 11 53 56 162 425 568 
2 6 9 33 347 372 386 395 984 
88 224 339 555 639 719 816 900 
60 120 195 210 228 229 233 247 302 304 363 421 430 459 475 588 633 648 698 709 768 826 885 891 976 990 
67 82 137 209 227 286 306 389 416 428 491 535 539 601 604 612 629 669 691 733 760 804 839 882 
40 83 118 130 268 322 370 445 465 490 513 582 784 
64 66 76 178 186 190 213 530 560 843 939 
74 78 89 199 273 351 417 427 483 546 571 618 685 776 828 862 902 938 954 
21 77 150 237 402 469 506 540 770 833 853 912 
12 68 122 138 145 161 206 220 265 291 335 507 575 583 613 635 657 677 715 731 763 789 809 821 827 855 917 928 933 940 
43 95 98 102 174 252 292 364 399 407 431 514 523 545 548 554 593 610 623 640 650 680 692 714 728 734 817 869 950 953 985 
97 141 164 282 361 415 578 658 723 
17 99 208 263 267 321 341 350 412 414 439 561 580 695 764 773 884 916 989 
25 176 246 272 284 294 570 637 690 713 775 
34 62 107 194 215 242 299 418 449 567 
5 24 26 45 50 93 126 127 188 225 248 253 262 337 394 426 467 482 577 611 615 643 716 741 799 850 890 922 930 942 967 988 
37 70 131 147 235 254 348 424 436 487 543 627 668 735 796 797 818 863 873 932 937 
184 376 380 391 406 423 531 757 802 
277 326 358 408 437 463 500 547 562 565 605 616 667 694 708 721 727 732 749 781 865 866 908 921 978 
154 244 296 496 574 608 609 645 662 697 834 926 972 
23 71 104 125 134 155 172 175 204 258 310 327 373 502 587 672 710 792 795 831 
0 63 143 156 249 330 471 477 478 494 524 537 592 606 644 674 675 686 755 756 846 870 878 964 981 994 
32 149 185 216 236 309 355 400 410 504 538 660 702 720 777 893 895 899 931 952 980 982 
90 311 390 594 679 836 841 
13 42 290 328 508 681 703 705 999 
52 73 280 281 419 433 480 489 516 518 549 564 584 619 638 663 673 766 960 
72 119 144 157 181 192 285 312 313 319 374 451 525 550 696 711 752 765 783 814 837 838 857 897 920 
16 18 28 55 173 193 238 243 259 300 392 501 520 553 556 559 573 585 646 739 750 761 771 815 852 904 934 944 956 
38 196 219 379 388 401 440 461 462 807 810 811 955 983 
65 85 113 191 198 231 241 256 318 331 362 398 479 512 522 614 621 654 699 701 759 824 830 845 909 915 971 
29 59 91 139 182 226 245 269 340 456 498 503 528 591 595 782 785 791 803 842 856 876 889 898 907 925 
7 31 101 109 115 121 270 354 435 444 455 544 625 647 712 722 729 769 820 872 874 927 970 991 995 
14 39 124 420 533 602 624 661 740 753 780 
207 234 278 357 368 371 384 387 396 434 492 665 787 794 808 835 961 
15 69 106 275 316 333 346 375 381 484 557 572 634 656 806 812 829 945 
103 112 170 205 468 497 992 
30 80 117 200 255 295 377 404 442 460 466 499 552 598 607 736 744 854 859 948 
94 105 289 301 360 365 382 432 457 485 493 717 779 790 805 822 844 913 
51 344 367 476 706 
20 153 168 250 308 403 446 684 724 867 975 
10 75 132 158 180 232 264 266 329 429 603 632 689 747 786 800 825 840 887 896 903 905 935 958 987 
41 140 169 179 212 283 343 472 515 529 600 628 636 745 793 880 894 947 966 
3 22 48 114 123 133 142 166 276 287 314 323 342 443 450 486 527 652 700 718 751 943 957 
8 197 271 317 353 356 409 441 452 464 470 517 542 558 586 599 851 892 977 
