77 183 257 458 823 888 918 
4 54 61 111 148 151 171 279 325 334 484 532 534 630 642 676 725 730 746 774 778 941 949 962 
116 256 502 554 590 
30 46 80 117 200 255 295 377 442 460 466 492 552 598 607 665 736 744 787 854 859 948 
11 49 162 221 251 358 359 405 434 500 666 682 704 723 758 819 847 858 886 901 910 986 
32 149 185 216 236 309 355 400 410 504 538 660 702 720 777 893 895 899 931 952 980 982 
13 14 39 124 133 273 420 423 533 624 661 740 753 780 
28 81 146 393 651 
9 18 237 345 349 386 984 
3 74 78 89 141 199 224 351 379 417 446 483 546 571 618 658 685 776 816 828 900 902 938 954 
60 99 120 189 208 326 487 580 588 818 
17 53 223 267 290 321 328 341 350 412 414 439 561 681 695 705 756 764 773 916 999 
96 187 211 220 331 361 385 448 576 626 683 738 873 
19 71 160 164 190 298 315 327 505 511 526 560 578 617 655 671 707 767 817 861 883 936 951 965 973 979 997 
33 66 107 173 193 238 243 259 300 307 530 553 556 559 573 585 596 739 761 771 815 852 934 944 956 
16 100 104 134 297 620 649 904 
2 125 142 287 346 375 381 438 718 812 
67 82 137 209 227 286 306 389 416 491 535 539 601 604 612 629 669 678 691 733 760 804 839 882 
86 167 316 323 333 366 443 450 518 527 726 772 875 919 945 
0 40 63 105 143 261 268 330 369 383 397 471 477 478 494 524 537 592 606 644 674 675 686 687 755 784 846 870 964 981 994 
195 210 228 229 247 284 302 304 363 421 430 475 488 633 648 698 709 768 826 885 891 976 990 
94 289 301 360 365 382 432 457 485 493 717 734 779 790 805 822 844 913 
15 64 69 83 118 178 186 217 233 322 370 376 406 459 490 582 634 719 843 939 
5 24 26 45 50 93 97 126 127 188 225 248 253 262 337 394 426 465 467 482 577 611 615 616 643 716 741 799 850 890 922 930 942 967 988 
55 103 112 165 205 242 344 555 639 797 864 868 884 992 
254 425 449 567 693 996 
8 51 62 90 169 235 299 428 464 517 520 547 586 706 745 862 
123 214 249 510 521 673 813 
52 73 128 288 489 619 
37 131 147 234 353 543 627 735 
156 184 196 380 391 445 468 531 581 757 802 
154 197 244 246 271 274 296 314 317 347 356 409 441 452 496 508 542 558 574 599 608 609 645 662 697 829 834 851 892 926 972 977 
23 155 172 175 204 241 258 310 373 540 587 614 672 710 792 795 831 
222 277 408 437 454 463 523 562 565 605 610 667 694 708 721 727 732 749 781 849 865 866 878 908 921 978 
176 207 308 357 371 404 470 499 570 572 637 690 775 794 808 961 
25 65 85 191 198 231 239 294 318 362 398 479 497 506 512 522 621 654 699 701 759 824 830 845 909 915 971 
72 119 144 157 181 192 285 312 313 319 374 451 525 550 696 711 752 765 783 814 837 838 857 897 920 
42 201 213 263 388 867 
44 202 203 218 230 260 324 338 536 541 551 589 631 688 754 762 788 832 929 974 998 
12 68 122 138 145 161 163 206 265 335 507 575 583 613 657 677 715 731 763 789 809 821 827 855 917 928 933 940 
27 57 58 79 84 92 108 110 136 177 240 411 473 474 509 519 563 569 579 659 664 798 801 860 871 881 906 911 914 923 946 959 963 969 
29 59 91 139 182 226 245 269 340 456 498 503 528 591 595 782 785 791 803 842 856 876 889 898 907 925 989 
10 75 132 158 180 232 264 266 329 429 603 632 689 747 786 800 825 840 879 887 896 903 905 935 958 987 
35 47 87 129 152 159 293 303 305 320 332 336 422 447 495 622 641 653 737 742 748 848 877 924 968 993 
1 22 48 56 114 166 170 250 276 392 501 545 557 568 652 700 751 806 943 
34 106 194 215 275 278 384 387 418 646 656 
38 130 135 219 280 281 401 402 419 433 440 461 462 480 516 549 564 584 638 663 766 770 807 810 811 853 955 960 983 
20 291 352 436 597 635 668 796 835 
70 88 339 348 413 424 481 670 703 713 743 863 932 937 957 
43 76 95 98 102 174 252 292 364 399 407 431 514 548 593 623 640 650 680 692 714 728 869 950 953 985 
153 168 378 403 427 453 566 684 724 750 975 
7 31 101 109 113 115 121 270 272 354 435 444 455 544 625 647 712 722 729 769 820 872 874 927 970 991 995 
36 282 311 367 368 390 396 415 476 513 594 602 679 836 841 
6 21 41 140 150 179 212 283 342 343 372 395 469 472 486 515 529 600 628 636 793 833 880 894 912 947 966 
