132 135 14 659 661 21 545 930 293 169 426 428 46 688 59 316 572 579 837 966 709 582 453 204 588 462 208 978 851 471 599 221 606 995 997 232 362 876 236 493 751 119 636
769 259 388 774 649 11 146 924 799 933 171 813 175 816 49 946 947 694 951 311 835 68 329 842 461 81 337 210 856 344 349 358 231 250 619 747 237 241 634 506 510
3 515 907 403 916 406 279 154 40 168 938 811 814 687 306 819 563 562 54 185 825 698 61 320 833 449 836 79 341 343 732 94 864 102 239 111 887 248 762 509
778 655 527 536 923 28 415 33 820 194 67 578 967 841 970 714 972 331 80 722 979 214 474 120 991 351 99 739 740 355 488 360 874 364 365 238 372 117 631 504
256 130 901 265 10 141 407 795 161 679 41 942 560 945 432 180 310 567 827 327 456 460 333 849 990 95 735 354 612 999 744 616 489 103 235 624 118 123
770 390 651 781 400 19 26 542 158 32 926 290 425 45 302 561 691 184 953 440 338 727 860 608 480 482 98 97 745 746 748 494 752 625 371 252 253
898 643 519 8 648 137 394 654 782 16 913 530 789 429 305 818 181 442 701 574 189 832 64 840 717 721 217 348 863 993 357 104 108 370 500 508 767
1 521 274 658 664 666 922 284 172 48 817 177 309 824 321 195 964 198 590 720 594 339 853 213 216 857 730 225 359 105 243 884 373 758 378 637
385 644 784 145 144 917 277 793 155 539 285 928 548 300 441 699 443 445 707 457 974 464 340 855 472 479 866 994 356 613 615 498 630 759 889 766
768 646 903 136 777 143 786 915 914 531 152 794 804 36 939 812 301 686 822 570 831 63 70 465 600 988 736 481 867 483 229 877 749 886 377 511
384 257 642 641 128 7 264 13 269 537 802 418 934 807 553 43 430 815 568 829 830 454 72 205 85 726 86 90 352 618 490 491 115 761 893
2 261 391 905 12 15 23 796 287 291 420 549 678 681 298 556 941 559 179 436 314 315 450 963 962 839 595 985 989 101 502 505 124 127
640 773 908 396 142 788 405 918 414 806 935 296 423 42 685 821 183 57 700 573 62 446 451 581 74 976 470 603 226 611 872 622 891 639
775 904 522 650 140 906 910 395 153 283 541 286 160 544 550 167 294 810 558 434 702 66 323 708 197 326 711 586 850 212 227 484 112 244
258 387 383 24 413 798 931 675 943 176 564 575 576 324 69 452 330 332 334 724 987 478 992 738 880 368 628 629 503 380 892 381 255
514 518 523 524 411 797 35 422 552 683 693 956 965 328 713 589 718 597 982 854 602 604 93 222 861 350 998 361 617 366 247 638 895
0 771 262 783 787 671 800 673 932 557 950 826 447 196 968 585 971 336 601 869 742 363 878 497 499 632 633 890 635 254
772 5 520 393 266 18 150 281 29 288 547 292 421 936 944 55 58 960 961 710 584 712 75 203 725 475 234 492 367 765
902 647 392 652 147 275 409 157 670 416 164 805 676 303 51 949 438 318 958 325 77 980 596 996 614 230 879 755 501 375
6 776 779 653 398 270 17 665 282 538 410 667 680 297 689 56 955 828 444 188 583 73 591 592 220 485 750 495 246
897 401 148 791 668 677 38 809 427 690 312 838 71 969 459 76 716 78 468 981 598 733 865 868 870 110 125
512 4 133 263 790 925 30 289 34 163 295 692 566 952 957 191 193 706 715 973 463 734 871 109 753 116
525 272 151 408 669 927 551 948 182 439 697 704 577 192 458 846 345 91 477 223 609 487 496 881 121
899 900 389 9 139 268 909 526 402 280 159 162 178 53 959 65 199 977 862 743 875 627 757 376
386 260 20 533 792 921 31 37 424 190 703 719 593 83 852 84 469 467 984 218 731 626 883 507
896 129 138 656 785 660 534 540 682 684 433 308 319 335 342 728 605 610 486 233 621 113 249 126
131 657 149 412 929 166 808 940 174 47 565 186 187 845 215 88 347 741 106 882 888 251 763
399 912 529 528 22 672 674 937 170 555 50 695 569 954 571 209 983 607 737 107 245 764
267 780 271 911 662 535 543 546 44 173 437 705 322 455 202 843 206 848 89 353 623 374
516 134 404 532 156 803 419 554 304 435 696 60 317 834 211 219 92 96 224 228 754 382
513 517 663 919 920 27 801 417 299 307 448 200 844 207 723 87 473 346 242 760
273
