9 34 75 155 238 246 278 327 456 528 545 650 655 669 768 810 837 843 855 891
93 110 213 233 240 252 391 402 408 414 418 455 471 473 541 633 671 691 697 865 870 878 935 952 953 986
55 67 85 102 106 111 263 284 302 313 316 397 469 497 537 550 575 720 769 795 816 832
2 8 15 46 192 197 209 211 370 383 420 439 466 468 486 488 506 516 518 556 557 629 640 753 790 814 875 965 999
31 177 256 288 333 480 484 532 579 604 613 706 767 777 803 845 864 887 932 966
26 59 73 121 173 222 338 369 386 474 491 511 531 533 605 607 670 676 758 773 802 805 860 922
6 19 37 50 57 65 92 175 216 218 294 297 298 339 406 421 427 459 465 494 587 609 615 616 622 642 652 657 659 680 736 747 749 781 828 842 847 848 854 872 906 932 948 975 976 981
27 32 45 52 98 120 168 172 220 231 352 372 400 447 555 559 562 625 627 644 650 663 700 714 740 774 881 902 903 937 956 970
12 40 58 71 91 100 107 122 128 136 143 146 179 187 190 232 295 348 407 431 449 510 534 548 574 597 600 705 711 734 735 752 761 765 780 852 856 888 895 950 974
3 69 113 114 157 226 241 250 253 254 276 441 444 487 495 498 564 567 573 601 603 649 688 748 750 827 885 890 920 923 930 957 963 984
41 80 141 170 265 324 330 385 507 515 522 589 660 667 702 762 788 817 859 863 874 901 907 998
30 54 63 79 116 148 160 182 184 223 271 289 307 311 355 393 411 423 454 501 512 527 546 558 567 598 599 624 694 701 709 713 756 770 783 841 882 897 914 947
0 18 43 84 99 164 180 204 207 231 266 268 310 320 344 435 458 472 475 492 500 504 593 643 714 716 726 745 764 782 822 825 829 861 868 917 985 997
1 29 42 76 94 136 138 147 159 172 189 201 203 234 260 286 287 291 369 384 396 405 470 479 482 502 513 519 527 558 584 635 651 661 662 687 708 771 772 794 799 807 840 939 959 971 978
22 25 47 49 95 122 129 230 251 257 267 319 328 346 387 403 436 443 489 517 523 560 565 583 621 637 677 719 730 738 763 824 830 835 871 908 912 926 942 944 960 977
11 60 61 64 88 110 130 133 171 206 258 301 303 342 354 375 378 400 424 453 531 552 560 568 570 581 614 626 630 641 686 707 739 823 858 898 913 934 962
13 56 89 135 139 149 161 176 224 249 272 280 292 312 336 349 363 366 429 432 468 492 538 632 674 690 698 733 751 776 844 851 853 883 899 909 916 936 946 968
23 24 151 163 183 196 225 274 290 305 399 415 417 438 536 591 679 766 809 910
4 14 17 28 51 62 68 70 81 95 134 154 188 227 264 266 269 270 282 315 321 326 376 410 495 544 570 621 636 647 660 664 689 757 789 831 867 896 918 927 928 933 943 949 958 996
6 7 30 35 44 104 105 112 126 166 198 277 299 329 356 361 362 380 398 496 592 608 612 619 673 727 737 754 786 813 884 893 900 941 955 963 971 983 988
16 77 192 245 322 379 478 503 530 580 608 710 717 820 839 847 876 907 969 975
22 39 108 132 137 193 204 215 255 262 279 308 365 377 416 422 448 451 478 520 543 553 563 569 576 602 631 646 666 675 684 793 812 818 838 863 892 987
5 74 83 124 127 178 217 244 306 309 325 359 367 368 380 392 464 535 549 576 585 665 692 696 697 715 723 724 742 775 792 834 850 877 883 886 961 989 990 993
20 21 25 48 86 123 134 150 165 195 208 275 283 290 340 347 351 388 389 394 413 426 433 437 450 463 537 586 619 628 634 721 743 778 801 849 880 895 995
78 125 142 174 185 235 239 268 274 281 296 332 381 401 425 431 449 460 524 525 529 539 540 551 578 638 672 833 879 919 929 954 980
38 51 178 191 194 237 293 304 314 371 457 493 521 590 623 654 755 759 791 826 940 972
10 33 145 153 212 300 382 412 480 510 617 620 639 648 658 710 723 732 781 787 836 924
4 36 66 96 109 144 158 166 181 221 242 350 360 374 390 414 435 485 505 509 566 596 682 704 728 731 779 785 815 889 904 921 945 964 982 994
39 74 96 118 156 199 202 261 331 335 366 419 428 430 445 452 461 464 482 572 580 606 725 746 770 866 873 884 919 931
82 92 115 117 131 140 167 219 236 343 358 434 481 542 547 552 554 571 678 712 760 804
90 97 119 200 210 273 323 337 345 353 373 428 467 477 514 595 611 618 653 699 798 888 897 925
53 56 103 104 130 162 169 186 223 228 243 285 334 349 354 364 395 404 462 490 508 561 582 588 610 617 645 681 685 709 718 722 729 741 846 869 894 951 967 973
101 114 152 409 440 446 488 526 577 656 668 683 693 695 750 808 811 813 819 856 857 905 992
72 78 87 97 182 205 214 229 235 247 248 257 259 317 318 341 357 363 429 437 442 476 483 499 594 703 744 769 784 796 797 800 806 821 862 898 911 915 933 938 979 991
