53 70 96 135 203 207 228 272 280 302 309 324 326 371 379 433 443 480 526 564 626 641 668 684 736 860 918 929 943 952 957 995
21 83 104 149 161 214 252 274 308 322 360 369 387 412 426 445 455 470 501 557 582 612 617 626 665 688 709 713 732 773 830 875 888 897 899 938 957 985
0 9 15 18 27 32 35 173 191 206 231 237 294 297 320 402 456 471 476 492 498 546 563 577 622 638 716 785 795 806 858 890 912 919 977
12 20 22 47 72 175 222 247 249 277 305 328 346 389 404 422 454 522 672 676 701 721 761 765 774 798 801 820 854 861 871 891 950 953 971 998
14 28 40 86 99 115 195 259 273 278 291 301 325 519 540 547 581 671 695 699 721 779 850 913 920 960 976 979
25 32 75 92 100 118 128 132 177 236 240 245 246 262 288 300 366 373 382 429 451 457 466 497 499 515 560 578 611 624 635 642 646 674 687 712 815 823 826 843 852 862 866 930 933 941 964 981 988 994
105 123 233 355 358 377 461 468 490 494 548 569 574 579 589 609 700 808 809 859 896 900
30 43 60 88 115 127 152 186 197 198 209 219 223 231 241 287 350 354 375 448 485 503 511 532 545 552 553 563 600 607 628 631 632 634 639 654 663 664 728 743 847 889 917 931 959 992
46 51 56 179 184 209 216 243 269 293 323 357 365 398 402 441 505 534 658 740 756 782 811 894 932 936 937 963 973 986 991
41 52 54 74 121 138 166 312 319 334 335 340 410 434 493 533 546 637 652 655 694 720 787 887 921 951
8 17 110 130 212 226 244 296 307 317 327 329 336 392 399 400 401 411 430 473 489 495 524 555 558 561 571 677 685 690 691 703 765 767 770 775 792 813 822 837 838 868 904 958
25 67 69 78 87 147 208 220 253 279 413 435 462 518 529 535 567 587 744 757 768 777 796 802 942 954 972 987 993
19 44 126 127 149 176 190 197 215 219 229 242 287 316 350 353 375 393 456 548 550 560 576 584 632 635 639 648 656 674 681 696 724 742 749 769 783 827 829 833 840 880 884 899 974 983 999
50 93 194 199 238 255 356 381 427 431 449 459 570 627 675 706 728 759 771 786 818 849 881 940 955 956 962
23 57 111 140 185 254 268 271 285 347 361 409 508 554 573 616 625 633 644 684 704 710 789 821 839 845 879 915 948
65 102 120 152 159 160 224 258 370 380 388 403 405 406 418 452 464 467 475 482 499 509 629 719 834 843 857 863 883 904 925 945 990
64 76 97 162 196 200 290 298 385 465 478 565 594 606 707 723 731 733 793 797 903 924 927 949 965 968
7 62 71 122 124 134 165 239 250 376 436 583 614 630 714 715 747 758 877 902 909 914
3 42 52 84 144 164 172 213 310 313 407 420 421 472 477 502 506 551 661 835 865 872
36 66 95 106 112 117 150 180 261 304 406 411 432 468 484 488 491 503 610 623 666 682 725 736 737 764 807 814 816 831 855 892 923 944 961 996
34 103 154 168 235 264 342 383 507 514 683 702 788 800 817 869 872 878 885 886
5 90 167 182 192 225 289 338 368 424 492 517 660 670 678 745 752 762 794 799 864 870
77 98 119 131 156 188 251 270 293 363 380 395 521 528 559 566 568 599 615 658 707 739 779 780 803 812 820 901 905
2 24 37 45 49 145 163 171 248 263 266 275 295 331 391 450 525 527 540 556 604 620 643 646 649 673 722 748 760 778 810 822 842 856 866 867 907 910 916 926 934 947 975
21 44 55 73 109 133 141 168 170 178 183 205 282 286 321 390 439 480 483 549 562 568 601 602 621 623 663 680 698 708 718 735 841 874 886 982
48 218 276 306 329 438 446 447 460 463 504 523 531 544 575 595 608 641 689 781 825 882 922 939
31 39 79 101 125 137 232 303 341 423 436 442 445 486 496 520 541 570 653 660 766 784 824 832 876 906 980 984
0 10 13 143 151 202 217 260 343 348 352 359 362 372 374 425 444 510 515 527 530 537 539 580 592 618 640 659 679 716 848 860 935 946 966 969 989
4 6 59 68 81 114 187 314 333 364 397 469 487 532 597 619 726 755 804 840 888 979
79 80 82 89 91 94 157 169 221 234 284 337 344 352 378 394 408 428 440 513 516 686 717 729 780 846 981
26 61 107 129 146 174 201 204 210 211 283 311 590 591 605 647 650 651 697 734 738 753 754 776 898
16 63 136 139 148 193 272 281 339 416 417 453 512 536 585 598 636 667 730 741 751 836
29 33 85 100 108 158 215 227 267 288 299 301 311 330 332 345 349 384 386 396 414 430 446 479 500 524 538 543 572 586 588 593 601 643 645 662 692 705 727 763 830 844 849 853 895 909 911 997
1 11 38 58 113 116 164 181 189 234 265 292 315 318 355 419 458 481 596 613 669 693 735 746 750 791 819 851 873 893 911 967 970 978
142 153 155 230 251 256 257 351 367 415 437 474 539 542 603 657 711 772 790 805 828 838 908 928
