9 15 148 152 156 163 251 297 309 323 367 399 496 503 522 528 552 605 726 821 829 850
113 129 171 233 292 301 317 362 378 450 504 510 540 543 544 639 670 737 758 793 795 824 877
45 51 119 121 136 189 199 200 212 274 345 398 453 456 474 482 517 527 531 602 613 659 661 716 736 763 789 836 845 856 865 906 937 979
30 60 73 122 169 175 176 185 226 293 295 298 368 373 383 457 467 489 501 505 528 538 552 565 620 622 667 681 687 709 725 759 785 794 805 815 863 868 883 894 900 903 904 916 938 947 974 977 994
7 37 77 94 108 112 160 187 207 236 303 325 336 382 387 389 394 412 461 488 514 530 534 554 559 591 595 598 611 657 676 680 694 778 813 901 906 929 958 966 988 990
14 24 27 33 52 61 88 97 101 216 240 250 255 259 301 316 324 332 340 349 357 376 386 429 469 475 511 519 612 638 650 658 702 720 734 749 764 770 774 801 881 892 924 926 970 981 991
26 34 157 180 227 342 344 374 396 409 414 417 418 472 491 493 507 553 594 660 685 724 747 786 847 852 854 871 882 893 951 956
99 126 149 202 272 297 302 313 351 356 369 408 419 423 458 490 589 601 606 629 637 653 673 690 742 750 753 776 787 812 841 861 894 897 915 952
12 25 49 78 100 102 186 214 228 243 273 346 363 366 436 477 479 497 498 505 614 631 679 693 802 870 876 921 932 991
117 123 151 155 158 174 182 217 221 234 277 278 281 285 427 428 431 465 526 536 545 573 596 610 628 656 663 671 692 706 757 770 788 796 826 859 886 889 975 983 989 999
93 133 177 178 222 230 249 276 291 339 353 404 437 451 502 564 604 609 615 733 769 873
41 81 104 107 194 204 219 252 333 440 444 445 452 454 462 492 518 520 558 579 580 584 649 665 695 783 802 816 817 842 867 887 903 914 918 925 944 946 948 980
12 21 172 195 198 206 211 218 403 406 425 470 478 565 572 581 582 587 619 635 636 721 762 766 830 835 911 930 958 964 995
28 80 110 127 130 141 197 209 241 253 271 290 304 309 328 335 393 401 446 448 449 463 516 529 556 569 642 684 697 704 707 729 804 834 840 843 912 913 917 943 982 985 996
36 43 116 174 215 245 254 256 288 305 400 407 432 435 438 442 551 571 586 618 643 755 781 782 814
2 10 40 64 71 170 265 268 334 343 392 405 413 433 443 453 459 464 500 524 532 533 570 585 633 745 801 811 833 954
18 56 58 74 84 111 120 144 190 224 237 269 306 330 347 390 416 568 616 675 683 700 708 714 715 717 722 799 809 823 890 910 919 940 955 962 967 971 998
3 7 17 68 69 82 140 154 155 210 287 296 299 310 311 318 385 388 391 410 430 445 480 485 546 550 556 575 577 624 630 678 688 728 743 768 831 839 851 862 872 891 909 925 927 978 984 987
23 48 79 86 134 138 181 186 231 319 326 375 377 423 486 560 561 563 593 603 644 646 654 666 701 776 784 791 808 828 879 935 957 965 976
22 29 54 70 80 115 125 143 193 196 209 223 238 253 260 271 316 338 383 424 521 540 574 592 607 626 682 689 723 730 732 735 780 792 804 807 832 849 878 928 931 938 986
38 46 53 76 131 161 258 270 300 307 321 402 473 494 513 537 541 731 740 839 846
44 55 65 137 150 184 201 205 220 244 246 267 282 327 331 460 481 597 612 648 705 739 748 806 820 878 884 942
32 47 58 59 97 98 105 132 140 147 203 213 247 257 294 296 308 350 371 466 471 499 588 608 623 635 662 677 696 746 751 752 765 777 798 810 866 869 896 905 939 962 973
5 11 35 172 173 188 235 280 284 365 393 404 411 447 455 484 492 535 569 600 664 668 691 713 727 790 819 855 885 959
13 39 62 75 124 153 164 191 208 277 279 320 329 333 337 348 355 380 420 434 476 495 529 542 557 566 579 583 590 711 761 771 772 825 888 898 932 934 950 963 983 998
19 20 57 85 90 95 177 225 239 261 264 341 354 358 381 384 397 421 471 508 523 555 578 599 645 647 767 775 803 822 858 860 864 907 953 972
0 8 31 52 63 72 83 103 142 145 179 232 242 248 289 315 360 512 634 640 698 703 772 797 818 853 857 895 902 922 941 945 961 985
1 6 92 109 114 122 146 167 192 210 229 260 262 263 308 314 342 359 372 379 387 422 441 487 506 509 567 576 621 632 652 655 669 672 674 694 744 754 779 800 831 848 880 916 933 968 992 995
4 50 67 91 135 136 166 183 286 322 352 361 415 515 539 543 547 595 627 695 699 712 718 760 923 950
16 87 96 106 124 139 143 158 162 165 168 169 182 203 283 298 336 338 370 483 549 576 617 641 645 651 667 686 689 710 719 756 830 837 848 874 875 892 899 936 960 969 993 997
42 51 66 89 118 128 159 266 275 288 312 364 395 426 439 465 468 481 525 548 560 562 625 632 738 741 773 799 827 838 844 908 915 920 949
