10 139 144 180 248 254 326 396 399 451 473 486 537 561 592 596 618 652 665 667 720 793 795 798 809 816 823 876 893 897 908
3 16 56 77 320 370 415 437 446 478 481 495 575 583 587 590 653 695 724 741 790 797 821 833
43 78 97 134 143 145 159 184 198 204 205 246 267 269 335 418 425 431 453 493 496 503 560 567 573 605 608 615 624 689 690 731 746 762 831 846 851 861 877 880 885 909 912 931 976 978 992
15 48 70 79 84 88 122 128 167 185 207 213 227 234 318 337 390 438 445 457 476 514 552 611 628 648 691 780 794 814 836 914 929 945 946 964
2 40 183 218 236 239 255 258 303 326 333 339 340 358 359 395 398 463 479 544 553 617 705 757 764 782 791 856 865 886
33 44 57 87 104 107 121 174 193 197 199 202 206 214 281 419 427 442 468 471 491 494 498 513 533 562 574 650 736 783 820 857 894 903 906 930 932 939 948 965
49 100 101 142 241 257 300 311 325 336 368 375 379 404 411 433 459 482 500 598 627 661 860
7 61 114 118 134 137 147 172 305 315 371 424 430 462 535 538 584 657 659 726 786 806 819 824
12 23 41 168 188 232 275 309 316 352 365 385 409 416 434 509 581 599 670 693 703 721 730 788 802 810 854 866 874 887 899
112 130 148 149 153 235 281 282 313 342 345 360 376 443 490 508 546 547 634 692 711 805 915
27 55 127 164 203 219 250 266 295 361 366 373 391 414 492 516 556 625 632 642 654 656 676 700 734 742 747 768 796 811 818 847 852 864 872 879 881 882 926 953 967 997
61 90 190 242 245 247 260 280 289 327 354 382 388 390 422 444 452 464 466 528 541 551 589 614 639 643 646 686 750 808 833 863 883 902 904 919 947 960 972 980 987
71 105 137 138 156 215 308 394 408 417 442 485 501 604 616 660 674 688 706 709 749 770 787 843 934
94 125 160 233 259 323 362 397 429 455 470 472 497 540 577 620 622 629 638 696 722 728 748 760 789 841
4 20 28 36 69 96 123 173 196 244 306 355 364 369 533 543 549 595 610 635 645 680 685 735 761 769 771 825 871 904 911 936
58 73 76 102 165 178 180 186 194 217 237 240 270 272 274 290 317 367 395 413 440 448 449 461 554 586 647 672 674 698 721 751 774 776 785 835 869 905 920 925 928 951 966 990 993
9 18 19 42 93 97 106 111 117 129 177 181 196 221 389 401 410 423 499 524 550 661 683 699 715 717 812 845 848 855 883 900 913
1 35 52 63 95 98 110 126 146 166 169 205 224 230 324 328 405 412 441 480 559 572 600 660 671 707 733 745 753 759 773 784 785 803 815 817 830 838 889 920 925 933 970 985 986
17 65 75 124 162 182 210 226 273 284 298 341 356 379 480 511 526 663 708 725 729 758 781 816 943
22 113 115 116 186 252 268 271 278 293 296 317 331 372 384 439 504 532 537 548 623 651 675 706 755 767 792 796 804 822 829 832 850 870 875 898 915 949 952 955 956 974 983 984 991 999
11 34 54 59 80 81 89 187 208 251 262 299 329 331 344 456 460 488 502 519 529 549 558 636 669 678 679 713 828 840 873 884 917 935 940 941 982
5 32 37 39 185 200 211 302 314 378 385 426 514 516 521 531 601 641 649 662 734 851
14 45 85 132 158 189 201 222 233 253 263 276 304 309 322 386 403 420 447 464 555 557 578 623 626 714 732 744 763 779 800 850 886 895 924 929 942 950 961 963 988
24 29 92 93 109 176 261 286 319 321 334 353 380 422 428 436 517 588 612 687
51 60 64 68 72 103 119 136 154 238 277 279 283 285 338 458 474 563 675 766 772
25 38 120 150 151 161 191 192 220 294 344 359 402 421 469 487 492 510 525 564 580 591 606 607 630 655 677 717 740 775 799 826 888 896 916 934 954 957 975 981 989 995
6 31 47 50 66 86 126 131 197 231 256 265 330 350 351 435 450 467 484 506 519 532 566 569 571 594 602 637 644 664 666 677 681 682 694 702 704 723 737 754 767 813 822 839 842 849 853 868 891 910 914 921 938 968 969 971 973 994 996 998
26 133 140 155 187 218 267 287 297 301 349 357 363 383 407 432 478 503 518 530 536 545 568 585 626 631 633 640 655 718 719 737 738 788 889 890 918 927 932 936 944 962
46 62 108 157 175 212 228 234 295 307 358 363 374 381 387 392 406 448 483 523 570 576 582 593 597 619 697 701 778 837 852 860 862 892 901 907 941 958 977 979 982
0 8 21 30 44 109 115 171 216 223 229 312 393 440 475 507 542 579 739 743 765 898
13 53 74 80 99 141 152 163 249 292 310 343 347 377 394 400 515 520 522 565 603 621 668 684 710 777 807 834 858 878 922 937 943
67 82 83 91 135 170 179 195 209 225 243 255 264 268 288 291 332 346 348 454 465 477 489 505 512 527 534 539 609 613 643 658 673 712 716 727 745 752 756 763 801 827 844 848 849 859 867 923 959 994
