5 121 133 185 232 244 245 301 307 314 324 336 392 480 579 640 647 665 786 801 932
77 95 99 104 156 157 169 170 248 260 272 319 329 337 344 383 388 394 428 516 598 627 638 672 707 729 733 738 740 752 758 761 762 857 858 859 895 909 929 954 956 961 962 966 971 972 978 979 993
31 34 79 130 263 289 306 352 363 391 413 424 437 526 554 564 565 568 573 597 652 654 664 675 754 759 824 829 887 890 893 901 913 918 937 967
3 16 88 130 292 295 296 298 305 348 364 375 419 436 450 466 474 494 512 524 578 591 602 610 655 662 713 726 848 915 934 949
38 45 73 75 151 169 220 256 265 329 431 458 493 501 533 536 590 592 604 630 731 765 794 813 840 841 873 907 916 953 963 984 987
20 93 100 103 195 202 208 266 290 299 300 323 355 366 369 393 401 438 441 460 518 525 555 820 837 896 912 951 967
2 22 44 63 65 82 92 96 109 166 172 213 237 241 311 377 412 422 515 522 595 612 617 722 737 789 846 870 879 896 897 902 942 944 957 959 974 981 985
0 7 23 50 55 61 112 115 122 132 183 184 198 253 267 269 334 345 349 409 435 444 508 586 620 625 649 666 697 746 760 767 810 851 874 890 943 960 975 980 988
29 32 60 62 102 183 194 214 217 229 276 279 281 293 294 305 328 334 387 405 410 429 433 452 504 507 567 623 631 646 648 661 669 695 710 757 823 842 899 902 904 968 976 977 995
37 116 134 167 175 177 258 390 445 479 505 510 523 547 635 690 707 711 718 784 804 832 845 919 921 940 941 948 961
10 17 19 25 284 332 347 360 379 421 442 454 477 497 532 562 763 791 795 843 848 880 911
76 114 117 173 199 200 243 275 376 402 447 467 514 572 600 609 642 682 811 860 868 889 957
111 152 182 190 353 354 368 382 478 500 580 603 673 677 693 724 783 790 808 943
41 66 158 197 288 331 389 397 471 482 492 496 538 539 548 619 691 734 745 809 816 825 828 903 910 914 920 935
1 42 46 120 181 231 274 280 357 367 502 520 542 601 657 687 727 735 772 806
47 59 87 94 114 139 203 214 223 277 278 346 378 503 639 654 674 679 692 694 782 862 884 906
15 21 27 39 70 90 127 146 176 186 230 303 313 358 375 398 399 407 427 434 463 529 667 709 775 788 802 865 869 924 928 945 947 968 982 991
49 51 68 85 91 107 108 226 408 451 465 506 561 611 629 668 712 736 743 764 847 854 863 883 925 958
81 171 211 262 306 315 321 330 333 356 398 432 449 459 468 487 589 632 656 776 789 797 817 822 892 946
64 123 143 145 247 252 273 283 285 317 342 415 417 486 553 621 626 721 744 769 805 831 842 856 882
14 24 33 58 113 216 233 235 371 374 485 513 521 577 671 696 702 739 770 821
13 36 52 129 135 159 196 201 238 252 270 470 489 531 540 549 608 628 650 699 741 778 779 818 872 875
105 150 153 154 188 212 228 325 343 426 446 472 481 517 546 551 581 670 678 683 774 826 998
101 209 234 240 259 264 286 385 476 491 534 548 571 616 643 738 771 787 792 830 833 835 853 950
72 84 124 160 179 211 218 221 227 249 291 320 338 381 387 399 433 448 461 528 543 574 575 576 587 588 605 634 647 651 677 685 688 703 705 714 716 723 747 758 775 777 793 796 803 819 871 881 885 892 937 955 969 983 989 990 996
54 74 80 110 137 149 192 242 359 395 440 462 556 568 594 606 607 645 646 663 730 807
9 18 56 78 128 133 161 168 247 282 297 365 373 400 443 455 560 576 585 599 610 624 633 641 676 704 717 751 894 911 926 931 952 970 998
48 71 155 191 210 244 250 268 327 340 381 464 499 509 527 530 554 584 613 659 684 689 708 742 755 773 812 864 888 915 932 934 939 946 992 997
4 40 69 118 131 138 162 163 180 222 261 287 302 339 341 351 380 423 479 550 557 597 701 719 776 799 814 830 855 861 917 947 964 973 994
12 118 140 142 148 174 187 254 299 316 318 336 411 511 545 658 680 720 742 780 781 785 836 838 852 866 867 886 927 930 950 965
6 33 53 126 193 206 207 310 361 372 386 396 418 425 484 519 541 544 552 593 664 756 768 773 800 839 900 923
57 98 119 144 189 205 219 254 304 322 335 350 439 456 469 615 669 681 698 700 710 798 819 877 905 954
8 11 26 34 37 147 178 224 225 236 251 257 271 309 384 394 416 430 453 490 501 535 537 563 566 569 583 618 629 636 706 728 766 787 815 827 849 863 876 891 908 922 933 936 980 995
28 30 35 43 67 89 165 170 220 246 296 308 362 403 406 414 420 457 475 495 498 558 570 578 614 653 686 690 749 834 844 878 898 905 906 938 949 966 986 999
83 86 97 136 164 204 215 255 404 454 473 483 488 559 612 660 715 748 750 852 976
98 99 106 125 141 239 312 326 370 412 582 596 622 637 644 725 732 753 754 824 850 889 958 977
