28 92 156 288 354 361 381 390 430 498 537 607 647 723 765 777 783 805 809 877 900 919 933
30 104 115 157 170 227 232 234 241 341 345 398 412 523 593 640 641 707 768 786 828 830 837 863 882 906 916 932 940 941
35 43 60 158 197 268 272 278 313 318 331 376 385 404 418 434 459 463 480 514 522 584 663 683 688 711 769 774 784 789 831 835 948 969 972
21 34 58 76 103 107 132 192 194 200 358 404 446 533 549 562 660 681 684 705 766 857 867
2 24 93 108 119 142 231 238 269 294 354 424 506 542 548 556 611 612 626 644 665 698 735 737 757 770 856 934 937 946 957
1 7 48 78 86 101 130 179 215 309 347 363 396 397 436 447 509 510 559 628 658 898
23 46 145 175 182 284 302 323 355 372 382 390 401 409 444 496 527 528 574 670 687 709 720 839 911
97 117 141 151 174 196 216 228 230 290 292 307 320 413 432 450 541 629 695 697 798 848
10 18 55 72 118 324 407 525 531 602 613 672 691 703 713 780 816 849 861 917
36 65 82 116 167 212 255 383 454 468 497 563 645 674 699 743 801 820 823 855
26 41 44 54 59 93 148 168 186 190 204 258 299 325 395 422 438 465 502 520 526 587 618 621 648 652 742 754 767 800 806 819 860 872 925 945 947 963 996
12 50 67 172 245 317 429 431 437 462 554 614 622 627 672 675 704 734 764 827 884 920 933
88 89 201 212 265 406 441 443 451 457 483 571 594 595 634 671 719 725 775 792 807 829 889 922 936 938
19 52 114 123 162 229 263 276 338 348 368 442 449 470 472 494 495 529 552 560 561 565 577 582 599 608 630 638 678 682 689 694 714 715 725 732 736 738 745 778 795 832 878 915 950 958 959 971 997
6 8 118 155 185 195 218 232 251 282 303 304 310 330 344 393 399 421 423 435 440 624 639 646 653 671 712 853 874
20 32 45 77 113 125 138 140 206 207 213 235 248 319 380 539 541 567 568 592 609 610 615 623 666 880 897 903 924 936 939 949 956 961 976
15 53 56 80 133 139 177 181 203 219 220 291 298 301 303 332 360 386 415 420 445 540 578 583 667 717 729 730 747 763 781 823 844 846 847 865 904 923 942 951 991
47 62 72 83 87 124 128 149 191 193 236 286 318 322 339 373 461 485 486 489 505 530 538 546 566 569 599 630 673 693 698 734 785 787 791 793 800 802 860 869 875 876 878 892 905 912 964 985
13 22 95 109 134 146 222 266 300 306 308 311 464 467 473 532 545 557 716 728 797 810 815 836 838 851 871 883 908 930 944
14 69 106 163 165 187 211 237 244 275 280 297 316 336 340 343 367 408 424 456 458 466 517 518 524 572 585 598 686 708 756 759 796 822 850 858 891 909 910 954 991
30 61 84 85 121 126 127 135 178 213 240 246 350 414 500 580 637 680 731 739 751 779 811 886 913 929 960 965
38 45 51 66 99 102 111 129 147 197 221 257 337 427 493 501 516 551 575 590 649 655 692 701 803 833 843 847 874 894 953 984 987 992 999
25 39 63 75 96 145 166 210 257 261 296 335 365 384 423 490 508 513 669 710 761 868
41 57 171 188 199 225 247 267 273 312 327 349 356 365 375 387 391 411 439 448 459 471 484 564 597 656 676 721 760 773 808 818 820 899 921 931 975
76 79 136 150 154 256 283 333 342 369 388 452 453 481 511 512 550 600 702 726 753 772 812 840 841 852 862 893 977 982
4 11 17 73 105 110 116 173 198 205 253 259 277 289 334 346 359 402 474 478 485 499 505 515 536 557 579 586 632 633 650 677 706 722 724 741 834 842 883 888 901 907 914 959 986 989 995
3 29 42 112 159 243 285 321 326 346 357 374 477 503 558 576 580 603 679 681 685 690 706 726 804 887 895 943 952 980
37 40 49 69 100 137 153 205 305 339 341 342 363 405 476 479 507 543 588 620 631 642 744 745 746 750 762 782 902 955 967 998
0 16 64 68 80 94 98 120 144 149 152 208 223 226 314 356 364 371 392 403 425 455 488 516 519 636 643 657 659 727 748 760 790 888 892 918 956 968 979 981 988
4 122 131 143 214 254 264 270 351 366 370 379 410 547 589 596 604 636 637 651 662 718 788 825 845 879 890 914 917 926 983
164 176 182 189 202 224 242 250 252 262 272 274 279 287 328 352 416 426 428 433 484 492 521 544 573 591 606 625 661 740 752 755 763 780 794 799 824 870 881 895 970 973 974 978 990
103 160 173 233 239 249 260 271 281 329 362 378 394 460 463 470 535 540 553 560 581 582 654 664 668 696 733 771 776 838 864 902
5 81 161 180 183 184 209 293 377 400 445 469 475 482 491 543 700 736 819 821 826 865 873 896 927 928 935 962 966 993 994
9 27 70 74 169 194 217 222 223 295 353 389 419 471 487 534 601 605 767 854 864 866 885
19 31 33 71 90 91 315 417 464 504 555 570 616 617 619 635 749 758 813 814 817 859 937
