6 23 43 162 167 182 207 233 326 330 331 401 450 455 500 506 539 542 570 579 588 613 623 651 664 741 752 822 823 838 847 889
4 34 77 82 89 93 119 142 160 236 267 308 381 398 461 487 488 546 550 571 574 656 680 682
30 33 58 137 145 147 155 205 274 309 389 397 426 454 476 491 564 619 647 696 748 750 755 795 807 830 842
12 16 26 72 109 120 128 201 253 293 372 438 448 453 467 518 524 529 540 562 590 616 638 718 773 787 796 827 846 871 900 911 918 950 953 954 955 956 996
17 32 55 69 79 83 94 151 210 230 239 278 322 384 410 423 445 626 648 673 699 704 717 784 985
36 66 80 90 123 156 168 183 184 198 229 297 303 315 341 386 401 409 413 477 530 572 578 580 650 714 818 854 861 877
1 61 106 140 146 172 196 197 235 241 247 261 295 305 327 359 418 498 534 605 629 641 712 742 760 799 829 839 903 906 920 984 995
2 10 41 47 50 63 65 75 86 92 126 136 175 200 214 292 364 391 452 555 573 666 681 777 780 810 813 829 837 862 888 893 901 926 931 935 938 952 959 967 969 981 992 998
36 127 150 181 220 246 280 326 356 365 399 415 441 474 479 521 582 596 603 644 652 662 684 688 732 739 758 812 843 856 875 899 946
21 38 134 144 180 204 232 333 348 376 388 422 429 472 508 531 532 559 595 606 665 693 728 731 757 776 798 804
18 117 148 166 176 196 227 255 281 291 310 323 338 345 383 402 437 439 483 494 526 558 624 659 672 743 762 792 853 873 902 910 999
62 95 103 112 122 142 191 209 221 287 360 374 392 393 403 414 512 517 548 593 729 734 764 774 791 808 841 845 859 866 867
13 59 68 78 102 165 185 242 268 336 419 422 533 547 561 617 661 663 675 685 713 737 756 766 963 995
7 31 74 129 218 244 264 295 311 316 317 325 328 382 432 449 464 470 492 549 554 567 589 635 641 691 768 785 789 793 834 868 874 887 912
0 5 67 86 113 124 130 179 265 340 377 407 428 481 499 501 503 612 630 635 660 709 715 777 803 819 821 842 909 917 929 933 934 937 939 964 966 971 972 973 982 991
56 63 81 162 190 226 228 231 269 276 294 301 312 314 339 352 486 499 513 522 583 643 649 733 769 879 881 891 898 908 913 914 919
76 115 133 152 154 164 177 187 240 251 259 266 282 320 343 412 430 456 469 478 496 497 511 527 529 575 634 669 719 724 783 801 816 852 905 932 941 965 997
14 28 54 118 122 131 139 173 199 206 211 217 260 337 347 351 405 444 446 462 563 585 640 654 703 747 778 794 826 848 851 894 927 928 989
88 165 186 203 263 273 290 298 307 344 356 457 553 608 625 646 695 705 775 866 884
107 159 169 189 218 277 286 296 313 368 400 436 459 493 551 607 611 692 727 733 788 802 820 844 855 870 880 886 887 898 961 963 985
9 25 35 42 48 70 110 195 250 256 285 362 451 496 523 560 577 587 591 621 658 665 667 674 689 744 765 806 817 846 849 890 895 904
117 149 213 237 243 258 262 272 289 300 329 349 354 355 371 375 407 425 452 459 460 466 489 505 535 598 604 615 637 670 751 759 828 849 857 860 869 942 947 949 974 976 979 986 991
22 37 101 121 132 178 188 238 275 284 288 329 412 416 418 431 443 484 507 510 586 622 642 676 746 811 840 858 865 907
11 39 41 169 225 248 249 279 283 304 357 358 404 467 471 482 495 515 525 599 632 671 679 770 781 805 815 835 882 966 996 997
19 52 91 135 193 216 332 361 420 440 447 475 485 489 511 541 653 694 711 720 723 725 814 884 907 961
3 46 64 98 104 116 252 299 335 344 350 378 419 435 473 509 519 557 568 600 601 722 730 745 772
27 53 73 85 87 111 158 208 306 321 342 357 408 417 514 520 528 576 581 592 594 602 604 631 657 698 707 710 740 878 883 972
49 84 125 157 161 223 224 245 262 433 490 552 610 627 700 701 706 736 981 992 993
15 40 97 114 115 158 170 234 270 324 379 387 390 394 411 537 569 573 588 668 674 721 735 738 761 832 836 850 863 876 885 896 923 924 926 936 945 951 970 975 977 988 990 993
51 71 163 318 334 363 366 369 380 385 427 458 502 566 584 628 633 636 678 702 999
44 57 60 100 108 141 212 219 254 267 271 302 320 354 396 463 504 548 591 609 645 683 687 697 800 831 864 939 946
45 105 143 194 201 215 222 334 373 414 421 424 434 448 480 486 538 556 565 597 614 618 620 629 655 686 716 726 740 782 824 825 892 928 940 943 944 984 989
8 29 96 99 138 171 174 202 257 275 319 367 395 465 468 544 569 587 639 677 690 708 749 754 767 775 779 833 872 897 915 921 990 998
20 24 65 153 171 192 214 287 292 346 353 370 406 442 516 536 543 545 599 669 746 753 763 771 786 790 797 809 914 916 922 925 930 948 957 958 959 960 962 968 978 980 983 987 994
