19 119 187 212 242 321 326 390 417 487 515 647 655 659 793 797 815 829 835 880 936
32 48 100 118 123 148 215 282 298 462 463 483 499 567 586 732 746 827 875 890 899 915
7 46 74 90 95 99 120 126 132 164 184 186 200 362 366 438 454 492 498 519 574 579 605 669 685 738 748 749 789 832 844 876 927 976
42 88 122 131 139 147 158 160 170 218 220 226 284 310 322 363 388 397 425 426 434 453 461 462 469 500 514 538 543 594 606 690 719 731 800 801 812 822 836 838 854 855 881 897 917 970
29 65 146 173 277 283 288 299 306 351 392 409 413 459 461 477 518 571 597 651 686 691 698 744 756 762 771 780 790 846 866 887 888 907
11 30 67 68 117 137 203 285 315 400 402 435 486 503 516 542 546 588 759 767 856 864 879 925 955
36 37 54 76 141 176 190 194 213 235 260 261 266 292 297 300 320 361 393 456 458 460 550 581 614 616 621 632 663 680 695 727 730 831 850 877 892 895 923 944
35 79 85 91 125 127 178 211 262 308 325 328 329 431 442 450 554 563 575 619 671 678 700 743 761 766 778 816 841 884 921 957 995
16 60 75 81 86 89 97 108 135 143 152 225 243 308 314 340 408 432 433 531 549 570 580 584 592 626 639 660 672 696 705 714 724 725 799 801 810 817 819 824 828 911 917 930 975 981 992
38 53 140 144 281 350 372 376 406 455 471 504 505 507 576 594 624 630 683 719 775 813 848 863 874 898 959 984
10 26 98 104 110 111 128 134 165 179 258 280 303 557 562 611 637 657 684 721 733 779 837 940 985
12 24 33 96 101 112 129 132 138 163 192 316 330 333 338 341 348 353 367 386 389 398 401 411 500 566 568 607 618 653 656 697 706 740 756 765 784 806 807 894 966 974
3 14 25 107 157 162 181 234 261 287 302 323 364 377 423 475 489 513 529 541 577 600 613 620 626 640 646 704 720 811 920 921 931 933 945 965 983
9 51 219 248 276 286 355 420 526 528 540 558 572 599 628 629 674 869 878 885 889
8 15 56 124 127 207 230 272 331 347 399 421 464 474 506 508 523 564 578 579 591 634 664 734 737 741 745 755 820 824 853 872 873 905 937 971 973 991 998
20 23 49 73 105 109 172 185 193 224 319 375 383 385 470 493 517 533 589 693 722 785 788 814 871 918 948 996
41 50 61 208 274 291 294 370 427 479 585 633 645 648 652 665 710 747 753 781 787 792 950 986
28 47 52 75 84 115 166 188 191 205 245 250 259 264 311 327 446 477 478 488 490 494 501 525 534 547 559 573 593 625 644 750 757 758 770 773 811 847 868 909 968
59 102 159 206 228 231 288 327 357 394 466 548 676 688 716 717 718 768 852 883 891 912
1 80 161 169 223 244 304 309 318 332 352 358 374 407 408 412 485 649 658 662 689 712 795 821 823 826 842 913 922 932 942 961
40 43 156 241 251 256 267 269 273 318 335 342 380 403 414 452 482 520 535 557 602 609 637 699 783 803 804 834 862 886 893 903 952
78 82 144 202 227 252 253 278 289 343 353 387 418 445 635 643 661 728 764 802 860 916 977
2 17 39 45 78 161 168 180 184 195 197 222 240 279 334 354 365 384 437 448 495 502 532 544 555 568 596 603 680 705 707 729 751 788 791 809 904 914 924 934 946 947 991
13 25 27 58 149 201 227 246 295 317 436 444 496 553 587 610 615 702 724 845 857 865 906 924 951 989
18 44 114 145 249 257 271 281 313 349 415 419 424 430 440 443 484 509 524 537 560 642 708 858 901 910 954 972 988
21 55 70 94 116 121 122 142 151 155 177 189 290 305 356 369 381 409 410 604 627 638 654 754 805 843 922 980 993
33 64 93 106 113 232 237 301 322 326 336 337 360 378 379 395 416 449 476 505 556 582 595 598 666 677 679 711 726 739 742 769 772 786 808 820 839 897 900 902 929 964 965 979
34 54 56 57 77 87 150 153 170 175 221 222 233 312 345 369 429 439 486 491 501 517 556 563 569 583 692 694 723 798 840 859 953 960 970 990
0 62 63 82 133 174 236 247 255 368 373 391 396 422 428 451 487 521 527 545 631 650 735 818 833 849 978
6 22 31 53 93 103 136 167 198 199 268 339 341 371 372 382 393 404 426 465 468 472 475 512 522 530 536 558 569 622 668 682 683 687 697 703 726 760 774 777 896 926 939 949 969 982 986 994 999
6 71 83 209 210 344 359 467 480 539 552 617 673 713 763 825 830 845 861 867 935
14 66 92 154 183 186 205 209 211 214 216 217 263 265 270 309 313 405 441 443 481 497 502 551 561 565 590 601 608 641 667 675 681 715 752 794 838 882 941 963 974 987
146 171 229 238 254 293 296 307 324 345 346 473 623 641 701 709 796 884 908 928 943 956
4 5 69 72 130 151 182 196 204 239 259 275 447 457 510 511 586 612 636 650 670 717 721 736 776 782 807 851 870 919 938 958 962 967 997
