24 44 70 74 107 173 174 186 191 201 285 326 415 558 565 585 596 700 708 762 796 797 806 808 823 865 940 949
76 170 190 238 309 327 342 376 419 539 593 595 621 676 753 815 840 867 883 934
30 38 53 62 63 90 100 177 193 208 253 256 258 293 294 308 330 357 365 395 405 431 457 498 524 547 622 646 649 723 773 776 804 820 869 903 957 959 981
0 47 165 176 179 208 246 274 300 303 335 347 352 358 383 388 396 434 479 508 513 577 592 598 603 608 614 626 665 671 672 720 730 736 745 779 811 813 853 855 895 942 988 999
9 18 38 40 55 109 110 114 139 162 200 244 248 272 280 301 350 365 375 385 440 454 466 480 481 486 523 549 555 559 560 573 618 624 627 661 685 687 696 703 807 825 833 842 891 910 953 971 976 994
20 127 240 265 284 305 351 361 368 410 465 490 504 510 545 617 657 659 683 689 727 754 755 884 921 926
8 14 79 84 101 112 141 172 210 222 260 283 287 310 432 452 545 588 613 615 635 670 693 731 734 827 830 866 870 892 956
15 74 108 118 166 207 212 233 243 251 306 315 328 337 378 382 403 463 494 526 550 558 589 632 634 643 644 651 686 688 715 718 766 767 768 787 856 893 894 948 960 997
1 71 76 138 150 189 221 231 250 274 275 289 295 299 302 360 380 396 402 430 475 492 509 511 518 570 590 609 625 637 660 680 695 712 732 737 751 805 818 834 907 986
3 42 51 57 68 198 217 219 222 228 281 288 349 394 399 528 631 785 819 839 885
12 21 27 29 31 78 81 95 98 137 140 183 209 216 237 277 304 371 373 464 473 546 561 562 575 579 586 590 599 606 628 707 717 744 770 772 777 816 847 937 983 987 998
16 52 103 136 178 199 234 248 268 290 297 317 319 348 381 407 442 477 512 535 566 574 601 611 616 654 664 690 752 763 765 795 803 829 858 888 899 904 929 969 974 978
83 134 182 187 235 311 361 373 401 426 532 576 581 691 793 799 800 896 908 918 958 984
35 53 60 66 92 93 133 153 218 264 271 336 339 356 421 424 534 597 656 719 721 783 836 841 887 985
56 59 104 121 143 166 197 206 263 266 318 333 336 384 392 397 413 425 443 448 455 489 496 504 516 520 541 619 704 764 771 785 809 831 832 854 886 915
47 99 105 128 167 192 205 215 245 257 312 321 324 328 341 353 370 404 409 423 437 459 501 554 582 587 639 640 641 673 702 739 761 814 876 877 889 935
28 67 80 86 232 255 259 286 292 297 367 451 458 472 536 568 722 778 784 790 874 924 970
10 17 87 115 122 136 142 151 157 158 211 254 270 276 307 345 363 379 393 408 422 471 478 505 515 537 551 556 572 578 636 652 655 675 705 807 821 863 883 914 920 932 936 939 974 980 990
50 54 88 89 130 152 161 203 204 213 214 252 314 414 476 484 527 543 706 717 749 782 828 924 942 966
34 40 64 194 269 331 338 369 468 469 488 499 503 623 626 682 694 724 743 746 776 788 791 835 844 845 902 905 906 931 945 989
2 25 37 39 45 69 72 96 144 160 184 237 262 278 313 320 332 359 366 416 436 444 461 482 494 514 553 610 692 697 711 737 742 747 780 798 809 810 827 847 867 890 900 928 944 981
9 85 189 220 273 362 377 407 441 458 483 507 569 596 612 648 660 663 681 699 710 836 837 846 897 938 961 965 967 993
5 83 120 123 175 316 364 470 473 485 519 538 563 607 645 728 735 760 824 850 857 859 877 881 950 954 973 999
6 7 41 43 88 91 116 117 119 171 185 195 206 229 239 261 329 340 344 360 386 390 406 412 418 456 495 522 531 583 650 666 669 671 679 684 733 739 748 774 792 848 862 871 922 923 926 938 955
23 82 126 155 164 168 231 242 325 334 372 427 447 450 533 548 552 647 658 698 726 729 740 757 875 943 995
11 22 33 61 163 194 196 230 282 389 417 453 532 653 674 677 794 800 817 822 899 912 915 947 968 979 992
19 32 49 58 73 75 102 113 133 154 224 225 279 354 355 387 398 400 456 474 536 557 567 571 584 594 602 618 638 642 716 786 849 864 868 878 917 919 946 952 962 982 991
125 145 164 199 202 223 374 420 438 517 530 542 580 605 620 630 668 709 741 781 873 882 916 963 964
97 124 146 180 181 249 255 296 322 323 339 343 429 435 449 500 650 667 714 725 759 789 802 831 834 879 880 909 925 972 975
41 46 48 94 111 131 148 156 169 241 267 428 433 439 467 487 497 509 604 701 758 872 898 933 944 951 976
13 36 77 98 129 132 135 159 226 236 247 277 298 307 319 345 391 411 445 446 493 502 506 521 525 529 540 564 591 600 629 633 662 679 725 738 756 801 825 838 843 852 913 941 977 996 998
4 26 65 106 147 149 157 188 227 238 284 291 346 398 460 462 463 483 491 544 568 678 682 713 740 750 769 775 779 812 824 826 851 860 861 901 911 927 930 969
