6 20 61 88 124 183 198 205 223 235 247 257 363 366 415 436 440 462 465 523 578 624 633 670 751 798 882
27 76 90 144 185 208 225 229 384 502 542 568 588 590 605 668 676 682 753 759 781 820
19 78 89 141 153 176 196 222 229 339 349 352 353 364 376 378 379 385 388 456 478 484 496 501 546 552 565 583 587 593 596 604 634 660 662 686 705 783 790 811 867 895 962 976
35 45 54 68 70 92 100 101 110 117 199 237 270 289 345 362 386 443 472 488 527 732 734 735 745 775 825 870 902 905 938
58 63 146 157 175 227 238 284 334 357 387 414 437 441 515 516 521 540 576 627 645 687 713 730 778 813 814 889
2 18 28 120 133 139 195 249 269 275 293 372 434 455 464 518 641 711 738 746 803 812 815 832 943
12 48 154 163 213 221 287 323 428 442 447 450 468 473 499 530 564 597 661 662 699 700 717 736 772 782 834 844 862 868 872 883
22 77 182 200 209 226 296 300 347 361 425 457 467 471 489 507 574 609 721 744 752 754 769 797 810 819 821 875 914 935 978 998
15 33 46 61 69 72 117 127 142 184 250 281 283 290 301 337 346 395 400 497 503 538 539 551 557 608 639 669 701 724 755 798 815 821 846 851 857 859 880 919 923 926 956 972 980
131 191 231 331 374 418 458 474 536 595 616 647 714 773 775 786 792 835 852 853 855 874 877 890 897 903 952 998
1 24 32 83 102 106 126 129 150 158 172 186 206 236 272 277 394 399 431 454 459 524 532 533 535 537 543 554 561 582 611 625 708 710 739 802 826 865 872 873 876 921 936 957 963 997
4 7 8 67 74 79 135 140 145 151 167 315 332 344 377 396 409 423 477 500 526 543 555 575 690 706 728 733 784 830 836 839 850 879 930 937 950 958 959 961 964 970 973 975 988
52 93 102 119 136 156 159 204 212 230 243 255 256 267 274 321 322 365 371 476 550 569 571 603 647 651 658 671 681 685 695 725 794 809 824 861 884 899 907 920 924 927 945 973 979
30 66 87 98 135 137 214 261 266 298 312 330 355 397 402 405 427 432 475 510 558 566 598 600 632 642 671 672 703 722 747 789 799 808 898 918 931 942 948 952 992
0 31 118 192 197 271 310 375 390 391 430 463 483 510 563 572 612 619 715 770 774 801 831 849 965
30 41 65 85 109 123 211 220 232 240 251 258 292 303 341 348 380 405 412 449 496 534 553 586 659 703 704 709 806 817 840 869 911 933 951 977 978 993 994
13 23 47 50 62 104 128 130 137 138 166 190 262 263 278 294 305 327 340 360 385 493 522 524 549 607 691 695 726 793 804 805 912 915 916 939 953 969 990
17 37 64 72 80 113 116 169 171 201 276 302 307 308 309 354 413 429 435 452 559 601 621 630 638 642 648 653 724 727 767 792 818 827 845 856 858 871 880 881 892 893 908 934 937 943 944 966 996
51 99 112 160 194 224 260 268 338 370 383 401 446 556 602 650 678 698 765 827 896
57 67 78 115 147 180 191 248 275 286 313 335 343 381 408 417 445 456 491 577 607 627 657 674 718 726 741 742 768 776 811 853 885 894 906 938 954 989
3 16 38 81 95 114 219 244 273 295 325 411 451 506 519 532 560 667 679 697 764 898
70 103 125 129 173 179 188 217 218 285 287 311 319 333 358 375 389 416 453 482 490 492 525 549 579 594 606 644 649 689 693 704 707 757 760 795 800 833 837 869 873 886 922 928 929 940 947 960 967 985
26 29 40 53 119 155 181 187 193 382 420 517 623 628 636 663 664 723 740 785 809 822 823 838
36 59 86 148 174 233 239 306 314 438 460 469 480 490 541 545 567 604 614 635 643 652 655 656 683 743 748 766 782 848 888 891 910 933 946 955 974 983 984 999
10 73 107 122 246 280 328 342 367 395 406 444 479 528 547 584 615 629 654 705 720 729 749 761 780 847 864
9 44 60 94 152 164 320 330 336 351 403 466 573 591 599 637 673 677 684 754 762 807
11 39 97 143 167 177 234 245 314 326 329 350 373 461 486 505 514 547 581 617 622 640 675 696 731 758 839 863 866 878 896 897 909 917 932 941 949 968 971 981 987 991 995
5 84 149 202 253 264 282 318 356 392 398 401 422 426 481 498 520 529 744 787 988 990
25 56 91 121 170 215 216 254 265 329 368 494 511 513 544 570 585 592 646 674 712 737 779 965
21 43 75 82 168 189 203 228 234 245 252 259 359 362 369 404 424 448 504 531 618 632 688 756 860 916
34 45 71 96 105 108 111 241 242 288 299 304 316 324 407 421 439 443 512 516 545 580 589 613 620 626 665 680 694 740 763 771 783 829 842 843 854 924 945 982 986
55 134 178 180 204 207 210 317 332 410 433 470 485 487 495 508 562 765 777 788 791 796 816 828 841
14 42 49 132 161 162 165 279 291 297 393 419 488 509 548 610 631 638 666 692 702 716 719 747 750 887 900 901 904 913 925 985
