20 47 129 230 266 284 290 322 416 437 444 464 465 484 491 516 542 551 580 602 610 630 663 675 731 764 796 803 804 818 840 866 875 906 930 944 947 954 969
46 92 106 211 220 278 319 361 378 415 424 436 441 449 480 482 500 503 583 609 619 636 658 662 687 724 727 737 828 904 920 924 935 967
162 174 192 203 214 218 313 343 388 467 527 571 590 596 672 692 702 725 736 740 744 748 753 824 830 856 859 958
42 57 59 60 71 78 104 120 133 163 170 179 231 265 300 302 316 338 383 406 408 425 434 477 488 497 595 646 690 710 747 750 791 812 872 878 914 932 951 952 955 965 972 974 975
72 79 99 103 186 192 223 247 282 293 301 310 337 359 363 534 546 559 573 678 719 726 746 761 787 811 815 855 864 868 891 987
8 53 70 85 89 110 142 145 202 210 230 237 256 269 271 287 367 369 451 470 481 483 490 507 560 628 635 749 760 767 780 792 795 809 829 873 946 963 999
1 58 98 114 168 216 233 236 279 308 332 418 455 494 532 538 562 564 566 654 664 665 720 728 732 741 742 751 781
0 18 73 80 116 117 125 148 205 212 243 274 362 402 404 405 423 429 517 547 582 595 598 641 643 650 701 718 774 799 817 833 867 888 907 910 929 956 960 962 983 986
4 23 188 190 204 208 221 281 317 400 431 440 448 457 475 492 528 555 591 666 738 752 786 793 831
15 41 56 105 137 139 141 161 175 207 209 288 356 366 373 409 414 417 439 447 471 474 486 601 611 625 642 693 709 714 762 784 785 806 814 822 871 879 908 961 971 985 994 995
13 14 17 83 123 136 146 147 157 193 198 241 296 312 327 376 384 386 462 519 544 589 599 612 649 739 756 778 807 816 860
28 96 154 189 215 226 229 235 253 275 368 382 501 518 522 575 593 629 649 653 674 697 704 712 770 772 826 836 840 883 890 918 936
5 24 63 67 81 109 148 195 213 244 250 267 285 320 336 341 344 345 358 389 398 432 498 508 567 574 605 626 659 681 769 790 802 810 847 851 881 902 940
32 36 74 151 177 200 257 325 365 371 420 502 510 550 606 607 616 660 699 722 880 888
45 80 86 102 132 138 152 183 206 259 294 334 335 352 353 390 421 461 473 545 632 639 647 677 689 783 805 837 869 950 967 970
12 21 119 165 170 222 224 254 270 298 321 389 395 489 517 540 549 608 657 700
31 40 69 90 91 140 153 181 219 297 299 303 311 375 379 422 426 430 443 496 505 523 536 648 680 683 713 797 827 834 835 837 879 881 892 903 915 933 957
22 95 126 166 176 238 249 292 396 493 495 525 541 561 597 655 669 691 715 716 862 999
2 31 66 101 113 144 217 252 255 283 288 350 459 478 490 514 553 578 579 620 631 673 676 682 686 688 839 841 886 899 981 998
7 19 34 44 76 121 125 149 172 173 199 260 264 277 279 318 339 410 479 511 524 535 586 600 634 668 707 708 735 771 777 780 857 876 880 895 896 901 923 977 978 980
35 48 51 94 108 116 154 194 196 305 342 367 427 437 475 485 499 522 529 530 543 556 584 624 638 775 782 821 841 846 849 863 874 884 917 922 934 942 949 987
37 38 39 49 97 115 130 156 160 169 173 307 318 347 372 387 526 570 592 637 670 685 698 717 743 745 768 844 862 893 900 922
26 27 36 43 49 82 88 167 187 228 240 284 330 333 344 354 454 460 463 498 524 533 537 569 584 585 618 627 696 729 733 769 784 819 820 823 845 850 865 882 889 905 910 919 931 953 982 988 996 997
15 64 77 111 184 276 286 306 324 328 351 419 428 433 446 466 469 476 552 554 565 572 651 656 705 730 755 763 765 798 801 813 865 909 911 921 925 926 937 945 964 989 990 991 992
54 57 72 112 118 122 128 135 150 185 186 239 262 289 340 364 380 385 435 472 487 558 563 576 587 594 604 617 640 668 677 679 699 754 773 776 779 788 897 943 973 979 993
9 30 62 70 93 107 171 227 258 295 314 329 331 366 381 387 401 403 450 509 568 603 644 675 723 759 794 825 885 950 964 976
6 25 33 63 87 134 164 178 232 245 273 323 326 407 458 613 623 757 835 976 981 998
55 65 150 191 225 242 272 291 315 360 392 506 515 577 581 614 615 621 667 703 706 962
3 50 158 159 246 251 346 349 391 399 411 442 445 452 456 468 531 639 694 701 711 721 774 789 800 808 809 838 842 848 852 854 861 870 887 894 898 912 916
10 11 16 61 66 68 113 124 155 180 182 234 248 280 357 358 393 412 413 426 438 453 504 513 548 567 588 645 661 832 848 858 895 913 938 941 958 966 968
29 52 68 90 127 131 197 304 348 355 374 377 394 399 505 521 684 695 734 739 758 867 889 924 936
73 75 84 100 111 143 201 202 261 263 268 309 311 362 370 397 512 520 539 541 557 598 622 633 643 652 671 694 719 766 843 853 877 927 928 939 948 959 960 970 984 995
