2 10 22 64 68 95 101 145 173 204 214 240 254 328 358 360 374 398 420 505 523 535 557 563 566 574 599 613 622 630 644 668 760 795 816 826 921 926 954 960 967 
11 16 24 34 41 47 88 91 123 126 164 181 185 261 303 348 349 352 366 371 412 496 503 559 605 611 642 654 702 716 745 761 787 796 835 847 873 883 
6 39 44 56 71 79 106 107 116 183 234 248 250 273 282 317 321 425 447 455 477 510 520 521 653 685 700 720 790 797 828 842 897 923 934 955 
0 37 48 63 65 83 85 109 121 150 153 197 202 242 312 332 362 380 384 401 443 476 573 676 710 748 766 779 801 836 865 870 872 944 945 972 
28 104 140 177 180 213 270 340 370 403 404 458 479 518 537 577 659 677 734 736 743 825 831 851 877 884 893 913 938 966 992 994 998 999 
5 8 49 78 99 224 257 262 288 353 407 418 459 501 507 539 560 561 587 595 600 604 626 655 670 747 764 780 786 895 939 965 985 
23 59 130 159 172 223 231 274 289 305 436 441 475 478 552 568 620 624 648 721 726 729 750 770 775 783 808 813 855 892 899 950 
43 51 102 152 235 333 344 359 397 426 427 431 435 466 472 487 488 515 525 527 607 609 658 701 712 751 860 861 978 979 980 997 
53 92 113 124 228 239 285 308 320 325 354 379 382 386 387 392 415 419 430 457 486 522 580 616 695 791 792 811 868 912 940 957 
9 80 112 114 119 127 156 188 215 217 225 265 462 464 484 513 514 516 536 570 594 601 681 749 882 898 915 920 925 946 981 
84 137 169 170 176 216 318 341 381 383 445 451 471 498 499 509 545 592 597 628 629 633 656 763 773 776 807 859 889 902 956 
14 20 33 60 141 147 191 192 193 211 301 346 395 424 506 532 547 610 627 636 666 669 740 771 774 802 810 818 885 927 
29 117 136 161 174 207 212 245 365 378 406 409 421 473 481 526 583 665 694 735 739 753 793 819 862 869 871 888 949 
128 139 175 226 275 343 351 361 434 449 467 489 550 596 612 641 650 657 730 732 769 788 794 867 937 941 964 
1 73 87 131 157 167 168 229 280 315 337 493 495 504 534 567 578 647 709 728 746 765 789 827 878 931 976 
13 67 98 143 182 186 195 299 372 411 524 542 575 582 680 686 696 703 742 782 838 881 916 973 986 990 
12 25 31 77 148 194 276 310 375 490 531 541 553 562 722 767 768 803 804 814 852 890 909 961 975 983 
7 58 155 160 187 190 208 232 355 367 390 393 429 480 492 512 569 586 675 691 744 772 858 906 933 968 
76 90 133 146 163 222 256 263 278 336 376 410 414 448 544 585 640 737 781 799 822 834 887 891 907 953 
69 122 171 199 201 218 238 246 385 438 439 446 502 508 540 608 667 718 719 805 832 848 894 963 991 
66 132 179 209 294 323 324 330 364 368 452 460 461 558 565 584 591 631 693 724 738 905 914 977 995 
42 46 54 93 135 184 233 311 334 338 339 342 357 417 444 469 551 683 688 715 778 817 833 959 
4 17 57 198 210 220 255 284 345 363 422 440 556 618 660 697 714 752 784 876 896 924 958 984 
15 89 129 134 200 203 236 243 269 300 306 331 482 519 538 581 619 639 711 713 875 911 942 989 
38 45 244 260 292 297 319 517 549 590 603 615 645 678 699 815 845 850 856 857 900 935 951 971 
35 62 100 166 258 283 314 316 326 329 428 433 470 485 494 500 614 684 707 741 758 880 886 917 
40 61 103 259 272 402 408 468 528 533 546 554 598 646 673 717 806 809 821 823 830 874 922 982 
75 96 142 165 205 253 264 309 335 347 369 497 548 579 621 638 643 723 863 908 928 943 962 
50 118 144 158 221 296 456 564 672 698 708 757 762 798 820 829 839 866 904 919 947 952 996 
30 74 138 149 219 230 249 252 268 295 304 313 388 405 437 463 588 652 690 759 785 910 918 
3 32 55 110 151 227 241 267 389 394 465 635 671 725 727 756 777 837 853 929 
19 81 94 178 293 322 356 423 483 543 555 571 664 682 841 846 901 930 969 993 
21 36 97 111 281 400 413 491 511 576 602 632 687 689 692 843 879 948 974 
70 82 154 162 196 298 307 350 454 474 625 634 637 649 706 733 800 854 987 
27 72 86 108 206 327 530 572 606 617 651 662 704 705 840 849 936 970 
287 391 399 442 450 453 589 593 623 679 755 812 824 844 864 903 932 
26 115 237 266 279 290 416 661 663 674 731 754 988 
120 125 277 302 529 
52 105 251 373 396 
18 189 286 432 
247 271 291 377 
