35 42 43 55 71 86 107 129 141 158 165 192 208 232 309 347 367 382 386 411 420 437 503 601 611 629 644 648 718 744 760 780 791 809 812 821 823 844 889 902 916 948 
48 62 66 81 102 109 115 126 151 153 154 191 198 221 261 294 323 393 431 455 475 487 502 512 542 559 609 673 685 715 732 758 768 794 795 811 822 841 907 944 949 
76 111 188 206 242 248 253 274 291 292 328 360 363 364 378 379 435 445 454 460 523 570 604 607 649 668 678 741 754 762 777 848 849 873 891 901 937 965 978 995 
50 93 95 139 164 170 179 189 209 219 224 250 295 306 318 375 387 403 417 438 448 478 480 492 513 540 576 579 616 638 694 704 722 726 789 820 826 828 951 
0 24 25 39 131 149 168 193 237 259 272 299 329 383 418 447 456 465 466 488 490 505 572 594 623 674 688 691 696 727 728 740 743 778 802 838 871 957 
36 90 127 142 156 159 175 201 215 262 284 286 288 296 330 343 345 400 402 407 410 481 553 560 643 657 680 681 733 752 766 771 832 861 954 961 962 989 
56 73 79 197 211 240 247 260 269 304 313 340 346 412 439 444 451 458 527 529 555 562 653 667 706 710 748 775 819 825 833 870 905 906 926 933 976 
12 60 69 97 119 121 135 180 277 285 300 327 352 372 394 415 453 483 495 499 508 536 606 612 622 639 646 677 713 714 786 801 803 813 875 941 
123 152 195 280 370 423 424 449 472 510 552 615 617 651 664 698 712 719 737 749 776 787 837 839 845 872 910 918 920 927 966 969 979 991 
13 31 213 214 223 229 244 266 297 308 315 351 396 398 404 470 558 642 650 693 702 709 736 753 756 779 814 831 862 909 922 963 999 
17 29 75 84 125 163 264 273 278 322 507 518 587 626 632 634 652 676 705 720 757 773 800 805 840 846 854 908 945 947 985 990 
104 172 233 267 303 405 408 430 463 467 489 515 539 546 549 556 595 602 645 656 666 671 679 683 721 731 745 863 900 932 958 998 
1 15 110 184 200 275 279 302 332 344 358 366 368 376 433 476 548 569 574 597 610 627 689 735 755 770 886 894 914 955 987 992 
88 103 140 176 186 236 283 355 374 413 428 452 477 531 533 537 658 660 695 707 708 716 784 834 860 864 869 887 915 974 994 
3 27 77 145 157 166 169 182 203 212 217 338 341 356 432 479 497 573 584 659 670 703 772 793 807 859 885 897 980 996 
7 117 143 146 173 210 245 246 290 310 342 464 486 521 544 665 697 742 769 781 785 798 804 836 879 904 959 967 970 984 
6 28 63 105 252 287 317 319 337 365 380 399 441 498 526 530 596 600 619 640 661 699 750 806 830 855 877 890 903 993 
10 54 83 96 194 335 401 414 443 541 547 561 580 591 613 655 662 686 701 724 788 817 852 856 866 868 929 968 981 
4 20 67 70 138 183 190 218 225 257 263 301 324 334 409 461 494 516 524 625 738 827 847 923 946 950 956 973 986 
57 87 100 204 222 230 256 298 361 381 391 462 493 496 520 534 592 598 630 633 700 723 763 796 815 884 921 934 960 
22 38 108 174 235 251 307 320 333 389 390 473 522 543 554 565 588 589 590 618 641 687 759 892 895 898 912 940 975 
9 32 40 52 99 106 136 160 205 234 293 339 350 369 371 392 506 519 593 603 663 818 865 874 878 883 977 
14 26 45 47 65 72 114 130 255 276 362 373 397 422 440 459 468 485 575 620 621 669 888 896 919 936 
33 44 61 68 78 85 137 155 185 187 289 316 426 471 582 636 730 751 783 843 851 876 880 881 943 988 
19 41 91 113 124 128 207 258 314 354 359 442 484 500 509 517 535 538 608 682 797 858 899 913 925 939 
92 161 177 202 241 271 321 550 566 583 585 647 654 675 684 711 717 734 767 816 911 928 942 964 971 982 
11 120 133 162 270 281 336 377 384 474 504 511 635 725 729 746 765 782 790 808 850 893 931 952 953 
5 21 116 132 144 167 249 348 349 385 406 421 436 551 563 567 577 628 672 747 761 867 935 983 
101 112 148 216 239 268 331 416 425 457 482 532 614 624 637 739 792 810 829 835 924 938 
34 51 59 80 89 150 238 282 419 427 568 571 599 605 631 690 764 799 824 842 853 972 
16 18 30 74 82 98 171 231 243 265 312 469 491 545 581 586 774 917 930 
53 94 147 178 196 199 254 305 434 501 692 
8 46 58 220 353 357 429 564 578 882 
37 122 181 228 325 388 450 525 528 857 
23 118 134 227 311 557 
49 64 226 395 
2 446 997 
326 514 
