5 24 26 45 50 93 126 127 188 225 248 253 262 337 394 426 467 482 577 611 615 643 716 741 799 850 890 922 930 942 967 988 
8 154 197 244 296 317 318 356 378 441 452 496 508 517 542 547 558 586 599 608 609 662 697 706 745 834 851 892 926 972 977 
12 17 58 79 84 102 108 217 240 246 411 474 509 563 569 659 664 798 801 860 871 881 906 911 914 923 946 959 963 969 
39 64 124 178 186 220 235 311 390 396 409 415 420 423 465 513 533 594 602 624 661 679 740 753 780 836 843 939 
16 55 88 144 238 243 259 300 392 501 520 553 556 559 573 585 646 739 750 761 771 807 815 852 904 934 944 956 
4 10 27 75 128 132 158 180 198 211 266 288 329 429 603 632 689 747 786 800 840 887 903 905 935 958 987 
11 162 165 167 251 257 303 359 405 458 666 682 704 723 726 758 819 823 847 858 875 886 901 910 918 919 986 
25 65 85 113 191 231 256 294 362 398 479 497 506 512 522 621 645 654 699 701 759 824 830 845 909 915 971 
38 135 245 280 281 327 402 419 440 461 462 480 516 519 549 564 584 638 663 766 770 810 811 853 955 960 983 
43 95 98 138 157 249 252 292 364 399 407 431 514 548 593 623 640 650 680 692 714 728 869 950 953 985 
7 31 101 109 115 121 270 354 435 444 455 544 625 647 712 722 729 769 820 872 874 927 970 991 995 
0 63 90 105 143 330 471 477 478 494 524 537 592 606 644 674 675 686 755 846 870 964 981 994 
59 67 80 82 137 209 222 227 247 286 304 416 434 505 539 601 629 669 691 733 804 839 882 
81 146 160 164 298 393 511 526 617 651 655 671 678 707 767 861 883 936 951 965 973 979 997 
106 122 145 179 206 265 287 335 507 575 583 657 677 715 731 789 809 821 827 855 917 928 940 
91 136 226 305 340 456 473 503 528 591 595 772 782 785 791 803 842 856 876 889 898 907 925 
22 23 51 71 104 114 125 134 155 172 175 241 258 310 373 540 587 672 710 792 795 831 
44 202 218 230 260 324 325 338 536 541 551 589 631 688 754 762 788 832 929 974 998 
9 60 120 195 210 228 302 386 459 475 554 566 588 633 648 698 703 885 976 984 990 
207 276 371 384 387 428 492 495 552 598 607 656 665 711 744 787 794 808 859 948 961 
94 187 289 301 314 360 365 382 432 457 485 493 717 734 779 790 805 822 844 913 
41 140 169 223 269 343 350 468 472 515 529 600 628 636 793 880 894 947 966 
32 185 216 309 355 400 410 504 538 660 702 720 777 893 895 899 931 952 982 
35 87 129 214 271 293 312 332 413 447 622 653 693 737 748 848 877 924 993 
123 163 315 326 437 562 565 605 610 652 667 708 721 732 781 865 908 921 978 
3 74 76 89 133 150 199 483 530 571 574 618 685 776 828 902 938 954 
15 139 277 290 323 333 369 381 383 451 486 518 597 634 756 806 812 945 
70 107 148 254 320 348 424 436 442 567 627 668 743 796 863 873 932 937 
72 176 181 285 319 374 550 570 637 696 752 765 775 837 838 857 897 
142 166 170 224 342 357 363 464 499 546 557 700 727 751 943 
54 119 151 279 283 291 313 375 626 630 642 676 783 920 949 
19 20 141 153 168 203 403 578 658 684 724 825 854 896 975 
103 112 205 242 344 366 470 555 596 797 864 868 884 992 
61 334 391 498 532 534 725 730 746 774 778 941 962 
29 47 73 116 130 219 308 336 404 422 446 867 879 
152 156 183 184 196 328 380 445 531 581 757 763 802 
99 189 193 204 208 321 561 580 764 773 933 989 
36 49 68 111 212 239 433 510 521 673 749 813 
86 149 316 443 450 463 484 491 527 572 957 
37 131 147 234 353 385 543 576 713 735 817 
18 53 159 267 341 345 349 408 414 439 670 
13 14 273 389 438 604 681 705 718 968 
1 48 56 275 278 346 368 427 545 568 
30 62 118 255 299 370 376 406 449 582 
173 174 177 250 351 367 476 502 590 742 
2 33 97 221 347 358 500 616 866 878 
77 92 117 200 377 460 466 736 818 
236 379 425 453 614 635 639 816 900 
69 83 322 401 620 649 829 849 996 
161 306 352 412 490 535 612 695 760 
34 42 194 215 263 418 916 999 
40 46 261 268 307 397 481 784 
100 110 295 297 488 683 687 738 
229 233 421 430 487 709 841 891 
6 192 264 372 395 454 523 694 
21 78 237 469 833 912 980 
171 201 213 331 388 641 690 
182 274 282 417 525 862 
272 284 361 448 768 826 
28 66 190 560 579 
52 96 489 613 619 
57 339 719 835 
232 814 888 
