2 10 22 57 64 68 78 82 95 101 145 173 204 214 240 254 328 358 360 374 398 420 505 523 535 557 563 566 574 595 599 613 622 630 644 668 760 795 816 826 921 926 954 960 967 
11 16 24 34 41 47 88 91 123 126 164 181 185 261 271 303 348 349 352 366 371 412 418 496 503 559 605 611 642 654 702 716 745 761 787 796 835 847 873 883 
6 21 36 39 44 56 71 79 106 107 116 183 234 248 250 273 282 317 321 425 447 455 477 510 520 521 653 663 685 700 720 790 797 828 842 897 923 934 955 
52 84 105 122 137 169 170 171 176 198 216 220 318 341 363 373 381 383 445 451 471 498 499 509 545 561 592 628 629 633 656 763 773 776 807 859 889 902 956 
73 76 87 131 133 157 167 168 222 256 315 376 410 414 493 495 534 544 567 585 597 640 647 709 746 765 781 789 799 822 827 878 887 891 907 931 953 976 
0 37 48 63 65 66 83 85 109 111 121 153 197 202 242 312 323 332 362 380 384 401 443 476 573 676 710 748 766 779 801 836 865 870 872 944 945 972 
28 90 104 140 177 180 213 237 270 340 370 403 404 458 479 504 518 537 577 659 677 734 736 743 825 831 851 877 884 893 913 938 966 992 994 998 999 
14 18 43 51 102 141 152 235 333 344 359 397 426 427 431 432 435 466 472 488 515 525 527 560 607 609 632 658 701 712 751 860 861 978 979 980 997 
53 92 113 124 228 239 285 294 308 320 325 354 379 382 386 387 392 415 419 430 457 486 522 580 616 695 791 792 811 868 881 912 940 957 983 
5 8 49 50 75 99 221 224 246 257 288 336 353 369 407 459 501 507 539 587 600 604 626 655 670 747 764 780 786 834 888 895 939 965 
23 59 130 159 162 172 223 231 274 305 436 441 474 475 478 552 568 620 624 648 718 721 726 750 770 775 783 808 813 846 855 892 899 950 
9 80 112 114 119 127 150 156 188 215 217 225 265 462 464 484 513 514 516 536 570 594 601 681 749 882 898 915 920 925 946 981 
13 67 98 143 163 182 186 195 263 278 299 334 343 361 372 411 524 575 582 680 686 696 703 737 742 782 838 916 973 986 990 
70 103 120 125 154 196 251 298 302 307 327 350 377 396 454 468 529 625 634 637 649 688 706 733 800 812 854 985 987 988 
29 117 136 161 174 207 212 245 365 378 406 409 421 448 473 481 526 583 665 694 735 739 753 793 819 862 869 871 949 
30 74 138 149 219 229 230 247 249 252 268 277 291 295 304 313 337 388 405 437 463 588 596 652 690 759 785 910 918 
20 33 60 147 191 192 193 211 301 346 395 424 483 506 532 547 610 636 666 669 740 771 774 802 810 818 885 927 
7 58 155 160 187 190 208 232 355 367 390 393 429 480 487 492 512 569 586 675 691 744 772 858 906 933 968 
128 139 175 189 226 275 286 351 434 449 467 489 550 612 641 650 657 730 732 769 788 794 867 937 941 964 
38 45 244 260 289 292 297 319 517 549 590 603 615 645 678 699 729 815 845 850 856 857 900 935 951 971 
35 62 100 166 258 283 314 316 326 329 428 433 470 485 494 500 578 614 684 707 741 758 880 886 917 
40 61 148 259 272 368 375 402 408 528 533 546 554 598 646 673 717 806 809 821 823 830 874 922 982 
115 132 179 209 324 330 364 416 452 460 461 558 565 584 591 631 661 693 724 738 905 914 977 995 
15 89 129 134 200 203 236 243 269 300 306 331 482 519 538 581 619 639 711 713 875 911 942 989 
42 46 54 93 184 233 262 311 338 339 342 357 417 444 469 551 683 715 778 817 833 959 
1 12 25 194 276 280 490 531 541 562 722 728 767 768 803 804 814 852 890 909 961 975 
96 142 165 205 253 264 309 335 347 497 542 548 579 621 638 643 723 863 908 928 943 962 
69 199 201 218 238 385 438 439 446 502 508 540 608 667 719 805 832 848 894 963 991 
3 32 55 110 151 227 241 267 389 394 465 627 635 671 725 727 756 777 837 853 929 
118 144 158 296 456 564 672 698 708 757 762 798 820 829 839 866 904 919 947 952 996 
4 17 210 255 284 345 422 440 556 618 660 697 714 752 784 876 896 924 958 984 
27 31 72 77 86 108 206 310 530 572 606 617 651 662 704 705 840 849 936 970 
97 146 281 400 413 491 511 553 571 576 602 687 689 692 843 879 948 974 
19 81 94 178 293 322 356 423 543 555 664 682 841 901 930 969 993 
287 391 399 442 450 453 589 593 623 679 755 824 844 864 903 932 
26 135 266 279 290 674 731 754 
