0 52 254 262 336 363 447 497 499 557 585 601 632 633 635 658 671 673 742 771 783 787 800 826 869 878 890 932 950 968 971 
11 49 68 81 146 171 175 196 210 231 237 241 250 259 296 311 329 337 344 349 358 388 461 506 510 619 634 649 694 747 769 774 799 813 816 835 842 856 924 933 946 947 951 
26 32 36 45 63 70 91 97 98 121 136 143 151 152 158 182 184 192 198 223 229 252 253 272 290 301 302 338 345 371 377 390 400 408 425 439 458 465 466 477 480 481 483 487 492 494 496 511 525 531 542 551 561 570 577 600 608 609 625 646 651 669 686 691 697 704 727 729 736 745 746 748 749 752 768 770 777 781 786 794 804 812 822 831 846 860 867 877 881 886 903 914 915 926 927 939 948 953 988 
6 17 56 73 188 220 246 270 282 297 313 398 410 444 485 495 538 583 591 592 653 665 667 680 689 750 776 779 828 894 955 975 
1 35 48 93 195 201 216 222 243 247 274 328 350 359 361 366 411 422 440 514 518 521 523 524 552 587 589 597 602 604 617 638 666 683 684 693 713 718 730 731 758 797 823 847 854 861 873 895 922 956 965 982 998 
105 172 213 225 378 594 637 664 720 824 964 
2 12 15 23 25 101 124 127 179 261 287 291 298 314 315 391 420 436 450 502 505 549 556 559 595 645 678 681 796 839 905 941 962 963 985 989 
3 27 40 54 61 79 94 102 111 154 168 185 239 248 279 306 320 341 343 369 403 406 449 482 509 515 562 563 687 698 732 762 811 814 819 825 833 836 864 884 887 907 916 938 
87 200 207 242 299 346 417 448 473 513 517 663 723 760 801 844 920 
9 53 65 139 159 162 178 199 268 280 376 389 402 526 627 743 757 862 875 885 899 900 909 959 977 
66 112 140 153 160 167 197 227 244 273 283 286 294 323 326 395 434 484 522 541 544 550 558 586 650 702 708 711 775 810 850 904 906 910 
4 30 34 109 116 133 163 191 193 263 289 295 463 512 566 692 706 715 734 753 790 871 925 952 957 973 
8 16 64 100 108 137 181 189 217 305 348 357 370 394 397 429 442 500 508 519 530 574 580 643 648 654 701 717 721 767 782 789 818 832 840 863 898 913 993 
38 71 76 78 110 125 148 312 401 427 459 468 598 668 677 690 716 733 791 809 838 858 865 868 870 897 969 981 
5 18 29 55 58 75 150 203 234 266 281 288 292 367 393 421 475 520 547 584 710 712 725 765 772 936 944 960 961 
22 50 107 114 170 209 245 399 528 529 555 569 571 607 672 674 695 737 764 912 937 954 983 
20 31 37 83 84 190 218 260 307 379 386 424 467 469 476 507 533 593 626 703 719 792 852 883 921 984 
10 41 95 103 118 123 130 141 161 180 212 235 256 265 310 327 333 354 407 432 460 489 560 567 612 616 624 679 735 744 795 827 849 901 942 945 986 990 999 
14 21 46 59 113 119 122 126 129 132 135 138 144 145 155 165 169 204 208 221 232 233 236 249 277 284 285 293 300 308 309 316 319 321 335 339 340 342 356 362 373 385 426 428 431 433 441 443 445 453 456 457 462 464 471 472 479 486 493 498 534 539 540 545 548 572 579 582 588 590 599 605 606 610 613 615 621 630 636 644 656 659 660 661 682 688 699 707 709 728 751 759 766 784 785 793 815 817 837 851 853 855 857 859 866 876 889 896 917 928 930 966 974 978 994 995 997 
7 13 39 43 72 85 86 90 115 128 177 205 257 264 269 352 384 418 430 454 490 491 537 553 568 618 641 642 726 761 802 807 829 830 893 934 
42 57 62 74 142 183 226 396 405 414 423 446 451 470 573 581 603 611 622 639 640 685 700 773 788 806 821 872 891 908 918 935 976 
19 28 33 67 80 99 104 117 120 194 214 238 240 276 278 331 351 355 360 364 365 372 415 474 488 504 527 536 578 631 655 714 722 739 740 756 778 820 841 874 919 923 967 970 972 979 991 
47 82 88 106 131 149 166 174 186 187 215 251 347 412 565 657 741 763 808 845 882 888 929 940 
51 77 147 157 164 230 275 303 318 325 375 392 409 416 438 501 596 614 647 652 670 676 755 805 879 902 949 958 980 996 
44 89 173 202 206 267 271 322 353 374 437 455 535 543 546 620 623 662 705 780 843 848 911 
24 69 176 255 258 324 330 332 334 368 380 381 383 387 413 452 478 503 564 575 576 628 629 675 724 738 798 880 892 931 943 987 992 
60 92 96 134 156 211 219 224 228 304 317 382 404 419 435 516 532 554 696 754 803 834 
