0 4 7 25 31 39 46 64 83 127 131 146 149 168 170 173 193 210 226 237 245 246 259 272 290 299 310 318 329 342 404 418 429 447 450 456 464 465 466 486 488 490 498 505 521 572 594 623 656 665 674 688 691 696 697 728 740 742 769 778 781 785 798 802 804 836 838 871 879 904 957 959 967 970 984 997 
1 5 10 13 21 23 35 37 42 43 48 53 62 66 71 81 86 92 94 102 104 107 109 113 115 116 122 125 126 129 139 142 143 151 153 154 158 165 167 172 177 181 186 189 191 192 198 214 220 228 233 241 249 254 261 267 271 294 295 303 309 315 321 323 326 347 348 349 357 367 382 385 386 393 396 402 405 406 408 409 411 420 421 430 431 434 436 437 438 448 455 463 467 475 476 480 487 489 502 503 512 513 515 528 539 542 546 549 550 551 556 559 563 566 567 575 577 578 583 585 595 601 602 609 611 628 629 643 644 645 647 648 654 666 671 672 673 675 679 682 683 684 685 687 711 715 717 718 721 727 729 731 732 734 738 744 745 747 758 760 761 767 768 780 791 794 795 809 811 812 816 821 822 823 833 841 844 845 857 863 867 882 889 900 902 907 911 916 928 932 935 942 944 948 949 958 964 971 982 983 998 
33 76 111 188 206 242 248 253 274 291 292 328 360 363 364 378 379 435 445 454 460 523 570 604 607 649 668 678 741 762 777 848 849 873 891 901 937 965 978 995 
15 22 110 137 200 207 275 279 283 332 344 358 366 368 376 433 501 548 569 574 597 610 627 689 692 735 755 770 886 892 894 914 955 987 992 
24 101 148 216 331 372 416 425 457 482 544 614 624 637 739 792 810 829 835 924 938 
8 49 54 96 105 117 123 141 152 159 194 195 229 239 280 305 308 335 353 370 395 401 414 423 424 443 449 472 510 514 525 541 547 552 561 564 580 591 613 615 617 651 655 662 664 686 698 701 712 719 724 737 749 750 754 776 787 788 817 837 839 852 856 866 868 872 910 917 918 920 927 929 966 968 969 979 981 985 991 999 
2 88 103 119 140 163 176 236 306 355 374 375 383 413 428 452 477 531 533 537 638 658 660 695 707 708 716 743 784 834 860 864 869 887 915 974 994 
20 67 70 138 183 190 218 225 257 263 301 324 334 446 461 494 516 524 625 827 847 923 946 950 956 973 986 
17 26 29 75 84 112 118 132 264 273 278 302 507 518 587 626 632 634 652 676 705 720 757 773 800 805 840 846 854 908 945 947 
3 27 58 77 145 157 166 169 182 212 217 338 341 356 432 479 497 573 584 659 670 703 772 793 807 859 885 897 980 996 
12 55 69 97 121 135 180 277 285 300 327 352 394 415 439 453 483 495 499 508 536 606 612 622 646 677 713 714 786 801 803 813 875 941 
56 73 79 197 211 221 240 247 260 269 304 313 340 346 412 444 451 458 527 529 555 562 653 667 706 709 710 748 775 819 825 870 905 906 926 933 976 
6 28 63 175 252 268 287 317 319 337 365 380 399 441 506 526 530 532 596 600 619 640 661 699 806 830 855 877 890 903 993 
44 61 68 78 85 155 185 187 289 316 426 471 582 636 730 751 783 843 851 876 880 881 943 988 
98 203 213 223 244 266 297 325 351 398 470 558 642 650 693 702 736 753 756 779 814 831 862 909 922 963 990 
34 51 59 80 89 150 282 419 427 568 571 599 605 631 690 764 799 824 842 853 972 
19 41 91 124 128 258 314 354 359 442 484 500 509 517 535 538 608 797 858 899 913 925 939 
9 32 52 293 339 350 371 519 603 663 865 977 
16 18 30 74 82 171 231 238 243 265 312 469 491 545 581 586 774 930 
99 106 136 160 205 234 369 392 593 818 874 878 
50 93 95 134 161 164 178 179 202 209 219 224 232 250 311 322 387 388 403 417 478 492 540 557 576 579 616 694 704 722 726 789 820 826 828 951 
11 60 120 133 162 227 270 281 336 377 384 474 504 511 635 725 746 765 782 790 808 850 893 931 952 953 
14 45 47 65 72 114 130 255 276 362 373 397 422 440 459 468 485 620 621 669 888 896 919 936 
36 90 156 184 201 208 215 262 284 286 288 296 330 343 345 400 407 410 481 553 560 639 657 680 681 733 752 766 771 832 861 954 961 962 989 
38 40 108 147 174 196 199 235 251 307 320 333 389 390 473 522 543 554 565 588 589 590 618 641 759 883 895 898 912 940 975 
57 87 100 144 204 222 230 256 298 361 381 391 462 493 496 520 534 592 598 630 633 700 723 763 796 815 884 921 934 960 
