0 20 67 70 104 138 170 172 181 183 184 190 218 220 225 228 233 257 263 267 301 303 324 326 334 357 408 430 446 461 463 467 489 494 515 516 524 528 539 546 549 556 578 595 602 625 643 645 666 671 679 683 721 727 731 738 745 827 847 863 882 900 923 932 935 946 950 956 958 973 986 
2 88 103 119 140 176 232 236 272 306 355 374 375 383 413 428 447 452 465 477 531 533 537 572 638 658 660 695 707 708 716 743 784 813 834 860 864 869 871 887 915 974 994 
33 44 61 68 76 78 85 111 131 139 155 185 187 188 193 206 242 248 253 274 289 291 292 316 328 360 363 364 378 379 410 426 435 445 454 460 466 471 490 523 553 570 582 604 607 623 636 649 668 678 696 730 741 751 762 777 783 843 848 849 851 857 873 876 880 881 891 901 937 943 965 978 988 995 997 
116 385 421 563 577 628 761 
4 39 149 168 259 329 456 488 505 594 674 688 728 778 802 957 
11 60 120 133 134 162 227 237 270 281 299 336 377 384 474 504 511 557 635 691 725 740 746 765 782 790 808 838 850 893 931 952 953 
1 8 49 118 141 152 159 195 268 280 305 308 353 370 405 423 424 449 472 510 525 552 585 615 617 651 664 698 712 719 737 749 754 776 787 837 839 872 910 917 918 920 927 966 969 979 991 999 
15 22 110 137 200 207 275 279 283 332 344 358 366 368 376 433 476 501 548 564 569 574 597 610 627 689 692 735 755 770 886 892 894 914 955 987 992 
48 62 66 81 102 109 115 122 126 151 153 154 191 198 254 261 294 323 393 431 455 475 487 502 512 542 559 575 609 673 685 715 732 758 768 794 795 811 822 833 841 907 944 949 
7 37 46 64 83 113 127 143 146 173 210 245 246 290 310 318 342 429 450 464 486 521 656 665 697 742 769 781 785 798 804 836 879 959 967 970 983 984 
24 25 101 148 216 331 372 416 425 457 482 544 614 618 624 637 739 792 810 829 835 924 938 
17 26 29 75 84 112 117 132 163 264 271 273 278 302 322 325 351 492 507 514 518 534 587 626 632 634 652 676 705 720 757 773 800 805 840 846 854 862 904 908 945 947 985 990 
3 6 23 27 38 53 58 63 77 86 92 123 142 145 157 161 166 169 177 182 186 189 202 212 217 241 321 338 341 356 365 402 409 432 434 438 479 497 532 550 566 573 583 584 647 654 659 670 675 684 703 711 717 729 734 767 772 793 807 816 821 845 859 885 897 911 928 942 964 971 980 982 996 998 
12 55 69 97 121 135 180 277 285 300 327 352 394 415 439 453 483 495 499 508 536 606 612 622 639 646 677 713 714 786 801 803 875 941 
18 35 42 43 71 107 125 129 158 165 192 295 309 347 367 382 386 411 420 437 448 480 503 513 601 611 629 644 648 687 718 744 760 780 791 809 812 823 844 889 902 916 948 
54 96 194 239 335 401 414 443 541 547 561 580 591 613 655 662 686 701 724 788 817 852 856 866 868 929 968 981 
56 73 79 197 211 221 240 247 260 269 304 313 340 346 412 444 451 458 527 529 555 562 653 667 706 709 710 748 775 819 825 870 905 906 926 933 976 
5 167 551 
28 105 175 199 208 252 287 317 319 337 380 395 399 441 498 526 530 596 600 619 640 661 699 750 806 830 855 877 890 903 993 
9 13 31 32 52 98 99 106 136 160 205 213 214 223 226 229 234 244 266 293 297 315 339 350 369 371 392 404 506 519 558 593 603 650 663 702 736 753 814 818 865 874 878 883 963 977 
34 51 59 80 89 150 282 419 427 568 571 599 605 631 690 764 799 824 842 853 972 
19 41 91 124 128 258 314 354 359 418 442 484 500 509 517 535 538 608 682 797 858 899 913 925 939 
16 30 74 82 171 231 238 243 265 312 469 491 545 581 586 774 930 
10 50 93 164 219 250 311 387 403 417 478 540 576 616 704 828 951 
21 36 90 94 156 201 215 249 262 284 286 288 296 330 343 345 348 349 400 406 407 436 481 560 567 657 672 680 681 733 747 752 766 771 832 861 867 954 961 962 989 
14 45 47 65 72 114 130 255 276 362 373 397 422 440 459 468 485 620 621 669 888 896 919 936 
95 179 209 224 579 694 722 726 789 820 826 
40 108 147 174 178 196 235 251 307 320 333 389 390 473 522 543 554 565 588 589 590 641 759 895 898 912 940 975 
203 396 398 470 642 693 756 779 831 909 922 
57 87 100 144 204 222 230 256 298 361 381 388 391 462 493 496 520 592 598 630 633 700 723 763 796 815 884 921 934 960 
