0 4 10 13 23 31 37 39 50 53 86 92 93 95 104 134 139 142 149 161 164 168 170 172 177 179 181 186 189 202 209 219 220 224 226 228 232 233 237 241 250 259 267 272 299 303 311 318 321 322 326 329 365 383 387 388 402 403 404 405 408 409 417 418 430 434 438 447 456 463 465 467 474 478 480 488 489 490 492 505 515 528 539 540 546 549 550 556 557 566 576 578 579 583 585 594 595 602 616 623 645 647 654 666 671 674 675 679 682 683 684 688 691 694 696 704 711 717 721 722 726 727 728 731 734 738 740 745 767 778 789 802 816 820 821 826 828 838 845 857 863 882 900 911 928 932 942 951 957 958 964 971 982 998 
33 34 51 59 76 80 89 111 150 188 193 206 242 248 253 274 282 291 292 328 360 363 364 378 379 380 419 427 435 445 454 460 466 523 568 570 571 599 604 605 607 631 649 668 678 690 741 754 762 764 777 799 824 842 848 849 853 873 891 901 937 965 972 978 995 
5 21 116 167 249 348 349 385 406 421 436 551 563 577 628 672 747 761 867 935 983 
1 49 63 117 118 123 141 152 159 195 268 280 305 308 353 370 395 423 424 449 472 510 514 525 552 596 615 617 651 664 698 712 719 737 749 776 787 837 839 872 910 917 918 920 927 966 969 979 985 991 999 
8 15 22 94 110 137 200 207 275 279 283 307 332 344 358 366 368 376 433 476 501 532 548 564 569 574 597 610 627 689 692 735 755 770 886 892 894 914 955 987 992 
48 62 66 81 102 109 115 122 126 131 143 151 153 154 191 198 254 261 294 323 393 431 455 475 487 502 512 542 559 575 609 673 685 715 732 758 768 794 795 811 822 841 907 944 949 
7 46 64 83 113 127 146 173 210 245 246 290 310 342 429 450 464 486 498 521 656 665 697 742 769 781 785 798 804 836 879 904 959 967 970 984 997 
24 25 101 148 216 331 372 416 425 457 482 544 614 618 624 637 739 792 810 829 835 924 938 
2 28 88 103 119 140 176 236 306 355 374 375 413 428 452 477 531 533 537 638 658 660 695 707 708 716 743 784 834 860 864 869 871 887 915 974 994 
20 67 70 138 183 190 218 225 257 263 301 324 334 446 461 494 516 524 625 827 847 923 946 950 956 973 986 
17 26 29 75 84 132 264 273 278 302 507 518 567 587 626 632 634 652 676 705 720 757 773 800 805 840 846 854 908 945 947 
3 27 38 58 77 145 157 166 169 182 212 217 338 341 356 432 479 497 573 584 659 670 703 772 793 807 859 885 897 980 996 
12 55 69 97 121 135 180 277 285 300 327 352 394 415 439 453 483 495 499 508 536 606 612 622 646 677 713 714 786 801 803 813 875 941 
35 42 43 71 107 125 129 158 165 192 271 295 309 347 357 367 382 386 411 420 437 448 503 513 601 611 629 644 648 718 744 780 791 809 812 823 844 889 902 916 948 
54 96 105 194 239 335 401 414 443 541 547 561 580 591 613 655 662 686 701 724 788 817 852 856 866 868 929 968 981 
56 73 79 197 211 221 240 247 260 269 304 313 340 346 412 444 451 458 527 529 555 562 653 667 706 710 748 775 819 825 833 870 905 906 926 933 976 
6 40 44 61 68 78 85 108 147 155 174 178 185 187 196 199 235 251 289 316 320 333 389 390 426 471 473 522 530 543 554 565 572 582 588 589 590 600 636 641 687 730 751 759 783 843 851 876 880 881 883 890 895 898 912 940 943 975 988 
11 60 120 133 162 175 227 252 270 281 287 317 319 336 337 377 384 399 441 504 511 526 619 635 640 661 699 725 729 746 750 765 782 790 806 808 830 850 855 877 893 931 952 953 993 
98 112 163 203 213 214 223 229 244 266 297 315 325 351 396 398 470 558 642 650 693 702 709 736 753 756 760 779 814 831 862 909 922 963 990 
19 41 91 124 128 258 314 354 359 442 484 500 509 517 535 538 608 797 858 899 913 925 939 
9 32 52 99 106 136 160 205 234 293 339 350 369 371 392 506 519 593 603 663 818 865 874 878 977 
16 18 30 74 82 171 231 238 243 265 312 469 491 545 581 586 774 930 
14 45 47 65 72 114 130 255 276 362 373 397 422 440 459 468 485 620 621 669 888 896 919 936 
36 90 156 184 201 208 215 262 284 286 288 296 330 343 345 400 407 410 481 553 560 639 643 657 680 681 733 752 766 771 832 861 903 954 961 962 989 
57 87 100 144 204 222 230 256 298 361 381 391 462 493 496 520 534 592 598 630 633 700 723 763 796 815 884 921 934 960 
