0 37 63 65 66 83 85 109 111 121 150 153 197 242 312 332 362 380 384 401 443 476 563 573 676 710 748 779 801 836 865 872 944 945 972 
43 51 58 102 141 235 286 333 344 397 426 427 431 432 435 466 472 487 488 515 525 527 607 609 658 701 712 751 860 861 978 979 980 997 
12 23 25 39 53 59 69 77 84 92 113 124 130 137 148 159 162 168 170 171 172 176 194 198 202 207 228 231 232 239 250 262 274 276 289 305 308 318 320 325 341 345 348 354 355 363 379 381 383 386 387 392 415 419 430 436 441 445 451 457 471 473 475 478 481 486 490 498 499 509 522 531 536 541 545 552 553 561 562 568 592 597 601 616 620 624 628 629 633 648 649 656 689 718 721 722 726 728 729 750 754 763 767 768 769 770 773 775 776 783 791 792 803 804 807 808 811 813 814 852 855 859 868 889 890 892 899 902 909 912 940 948 949 950 956 957 961 975 983 
35 40 61 100 103 114 166 222 258 259 272 282 283 285 294 314 316 326 329 350 368 375 382 402 408 409 428 470 485 494 500 513 528 533 546 580 598 614 646 673 684 707 717 741 758 806 809 821 823 830 837 874 880 886 917 922 982 
55 122 201 218 238 246 385 438 439 446 502 508 540 608 667 719 805 832 848 894 963 991 
1 28 46 70 76 82 104 115 125 135 136 140 154 161 177 180 196 206 213 233 237 251 266 270 271 298 302 307 311 327 334 338 339 340 342 349 357 359 364 370 377 390 396 403 404 417 422 444 458 468 469 474 479 504 518 526 529 537 551 560 577 625 634 637 661 663 674 677 683 688 694 706 715 731 733 734 736 743 778 800 817 819 825 831 833 851 854 873 884 893 905 913 938 959 966 985 987 988 992 994 998 999 
62 73 87 131 157 167 205 229 280 315 493 495 534 567 578 647 695 709 746 765 789 827 878 931 976 
14 20 26 33 60 147 191 192 193 211 279 301 346 421 506 532 547 610 627 636 666 669 735 740 771 774 802 810 818 885 927 
48 57 132 179 184 185 209 244 323 324 330 452 461 554 558 565 584 591 631 693 724 738 870 914 967 977 995 
2 10 22 52 64 68 78 95 101 145 173 204 214 223 240 254 328 358 360 398 420 505 523 535 557 574 599 613 622 630 644 668 760 795 816 826 921 926 954 960 
75 90 133 152 163 174 249 256 263 278 336 376 410 414 440 448 524 544 585 640 737 781 799 834 887 891 907 916 953 
38 45 260 292 297 319 517 549 590 603 615 645 678 699 753 815 845 850 856 857 900 935 951 971 
6 36 44 71 79 106 107 116 183 234 248 273 317 321 425 447 455 477 510 520 521 653 685 700 720 790 797 828 842 897 923 934 955 
3 32 110 151 227 241 267 389 394 465 635 671 725 727 756 777 853 929 
4 17 56 210 220 247 255 284 406 424 556 618 660 697 714 752 780 784 876 896 911 924 958 984 
155 160 187 190 208 367 393 429 480 492 512 569 586 675 691 744 764 772 858 906 933 968 
5 288 407 
30 34 142 165 253 264 309 335 347 497 548 579 621 638 643 723 863 908 928 943 962 
8 49 50 99 224 257 353 459 501 507 539 587 595 600 604 626 655 670 747 786 888 895 939 965 
9 89 112 119 127 156 188 212 215 217 225 265 462 464 484 514 516 570 594 681 749 882 898 915 920 925 946 981 
7 21 97 146 281 400 413 491 511 576 602 632 687 692 843 879 974 
13 42 67 98 143 186 195 277 299 372 454 542 575 582 659 680 686 696 703 742 838 877 881 973 986 990 
15 16 129 134 200 203 236 243 269 300 306 331 416 482 519 538 581 619 639 711 713 875 942 989 
11 24 41 47 88 91 126 164 181 261 303 352 366 371 412 418 433 483 496 503 559 605 611 642 654 702 716 745 761 787 796 835 847 883 
27 29 80 128 139 175 189 226 275 343 351 361 434 449 467 489 550 596 612 641 650 657 730 732 766 788 794 867 871 937 941 964 
19 81 93 94 120 169 178 199 216 293 322 356 405 423 543 555 571 664 682 822 841 846 901 930 969 993 
18 96 118 144 158 182 221 296 369 374 456 564 672 698 708 757 762 798 820 829 839 866 904 919 947 952 996 
117 245 365 378 583 665 739 793 862 869 
123 287 290 391 399 442 450 453 589 593 623 679 755 782 812 824 844 864 903 932 
31 54 72 86 108 310 395 411 530 572 606 617 651 662 704 705 840 849 936 970 
74 138 149 219 230 252 268 291 295 304 313 337 388 437 463 566 588 652 690 759 785 910 918 
105 373 460 
