0 1 4 31 39 40 49 50 63 93 95 108 117 118 123 141 147 149 152 159 164 168 170 174 178 179 189 193 195 196 199 209 214 219 224 226 232 235 237 250 251 259 268 272 280 299 305 307 308 309 311 315 317 318 319 320 326 329 333 353 370 383 387 388 390 395 399 403 404 405 417 418 423 424 438 441 447 449 456 465 466 472 473 478 480 488 505 510 514 522 525 528 530 540 543 552 554 557 565 572 576 579 585 588 589 590 594 596 600 615 616 617 618 623 641 651 664 674 687 688 691 694 696 698 704 712 719 722 726 728 737 740 743 749 759 776 778 787 789 802 820 826 828 837 838 839 845 871 872 877 883 890 895 898 903 910 912 917 918 920 927 940 951 957 966 969 975 979 985 991 999 
33 76 111 139 188 206 242 248 253 274 291 292 328 360 363 364 378 379 435 445 454 460 523 570 604 607 649 668 678 741 754 762 777 848 849 857 873 891 901 937 965 978 995 
5 21 116 167 249 348 349 385 406 421 436 551 563 567 577 628 672 747 761 867 935 983 
104 172 181 220 228 233 267 303 408 430 463 467 489 515 539 546 549 556 595 602 645 656 666 671 679 683 721 727 731 745 863 900 932 958 
6 7 8 15 22 23 37 46 64 83 94 98 110 113 127 134 137 146 173 175 200 203 207 208 210 213 223 229 244 245 246 252 266 275 279 283 287 290 297 310 325 332 337 342 344 351 358 366 368 376 380 389 396 398 429 433 450 464 470 476 486 498 501 521 526 532 548 558 564 569 574 578 597 610 619 627 640 642 650 661 665 689 692 693 697 699 702 709 735 736 742 750 753 755 756 760 769 770 779 781 785 798 804 806 814 830 831 836 855 862 879 886 892 894 909 914 922 955 959 963 967 970 984 987 992 993 997 
12 48 62 66 81 102 109 115 122 126 131 143 151 153 154 191 198 254 261 294 323 393 431 439 453 455 475 487 495 502 512 536 542 559 575 606 609 646 673 677 685 713 715 732 758 768 794 795 801 811 822 833 841 907 944 949 
24 25 101 148 216 331 372 416 425 457 482 544 614 624 637 739 792 810 829 835 924 938 
2 28 88 103 119 140 163 176 236 306 355 374 375 413 428 452 477 531 533 537 638 658 660 695 707 708 716 784 834 860 864 869 887 915 974 994 
20 67 70 138 183 190 218 225 257 263 301 324 334 446 461 494 516 524 625 827 847 923 946 950 956 973 986 
57 87 100 144 204 222 227 230 256 298 361 381 391 462 490 493 496 520 592 598 630 633 700 723 763 796 815 884 921 934 960 
17 26 29 75 84 112 132 161 202 264 271 273 278 302 322 492 507 518 534 587 626 632 634 652 676 705 720 757 773 800 805 840 846 854 904 908 945 947 990 
3 27 38 58 77 145 157 166 169 182 212 217 338 341 356 432 479 497 573 584 659 670 703 772 793 807 859 885 897 980 996 
55 69 97 121 135 180 277 285 300 327 352 394 415 483 499 508 612 622 714 786 803 813 875 941 
10 35 42 43 71 107 125 129 158 165 192 295 347 357 367 382 386 411 420 437 448 503 513 601 611 629 644 648 718 744 780 791 809 812 823 844 882 889 902 916 948 
54 96 105 194 239 335 401 414 443 541 547 561 580 591 613 655 662 686 701 724 788 817 852 856 866 868 929 968 981 
56 73 79 197 211 221 240 247 260 269 304 313 340 346 412 444 451 458 527 529 555 562 653 667 706 710 748 775 819 825 870 905 906 926 933 976 
13 53 86 92 142 177 186 241 321 365 402 409 434 550 566 583 647 654 675 684 711 717 729 734 738 767 816 821 911 928 942 964 971 982 998 
44 61 68 78 85 155 185 187 289 316 426 471 582 636 730 751 783 843 851 876 880 881 943 988 
34 51 59 80 89 150 282 419 427 568 571 599 605 631 690 764 799 824 842 853 972 
19 41 91 124 128 258 314 354 359 442 484 500 509 517 535 538 608 682 797 858 899 913 925 939 
9 32 52 99 106 136 160 205 234 293 339 350 369 371 392 506 519 593 603 663 818 865 874 878 977 
16 18 30 74 82 171 231 238 243 265 312 469 491 545 581 586 774 930 
11 60 120 133 162 270 281 336 377 384 474 504 511 635 725 746 765 782 790 808 850 893 931 952 953 
14 45 47 65 72 114 130 255 276 362 373 397 422 440 459 468 485 620 621 669 888 896 919 936 
36 90 156 184 201 215 262 284 286 288 296 330 343 345 400 407 410 481 553 560 639 643 657 680 681 733 752 766 771 832 861 954 961 962 989 
