0 37 63 65 66 83 85 109 111 121 150 153 197 242 312 332 362 380 384 401 443 476 563 573 676 710 748 779 801 836 865 872 944 945 972 
43 51 58 102 137 141 170 235 286 333 344 397 427 431 432 435 466 472 487 488 525 527 609 658 701 712 751 860 861 978 979 980 997 
171 198 232 318 355 363 381 445 451 471 509 545 561 597 628 633 656 763 773 807 859 889 902 
35 100 166 258 283 314 316 326 329 428 470 485 494 500 614 684 707 741 758 880 886 917 
53 55 113 122 124 130 201 218 228 238 239 246 285 294 308 320 325 354 382 385 386 387 392 419 438 439 446 486 502 508 522 540 580 608 667 718 719 791 792 805 811 832 848 868 894 912 957 963 991 
1 2 10 11 16 22 24 27 28 29 34 41 46 47 52 57 64 68 70 75 76 78 82 84 88 89 90 91 95 101 104 105 115 117 119 125 126 129 133 135 136 139 140 145 152 155 161 163 164 173 174 176 177 178 180 181 192 196 204 206 207 212 213 214 223 233 237 240 245 247 249 251 254 256 261 262 263 266 270 271 278 279 290 298 302 303 307 311 327 328 334 336 338 339 340 342 345 348 349 350 352 357 358 359 360 364 365 366 370 371 373 376 377 378 379 383 390 393 396 398 403 404 406 409 410 412 413 414 415 416 417 418 420 421 422 426 433 440 444 448 452 454 458 460 465 468 469 473 474 479 481 483 496 503 504 505 512 515 518 523 524 526 529 535 537 542 544 551 557 559 560 569 574 577 583 585 592 595 599 604 605 607 611 613 616 622 625 630 634 637 640 642 644 649 650 654 661 663 665 668 674 677 683 688 689 694 702 706 715 716 721 729 731 733 734 735 736 737 739 743 744 745 749 753 754 760 761 764 766 776 778 781 787 793 795 796 799 800 816 817 819 825 826 831 833 834 835 847 851 854 862 869 871 873 883 884 887 888 891 893 905 907 913 916 921 926 933 938 939 940 948 949 953 954 956 959 960 966 967 985 987 988 992 994 998 999 
62 69 73 87 131 157 167 205 229 280 315 493 495 534 567 578 647 695 709 728 746 765 789 827 878 931 976 
12 13 25 39 42 67 77 98 143 148 154 186 194 195 202 250 276 277 299 341 372 490 499 531 541 553 562 575 582 629 659 680 686 696 703 722 742 767 768 803 804 814 838 852 877 881 890 909 961 973 975 983 986 990 
38 45 260 292 297 319 517 549 590 603 615 645 678 699 815 845 850 856 857 900 935 951 971 
4 6 17 36 44 56 71 79 106 107 116 183 210 220 234 248 255 273 282 284 317 321 424 425 430 447 455 477 510 520 521 556 618 653 660 685 697 700 714 720 752 780 784 790 797 828 842 876 896 897 911 923 924 934 955 958 984 
48 132 179 184 185 209 244 323 324 330 461 554 558 565 584 591 631 693 724 738 870 914 977 995 
3 32 110 151 227 241 267 389 394 635 671 725 727 756 777 837 853 929 
14 20 26 33 60 147 191 193 211 301 346 506 532 547 610 627 636 666 669 740 771 774 802 810 818 885 927 
160 187 190 208 367 429 480 492 586 675 691 772 858 906 968 
5 8 49 50 99 224 257 288 353 407 459 501 507 539 587 600 626 655 670 747 786 895 965 
30 142 165 253 264 309 335 347 497 548 579 621 638 643 723 863 908 928 943 962 
9 112 127 156 188 215 217 225 265 462 464 484 514 516 536 570 594 601 681 882 898 915 920 925 946 981 
7 21 97 146 281 400 491 511 576 602 632 687 692 843 879 974 
23 59 92 159 162 168 172 231 274 289 305 436 441 457 475 478 552 568 620 624 648 726 750 770 775 783 808 813 855 892 899 950 
15 134 200 203 236 243 269 300 306 331 482 519 538 581 619 639 711 713 875 942 989 
40 61 103 114 222 259 272 368 375 402 408 513 528 533 546 598 646 673 717 806 809 821 823 830 874 922 982 
80 128 175 189 226 275 343 351 361 434 449 467 489 550 596 612 641 657 730 732 769 788 794 867 937 941 964 
19 81 93 94 120 169 199 216 293 322 356 405 423 543 555 571 664 682 822 841 846 901 930 969 993 
18 96 118 144 158 182 221 296 369 374 456 498 564 672 698 708 757 762 798 820 829 839 866 904 919 947 952 996 
123 287 391 399 442 450 453 589 593 623 679 755 782 812 824 844 864 903 932 
31 54 72 86 108 310 395 411 530 572 606 617 651 662 704 705 840 849 936 970 
74 138 149 219 230 252 268 291 295 304 313 337 388 437 463 566 588 652 690 759 785 910 918 
