0 254 262 336 363 431 447 497 499 557 585 601 632 633 635 671 673 742 771 783 787 800 826 869 878 890 932 950 968 971 
11 14 49 68 81 146 171 175 196 210 231 237 241 250 259 296 311 329 337 344 349 358 388 461 506 510 577 619 634 649 694 747 769 774 799 813 816 835 842 856 924 933 946 947 951 
47 88 91 106 121 131 149 151 166 174 182 186 187 192 215 223 251 272 345 347 408 412 439 458 477 487 496 525 551 565 609 657 669 697 704 741 763 808 845 846 881 882 888 927 929 940 948 
6 17 56 66 73 108 112 140 141 153 160 167 188 197 212 220 227 244 246 270 273 282 283 286 294 297 313 323 326 395 398 410 444 484 485 495 522 538 541 544 550 558 583 586 591 592 620 650 653 665 667 680 689 702 708 711 750 775 776 779 810 828 850 885 894 904 906 910 955 975 990 
1 28 39 48 105 122 144 145 155 165 172 177 195 198 213 216 225 243 274 276 277 284 285 300 309 321 339 340 356 359 373 378 385 441 443 445 457 464 472 479 498 521 539 548 590 594 613 615 630 637 644 658 664 666 699 707 720 730 758 759 766 784 793 815 817 824 853 855 857 859 866 884 889 917 922 928 964 974 994 
2 12 15 23 25 101 124 127 179 261 287 291 298 314 315 379 391 420 436 450 502 505 549 556 559 595 641 645 678 681 796 839 905 941 962 963 985 989 
27 87 200 207 242 299 307 346 417 448 473 513 517 663 723 760 801 844 919 920 
9 53 65 139 159 162 178 199 268 280 376 389 402 526 627 743 757 862 875 899 900 909 959 977 
3 35 40 52 54 61 79 93 94 102 111 154 168 185 201 222 239 247 248 252 279 306 320 328 341 343 350 361 366 369 403 406 411 422 440 449 482 509 514 515 518 523 524 552 562 563 587 589 597 602 604 617 638 683 684 687 693 698 713 718 731 732 762 797 811 814 819 823 825 833 836 847 854 861 864 873 887 895 907 916 938 956 965 982 998 
4 30 34 109 116 133 163 191 193 263 289 295 463 512 566 692 706 715 734 753 790 871 925 952 957 973 
8 16 64 100 104 137 181 189 217 305 348 357 370 394 429 442 500 508 519 530 574 580 643 648 654 701 717 721 767 782 789 818 832 840 863 898 913 993 
38 71 76 78 110 125 148 312 401 427 459 468 598 668 677 690 716 733 791 809 838 858 865 868 870 897 969 981 
5 18 29 55 58 75 82 150 190 203 234 266 281 288 292 367 393 421 475 520 547 584 710 712 725 765 772 936 944 960 961 
22 50 107 170 209 245 399 528 529 555 569 571 607 672 674 695 737 764 912 937 954 983 
20 31 37 83 84 218 260 386 424 467 469 476 507 533 593 626 703 719 792 852 883 921 984 
10 41 95 103 118 130 161 180 235 256 265 310 327 333 354 355 407 432 460 488 489 560 567 612 616 624 679 735 744 795 827 849 901 942 945 999 
26 45 97 184 253 302 371 390 400 425 494 561 691 727 746 752 770 781 926 
32 98 158 290 338 480 542 608 625 651 745 748 860 953 
7 13 43 72 85 86 90 115 128 205 257 264 269 352 384 418 430 454 490 491 537 553 568 618 642 726 761 802 807 829 830 893 934 
42 57 62 74 114 123 142 183 226 396 405 414 423 446 451 470 573 581 603 611 622 639 640 685 700 773 788 806 821 872 891 908 918 935 976 986 
19 33 67 80 99 117 194 214 238 240 278 331 351 360 364 365 372 415 474 504 527 536 578 631 655 714 722 739 740 756 778 820 841 874 923 967 970 972 979 991 
36 63 70 136 143 152 229 301 377 397 465 466 481 483 492 511 531 570 600 646 686 729 736 749 768 777 786 794 804 812 822 831 867 877 886 903 914 915 939 988 
21 46 59 119 120 132 135 169 204 208 221 232 236 293 316 362 426 428 434 453 456 462 471 493 545 572 579 582 588 599 606 636 659 661 688 709 751 837 851 876 930 966 978 995 997 
113 126 129 138 233 249 308 319 335 342 433 486 534 540 605 610 621 656 660 682 728 785 896 
51 77 147 157 164 230 275 303 318 325 375 392 409 416 438 501 596 614 647 652 670 676 755 805 879 902 949 958 980 996 
44 89 173 202 206 267 271 322 353 374 437 455 535 543 546 623 662 705 780 843 848 911 
24 69 176 255 258 324 330 332 334 368 380 381 383 387 413 452 478 503 564 575 576 628 629 675 724 738 798 880 892 931 943 987 992 
60 92 96 134 156 211 219 224 228 304 317 382 404 419 435 516 532 554 696 754 803 834 
