385 772 136 649 147 668 796 797 670 543 932 37 424 937 555 436 567 442 576 70 713 719 596 344 348 735 992 864 863 352 481 743 103 873 107 235 366 112 242 627 254
142 15 656 527 275 276 287 545 418 806 166 812 557 943 48 945 56 443 700 957 572 316 829 450 194 323 69 333 718 215 484 106 363 250 751 114 375 634 123 381
0 3 644 268 524 397 143 784 537 674 675 686 687 817 187 63 448 964 330 846 592 211 981 597 471 90 347 477 478 606 994 738 870 105 494 369 626 755 383
770 130 388 516 135 391 766 401 402 663 280 281 419 549 38 807 810 811 52 564 440 955 960 196 584 73 461 462 853 983 219 480 867 489 619 638
517 8 892 271 662 409 154 926 542 547 296 169 299 558 441 697 317 62 834 452 197 586 972 464 977 851 599 608 609 356 745 496 244 246 508
768 518 6 648 673 421 554 813 430 433 566 698 826 60 703 195 709 326 459 588 976 210 475 990 228 229 487 488 233 999 885 247 120 633 891
387 775 787 404 278 665 794 30 808 552 46 176 948 961 200 207 80 466 854 598 859 476 607 736 357 744 234 492 368 371 499 117 377 637 255
129 641 653 152 924 159 35 293 422 47 693 438 53 447 320 968 332 590 848 336 214 345 351 993 737 742 748 877 622 495 239 116 249 124
643 5 262 394 24 26 922 799 930 291 426 45 942 50 188 577 967 716 337 850 467 988 93 225 482 611 741 615 248 890 635 253 126 127
128 265 138 12 657 145 917 789 928 161 34 163 288 933 677 809 940 821 183 827 575 68 198 583 715 206 335 855 731 220 613 122 507 763
773 263 10 13 17 531 916 27 156 412 414 802 681 42 170 561 695 439 184 189 445 321 835 580 328 205 208 341 92 350 99 884 757 764
900 902 776 658 403 20 282 417 546 550 168 938 427 684 685 816 308 954 828 446 453 74 975 465 724 89 862 224 483 618 110 624 378
515 133 395 140 912 529 21 150 793 283 41 947 179 571 833 966 78 212 469 468 343 472 600 996 237 880 497 628 372 506 636 894
384 771 259 646 904 392 520 16 18 28 934 553 556 173 300 815 944 559 55 956 573 193 706 585 852 96 739 238 750 243 501 761
257 901 910 405 918 919 666 162 165 167 682 303 49 819 823 704 581 458 77 847 723 726 86 986 858 221 359 875 886 758 251
137 393 651 511 141 526 655 146 19 671 164 936 298 560 434 951 315 578 707 965 327 841 973 81 979 861 997 617 883 505 767
513 2 386 390 9 396 14 530 533 661 406 415 420 679 39 423 939 178 311 186 836 582 843 594 602 740 490 753 370 118
512 256 645 522 909 654 398 272 274 915 25 294 824 699 701 318 830 191 331 971 845 85 479 231 362 621 113 759 888 380
519 906 911 914 659 664 923 411 798 801 177 946 563 569 58 57 959 963 579 969 79 84 473 474 860 871 108 240 881 509
523 908 652 781 408 921 667 297 562 437 565 694 708 454 463 721 978 849 732 605 865 866 610 358 616 620 749 500 639
898 139 907 269 782 528 785 791 925 29 803 182 59 456 842 591 595 340 727 856 91 989 226 876 498 245 503 889
640 514 650 399 407 548 292 680 43 174 431 692 950 953 714 76 593 728 985 734 95 98 869 102 364 623 252
642 4 774 778 532 148 534 279 151 676 171 941 690 949 54 61 962 325 334 725 470 730 223 746 111 630
132 389 535 539 669 286 416 160 804 678 428 306 691 67 839 209 82 601 604 733 227 612 491 882 629 760
897 525 783 144 920 285 157 814 181 312 696 313 319 192 451 837 838 711 72 857 752 374 119 765
769 7 647 270 927 544 31 820 444 455 712 970 722 729 991 354 995 101 872 874 109 625 115 121
896 903 264 905 266 786 158 800 935 429 689 180 825 958 840 329 75 603 987 747 879 887 632
258 134 22 23 792 155 795 540 672 172 175 51 310 831 710 71 587 204 614 104 241 373 125
899 777 400 660 149 410 538 32 931 309 952 185 702 720 980 982 216 355 236 504 893 895
260 788 536 541 929 551 44 688 832 324 202 589 974 338 218 998 230 754 631 762
289 382 805 485 360 457 779 844 493 717 301 432 913 365 822 790 94
64 217 984
1 342
