10766 6159 7705 3615 36 8742 18475 12844 11314 2098 2103 13368 17465 6204 1085 19518 16450 4679 14920 4684 16465 8275 10324 17493 3668 599 10840 4718 14959 8305 2165 16501 12412 3196 11902 13958 17547 8339 14484 149 10395 13476 13988 2218 6321 6324 5815 10424 1728 12481 6852 8905 4810 5327 9428 17111 4830 17120 5857 3297 1251 7912 9972 7930 6396 7938 266 14604 17169 2833 10516 15637 11543 17176 4892 3868 7460 1318 3367 14122 2347 17199 9524 14649 13113 4412 19773 835 8516 18246 11593 6479 15184 18767 3926 13150 10079 4961 17763 18790 7015 17257 13673 8555 4461 8045 9582 7538 19828 4473 4476 14206 9598 18818 14211 1924 14215 2962 5011 15764 7066 19867 3484 16798 11679 1443 1447 429 10671 12721 5553 13234 12212 6580 10685 14270 17855 12225 7619 13766 14791 3015 12745 17351 11215 3024 10707 8662 17369 3546 18400 18921 17905 1522 16881 7159 19451 1532 9727
4103 2071 15385 6176 11299 8230 16936 2088 15913 2608 10801 16949 567 3643 19531 2642 9303 10843 8284 10851 14949 9835 14444 109 8814 7789 10356 7286 5755 14976 14468 8839 16008 17035 3215 16016 4753 11408 10385 19608 8352 15015 13481 1706 9906 1715 19134 3774 6340 4813 6353 8917 727 12504 15071 3808 8932 5350 13031 18664 4842 7404 6905 11005 1792 19726 783 19215 6930 14098 8978 11540 18199 281 10524 13600 1314 7970 6952 14634 16174 816 9027 8013 9037 3406 8023 5979 1371 3934 17762 18291 887 10108 1408 19328 16770 2949 6022 3976 16264 11144 4491 3982 12190 19360 11176 2476 6573 16302 4527 13231 15798 8120 3001 12216 17339 6588 7617 17857 968 15306 14795 14284 4558 12752 4050 1493 13781 10201 16346 3044 1512 9194 2030
2580 12318 8228 551 6702 16943 48 5687 14912 17484 19533 19532 11342 15950 7770 8796 7275 4727 1666 13445 7305 13453 2707 11930 8348 12968 19114 8875 18094 4784 693 4300 7888 18644 15062 11487 15075 3814 5867 14064 9459 756 6902 4868 12549 10505 2327 1838 14128 7479 12095 7492 2382 8014 17237 4440 1882 10089 9066 7536 8568 6521 11644 10621 899 2953 909 399 17807 5521 13714 6561 11686 18363 450 5062 17863 18888 3530 16845 2002 13280 12772 11749 9193 12281 6651
4097 17424 18450 4630 24 11288 8227 16933 9259 15924 14393 571 9298 17502 7263 15454 6243 2151 12905 4204 18031 1135 11887 14458 17545 7819 5260 1171 19095 16030 14494 17581 5809 6862 19152 7376 3283 15573 1240 18155 13037 3826 14587 1295 18706 10519 11032 11033 11034 11039 10015 13617 10045 831 1855 4423 10058 3931 1372 8029 19301 10095 380 15745 10628 16265 16272 5522 18853 14245 19883 5047 1981 959 13764 11209 8656 4565 15324 9184 5091 13799 6120 3567 16883 9207
9730 8200 521 17420 1038 4111 12303 16917 3611 11310 11327 12365 6735 12369 6228 6752 18531 7268 2664 12910 19061 17021 5245 3710 15487 11396 3211 16011 16024 13467 7342 5294 182 15042 2754 8901 7885 15568 6359 2792 9962 1773 10488 6939 14110 4401 15160 17728 1868 346 13660 9053 11109 16743 3946 10602 6525 13191 18829 19342 7054 11677 12192 19875 19876 19366 16294 8107 6060 17327 16820 18876 10689 12237 2514 6616 10713 7657 17898 2543 9200 14323 6646 18936 4606
3587 3075 517 12302 18960 13841 9755 11814 18990 13359 9264 8752 15440 85 597 19543 16984 14940 10845 607 11360 11361 4203 4725 16529 17046 6813 10910 18594 19630 5297 14002 7345 11957 18619 19643 1215 1220 16589 15580 4327 13035 5359 1777 3829 15094 12023 15616 18713 3354 4895 4384 15649 18723 7975 1836 16172 10544 9039 1875 9043 10585 860 2402 10594 3427 13158 11624 13678 19824 9080 13192 14734 15260 10657 2472 11698 9150 9684 9183 15328 16353 8675 2023 11241
13824 3584 19458 19464 9227 17934 19985 14356 4118 12315 19996 1565 6686 3618 4664 19512 3133 1097 4173 13394 9299 16005 14984 10891 17039 8349 15008 1705 15024 14523 15043 15045 4816 11993 7395 7396 9965 15599 8433 16627 6401 8450 1799 13077 19221 11542 9495 17185 6438 17191 14131 17212 10048 11585 12101 16200 17225 11086 4956 18784 11617 13669 8558 10614 13690 14205 5501 8574 900 1427 5523 7068 12706 1442 1444 16295 14766 18358 18365 1485 463 16858 15835 1507 15870
15877 13854 11302 5670 7215 16433 7748 11336 13897 9807 9297 609 19044 15979 13427 6778 635 12923 2685 18563 9859 2699 13456 1682 2714 18080 16547 700 8897 4301 14032 18645 16601 3804 2276 14059 7407 11002 19714 2838 16154 4898 3883 5942 19259 8509 3389 7487 4415 19265 19266 13645 1874 15195 3419 19805 14177 6504 16746 17271 15736 17783 16780 16274 6046 415 7076 1956 11179 10672 15793 7602 13240 14789 8133 13768 4054 18407 2025 10221 4078 10742 5626 16892
7689 9738 523 8204 8724 21 6677 8215 15901 17955 18472 8247 16441 11834 13894 19032 615 18055 18576 11927 16536 12448 1697 12969 6825 5296 4274 14517 11963 1724 5822 8393 3786 723 6876 1764 19176 1770 7402 9964 10474 1265 14585 17657 6910 3328 772 14087 8990 4394 4915 3898 18238 17727 17243 2912 19299 14691 1382 15718 5991 5993 15217 6516 11142 12187 17308 2474 9133 4525 16818 10675 9144 10176 8652 16849 5586 11221 19933 18399 15338 17396
3077 2576 9239 7703 7192 1054 7200 2592 18468 1061 11308 11313 17971 13880 19008 3138 19529 19019 10833 1622 15969 2148 11876 19562 12395 15980 5741 12407 13952 18561 2181 1675 7317 6300 9383 1204 15550 11460 4804 7878 14027 13516 19667 10968 8412 14051 13540 770 13062 5387 16141 8976 1301 7458 13625 11073 14665 8529 15706 8040 18807 19332 3465 9612 7059 14744 4516 2470 6568 12201 7082 11693 9647 9650 13749 7099 15301 7630 1000 7662 17913 3582
9228 1049 543 1570 8746 46 5690 19517 2113 578 5697 1103 6736 2144 10854 3688 5244 7312 16541 10914 4261 6314 8366 9919 16064 16065 4289 9414 4808 1229 6354 10965 17622 17623 14043 1250 19171 5862 18667 13559 18172 14077 2814 8464 18712 17692 4894 11051 2349 3379 17204 7482 19275 10572 2381 6478 347 9069 4463 11632 373 6014 16255 8575 10113 4494 6551 7576 1946 17823 19363 16296 18869 15815 14280 1479 10192 18899 9694 15852 8685
7681 8193 16908 18963 12312 10267 9243 4636 14373 16425 3628 17972 13876 6713 5179 9794 5711 18004 16987 7776 7266 3687 11879 17028 3206 6793 17551 19602 11928 15513 10906 18096 3251 18100 7861 13505 10435 9929 15055 14052 2790 16106 14070 5882 16131 17166 13089 16680 19762 14648 6463 8512 3402 9549 15695 12114 2899 4441 12633 2911 865 16227 9059 15207 3439 18803 1908 7028 8567 8060 9090 12689 19861 17314 14253 3505 13241 5072 19411 4568 17900
5634 5128 11284 5149 15393 17473 17480 18513 13906 7764 5204 14424 19045 619 4716 4210 13944 13439 18051 6283 7826 15508 1685 5784 14493 7328 9377 3748 7874 2242 7882 14037 19167 11999 18145 14054 19687 745 14571 243 18695 14602 788 2341 14125 10560 18250 14667 13142 6486 4964 14183 5480 8552 17771 2415 10608 3443 2938 382 11658 11664 19349 7064 2976 17828 12198 1454 945 13235 12221 451 4044 6615 12249 474 11739 19946 8682 12786 17404
19981 15376 6685 18982 15402 13378 68 18500 2118 3656 4169 7245 2127 6238 3678 15469 4717 8828 17030 13466 157 12461 17069 14528 3266 11462 18121 1740 1233 15581 9442 5347 8418 11494 12521 6391 12029 6411 9488 1817 1818 13594 18205 7465 10032 2870 316 828 11589 6494 3425 12652 19310 7534 378 14220 7056 13203 16788 5014 5526 5019 2974 16801 420 9646 943 11701 6076 13761 15812 14801 17873 17881 16347 996 9189 10730 10224 18429 11774
16386 16394 19468 12317 16931 16420 38 10280 18484 6726 2636 19538 17492 13912 16481 7273 625 6258 19589 15494 9864 5262 16017 6803 2708 151 14498 163 11949 10423 18108 19648 4291 17605 14025 6866 10453 18647 3811 5352 6900 17158 12556 785 18201 6947 2342 3892 10556 8005 5446 16717 12110 18270 7007 19814 5482 8044 13686 1407 17284 4999 9095 11657 8592 16792 16291 12716 17324 4014 15790 3506 953 956 15310 18905 8679 488 16372 18940
1537 514 6145 9224 5137 4115 3123 2100 15413 10810 16456 12378 19038 17505 112 12913 3193 2682 7302 12954 1692 11938 11429 11950 1202 16564 19637 12469 15032 10425 19142 8903 7370 14546 11479 10458 19675 10478 7418 5884 4862 17664 7425 7431 13576 12553 5391 14608 1808 14107 800 17186 11042 6951 16681 9516 16691 9526 9016 7501 14676 11099 8545 18283 15725 16244 7555 6019 9094 15240 13728 14248 19913 18902 4062 2536 13801 17392 1009 12785
16896 13322 19989 17432 3613 10278 4649 18481 2618 15420 1616 119 2681 8313 10878 16512 19592 14476 3212 12428 11919 10901 154 6817 10924 175 17584 19122 3250 8885 14522 3783 19145 1738 9420 10957 9424 9438 17131 18674 7420 12033 9476 4367 7960 3355 4381 4382 10040 19267 326 13639 2380 15185 5970 18258 6993 12122 12645 15727 17778 19319 2435 6538 7569 16277 16289 5027 3499 1965 6061 3502 4532 19382 19393 14278 10703 18904 5106 3063
13335 10273 17956 4134 2087 16427 12850 7227 8764 5694 10305 10309 12871 13386 19553 610 6758 11378 11382 18555 641 4227 13960 13455 5804 1198 17608 3795 13525 8407 3803 16111 7922 9465 18169 9987 3358 19745 17702 13615 11062 3403 2893 19281 14674 17239 8538 10078 7531 10605 11119 5488 9599 9607 2451 3988 9115 5022 17311 9130 11189 15801 18366 16837 10181 970 15307 6604 5589 478 9699 16869 6632 8175 7664 11766 11768 2554 10236 19453
1542 7176 14347 19991 17944 2585 7193 11305 8233 2606 1075 6722 16966 11846 10826 590 15953 7763 18010 6751 19555 14440 8809 13936 15993 8314 14975 18567 13967 5786 6811 3229 6816 6307 1191 12467 3252 19126 4284 7356 5821 12479 13508 14028 6350 8399 11984 6878 17125 1766 755 19193 17148 16127 19204 14084 18194 12068 13114 6472 12620 12136 7023 4471 14202 9086 5003 13720 2969 12193 5054 2498 987 18908 15334 18420 10741 6142 2559
10252 6669 3090 8725 18453 17437 11303 9257 8235 1068 16942 13365 19523 8274 19544 13922 10352 19586 12938 18589 14496 18089 19116 10931 8883 18105 18622 17617 15057 726 5851 4317 9963 17134 17648 12018 6387 4352 15620 6925 3352 8991 19747 17190 10542 14645 15158 11575 15681 4424 15189 1365 11096 2907 10618 7044 11655 18315 18319 13213 2975 16292 422 16807 14260 10684 8637 1471 16323 9671 7122 17365 19414 2012 16362 6634 7660 14837 4607
4096 11268 11785 12307 11799 11298 41 7725 11315 6236 18016 18538 12911 1654 8311 3705 19069 2689 7811 4242 13973 6805 17052 17564 19618 15523 3238 18098 12987 12476 198 10464 16104 3304 237 17141 3837 15614 260 10504 3849 14615 19736 19758 15689 15691 13134 1359 6482 339 10579 14174 6499 16231 17261 15729 15219 18293 9596 3452 3975 5519 3489 7077 14760 12717 8117 14778 4027 3517 19903 15827 15317 4566 9687 14301 11238 15861 10232
522 19992 10271 12848 9267 11318 4668 17982 11839 69 14413 8271 11346 11348 13909 15446 1628 2675 5240 5273 6301 7334 8358 3751 19629 8370 18099 8893 1213 11459 10451 5334 10969 1760 6369 4320 17635 6377 7406 17653 14082 5890 19205 7945 19209 10007 17690 16158 9503 10528 290 4920 17726 322 1347 12612 11606 1883 5984 866 12133 11623 15210 2431 19856 16786 10136 2460 4512 10665 4522 13238 17334 8640 3009 6596 1491 19421 2021
5 1535 1581 16429 12343 7230 12354 6218 7760 12881 7783 2152 14960 8308 18052 5766 2199 2712 17053 3230 3232 13987 15532 10419 18626 12495 4310 3321 4346 2816 18696 265 14099 16665 18204 14621 4901 18729 19756 1324 3372 1840 3386 10558 5440 2883 2374 8523 9042 18259 18773 9558 7001 1374 10080 6498 9065 14194 5491 10623 12692 3478 1949 8096 17825 14757 10152 16300 12722 17844 17849 14279 13260 2540 14320 3059 10234 10239
12807 17416 16401 2579 5159 3124 1601 8773 3153 9308 10334 14434 7267 19558 12391 2666 1138 15987 7289 1155 16521 17546 1165 5269 11419 9380 16042 11438 14514 10964 734 9449 3305 12014 19698 19199 5386 15118 16147 17174 18710 10009 6937 4379 9215 11045 6953 15147 5429 1337 11582 2890 11102 11620 5484 17274 15245 16269 13201 10137 6553 14236 14753 16290 3496 11182 19384 5566 9670 454 18379 976 2003 9176 3558 14833 3069 13311
16384 18945 18955 18956 16399 8721 1042 7185 11796 7699 15381 2072 6168 15910 18998 6207 19011 10317 623 13939 2676 3702 19576 13432 3723 6802 661 12440 19614 15538 3269 716 5335 8927 6880 14049 17640 19182 12530 5875 17147 19196 14086 10509 787 1832 2350 1839 12595 13107 16700 4926 11079 15181 2909 2409 19821 16238 367 19312 13176 4990 8074 19852 6035 18845 5558 5575 18377 8653 9677 9678 15318 9196 2031 1521 14327 19964
513 18436 18961 1557 12309 11809 4131 6180 9252 15940 9296 12387 103 14952 12403 3194 11391 6788 13444 11401 141 2703 12945 1183 16036 17583 6858 3789 719 17630 8435 15606 15098 13571 274 11539 10517 10522 13083 297 16173 19246 5933 18232 3391 8513 14658 2882 17221 5959 17224 11093 7510 15202 18276 9579 4493 9102 9630 6054 934 3508 14783 1475 11724 18382 5071 9680 8657 4052 13782 8154 16354 19950 5102 17906 4602 8187
8195 16391 19479 19491 17980 5692 1089 9284 16967 19551 10855 14957 5235 640 1153 13446 19593 11402 5770 6794 16532 18071 2201 19098 16546 1195 12979 7863 9920 4303 1751 19160 9949 10468 12519 8937 6896 13049 15123 8470 2336 7972 6445 13631 17218 19781 325 15693 14686 3938 10092 15215 12149 6523 6012 10110 18821 15250 5012 4502 18329 12723 11188 8115 4535 12737 17346 1989 2504 7626 5079 477 11235 4593 13298 11763 7156 8697
8706 19460 13833 12811 12818 10782 7712 9761 14894 2613 7228 17470 2630 7757 10830 9310 10847 14956 4728 12927 17549 142 3217 17556 18581 19606 11424 5814 16569 8378 17088 12992 718 9431 1243 15070 17132 18160 9458 6402 14597 11022 8472 19743 8995 303 12091 8508 16714 3915 8537 18777 9564 4453 16744 14708 18299 8577 4997 14216 15757 10126 8080 10647 9134 13746 10690 18892 12750 1489 18388 7637 16343 7129 11226 11247 1012 16374
7680 3585 2051 6668 9242 27 18972 10269 16926 7204 4647 5163 11823 15412 6196 2615 7224 2120 19017 2138 19041 13928 1659 18050 13959 10378 16026 6820 15526 1190 14513 9909 10427 14014 14022 16072 13013 222 4841 13561 8968 4880 16146 7456 13611 9004 18220 11569 5956 16716 2914 11622 3431 3949 371 2428 14204 14719 7552 19329 6530 391 15755 7092 1972 9658 14269 453 1480 18895 9681 15314 8146 16861 18398 4604 17407
16388 4620 10765 14864 18962 5667 15915 17453 19503 11320 8765 3648 8261 13896 13384 1610 16974 4689 15444 11863 5720 8801 11873 105 8341 6297 17562 13470 3241 4777 14508 19639 5816 3263 10944 8914 9943 5852 12008 13551 8438 13050 18682 5374 766 773 15110 12040 16650 8977 12564 10536 8488 19755 5962 2903 1378 14701 15732 17793 18819 9622 11162 3999 18341 2993 2508 5582 14800 5074 10200 13788 10209 13288 5624 18939 10750
15882 6154 18959 2593 19496 13361 18485 10809 2119 12359 6220 15455 617 18545 18553 16517 8326 9861 19101 8364 13486 6327 6842 17086 13001 202 10955 14542 19682 13030 12528 245 16630 3320 1812 5923 16682 12591 17200 13105 6455 323 2891 9548 12631 9047 12125 7008 14695 16243 15739 3454 17278 6529 14725 6542 10639 16283 9136 19383 15800 8124 12224 4544 5057 14790 13254 11210 17357 15841 17383 494 4590 13300 1014 15863 3583
7171 516 2054 8214 12838 553 8240 19514 16447 17987 15432 8269 4177 3672 3162 2141 14433 5223 13424 630 10368 19598 4763 3740 5794 170 12970 4279 13534 7393 14055 13038 8947 18676 18184 7951 5907 17175 5921 12080 17715 7991 9531 18239 5960 12619 16210 8544 17262 6003 14201 1915 12667 2429 19842 13708 12175 5031 2984 18865 8627 2489 16318 10701 6098 15837 8159 4064 4580 3557 13798 487 3562 9201 15857 5107 12793
6784 898 3846 15367 11017 782 15631 17554 3474 8085 16791 8727 12824 11545 13853 2466 14882 6692 14756 11942 9764 19240 5029 10922 15274 11556 11941 19502 10415 17969 14905 7866 14909 2366 16703 12989 12991 6980 4934 4041 13898 16204 18893 2639 9936 16081 11602 14288 10066 10074 6109 1118 6239 2272 18273 10974 995 2660 357 10726 8551 2794 19691 15211 12654 13552 2800 7795 3571 7543 11512 1658 8827 12924 11901 2558
13696 14465 3586 15236 3845 9866 11659 11020 7833 14874 14492 11805 16286 4385 5538 7332 9510 2727 12070 10026 5164 12462 12079 13744 5806 5684 17589 17333 694 15287 16827 11580 16443 6332 3010 3139 1093 19910 16453 19401 12362 6606 16209 4818 17491 1235 4562 8150 5206 9686 19417 18778 13914 9819 5845 3930 1631 5344 12257 8546 9437 17381 8935 7911 5481 19306 2922 6252 18797 11755 11759 4721 6771 5878 13564 1533
14464 18307 644 14085 15749 12551 14856 5253 140 7948 7440 7954 6291 10004 12053 19998 13857 18851 2215 17576 19625 12456 3753 17196 4905 15150 8750 177 9779 5174 7095 18616 17209 185 6715 13884 15933 9915 13503 9025 3394 19907 17220 15044 16709 6341 14664 11722 17098 6605 5456 4311 10583 12120 5210 3291 7768 19165 1119 14048 12641 9056 9317 7656 17387 10606 4974 3315 2036 5748 12918 18551 5112 8444 8189 10622
10369 11780 3973 1547 12812 6027 17294 9237 6934 8984 17947 19355 14109 14627 7587 19238 18086 15400 3625 3370 12203 9254 18093 8493 5801 8626 3507 11828 566 12726 9657 16314 9147 9405 17472 961 8258 3906 6727 3657 11081 2766 8527 8528 7251 16212 17367 11480 15066 18652 4444 16094 15584 7649 12256 7139 5218 15463 15977 6763 16364 2027 14830 13550 13421 6894 1650 6899 13938 5108 10995 10104 2556 19454 8191
9473 9474 17666 13825 7685 262 13829 8834 8585 13962 10888 3596 19214 18832 12434 17942 2715 17821 2461 8223 11040 4641 12962 6049 17188 18980 17323 4782 4912 17329 13747 14389 19640 15290 7995 2490 9787 6593 12355 15942 5703 5705 15565 18125 5454 10960 6990 11730 19156 6101 12758 12756 2139 3675 3806 15712 1122 11363 7654 11751 16751 13807 19185 19954 15474 3188 5363 1398 2039 8056 12022 3446 3195 18428 12159
8962 4357 16392 12296 4616 7179 12686 5392 9490 18195 17812 17301 17814 7319 2067 16663 4122 10010 17181 7455 17952 14112 16802 19235 5664 8356 7078 13862 12840 6699 8620 12334 7986 7733 4793 14906 957 11838 13888 11329 15938 15554 10183 3787 2123 14669 78 15436 5328 2260 19031 4183 7386 7643 18780 6106 17758 11228 2016 2530 3300 1509 1765 16101 3047 9577 13419 12396 9709 8061 9844 19190 4472 9978 17533
11649 7170 15491 5636 3588 12038 4231 7297 9993 12042 17403 15884 18702 7311 6007 19601 19603 532 19733 10390 10264 11800 14618 5403 5788 17694 5535 3614 10786 18605 18992 15921 15027 7604 947 2356 11832 4413 4542 6334 6592 11971 3268 12869 16070 19015 14535 6214 715 5324 16591 16847 4176 850 14680 605 11998 11230 15714 98 10981 7805 2539 14187 16110 19438 4208 8688 14199 19833 16123 19708 13693 7937 3199
9093 6406 2441 12170 5258 1676 14605 6541 13457 530 9875 6289 7958 3353 13722 18846 15262 5918 8353 19362 6436 3752 12841 19242 12204 813 10673 6578 4531 4148 19125 821 18610 9913 1593 7738 12219 7868 17215 19010 14914 16069 12357 19911 11976 73 6982 4039 4812 7366 17743 7503 11007 15060 1621 14679 3159 16089 11225 19040 13664 737 1632 5604 3168 19432 13800 19054 16371 16245 18809 11004 19326 17535
6659 3204 18692 2444 7436 17681 10386 17684 16918 19478 14872 7577 5658 4762 10142 2847 10783 13985 18210 15906 8100 12453 13992 4520 11947 14380 556 17711 15665 16305 11571 4019 2227 2486 11959 16825 12345 19261 19390 6077 1857 10306 1227 5200 7507 6870 6998 18776 13402 17371 16092 8543 7521 612 16871 15720 19177 2282 5740 1645 18413 7149 5612 17264 14577 11249 7283 9460 17525 18933 3313 1015 1395 17277
14850 19588 19974 18571 14863 9744 2575 13969 3859 10260 17683 16659 9240 18586 19482 6047 6946 9124 15653 5287 11048 9767 2730 4778 9132 13487 8623 7599 14130 18355 3634 7349 9522 10552 442 13244 7486 15806 8000 10816 16067 18884 9028 17091 13636 9925 13770 12491 16460 4938 3155 4057 7387 19803 2405 231 15208 2665 19434 13548 18158 15726 12526 11633 10610 14961 8690 11891 883 5231 9849 17915 4732 895
13569 15495 9609 3595 10123 7565 14478 6672 11025 15890 10387 13075 14227 406 3092 5393 5401 5914 5785 7701 18336 10659 3236 18088 5803 5420 8110 9519 6449 5940 53 4918 18103 5685 3128 7860 10426 6460 8375 15422 12735 7742 6975 12738 3907 1350 7368 3662 10575 15700 5972 15061 4825 14556 17501 11870 16485 17254 744 19945 9704 14060 13040 15601 7477 16629 19573 1141 17016 9078 2678 7547 10365 5119
1283 9731 1674 14860 19725 14221 1677 15760 5904 3213 3730 13204 4629 9623 11031 6935 4376 16040 10024 19882 14251 18092 11181 7727 6703 4656 5938 7987 11954 8625 9399 1591 4026 5946 7229 1603 19908 10950 1352 17226 5322 1742 14799 8526 337 14163 18260 7252 11735 3928 7384 11610 8925 991 16480 17761 993 2787 9186 5221 1638 10465 8440 15594 5098 14573 10349 12015 2034 7157 18166 16759 4984 9461
13316 15621 777 7306 10892 9357 9485 13182 6164 3221 15510 3223 1050 14363 13082 8858 14456 17444 5413 4006 8232 1579 16044 11052 15533 1837 9775 12213 18230 14518 15163 16061 18237 2878 12477 17217 10179 5829 17733 8517 1606 18248 841 15049 2759 13900 14285 5070 12751 9294 8145 8276 19669 16982 5080 473 9567 9440 4321 2017 5346 10086 7528 6249 19307 7787 17135 4847 6898 16118 18040 16891 13566
1280 18177 11521 6016 5377 6664 9720 19851 13582 6160 18198 17047 16664 5142 12822 667 10268 11933 4253 8609 6563 5796 19494 17192 13865 3242 12075 8106 7086 14383 6192 1203 15284 19765 13750 3895 4790 15677 6590 8127 1729 11074 3140 2501 5957 17865 11211 4171 19789 14033 18261 2399 7135 2529 13026 15586 17252 11746 8928 4966 5353 13162 8302 13935 19056 15985 14319 15350 7799 248 10998 13181 3327
16898 11394 19330 18311 13448 12041 7051 4747 7058 17300 2454 5783 2583 14745 11674 15515 9884 11675 6556 926 8730 9758 9251 11811 18085 16422 13733 17064 7080 3239 5676 12590 2225 1971 15285 8886 13110 10294 5304 2747 17340 12861 576 10180 4805 15559 2378 9803 14154 17232 9168 12370 3542 16088 18524 8289 18786 19685 19047 4456 2919 8169 17133 496 7152 19186 10740 7797 8310 4215 250 12541 8447
10240 4229 11398 15238 19462 10890 13581 17 12308 10646 16668 11165 5920 1315 8612 4389 9514 10027 7214 9903 17712 2096 9008 19891 12084 7476 15670 311 11576 3642 8763 16188 14653 577 8770 18755 12868 1863 3144 8264 18378 587 842 4941 2687 9809 10963 19540 19158 10070 19672 18526 18015 13152 1120 13282 17123 2786 485 14307 1255 6631 14309 15466 5354 13163 11501 19953 5239 10360 11771 17663
2 4995 14467 1796 10887 18440 2183 7946 2827 3853 13966 18703 11283 9620 6931 6679 2840 1436 3100 930 2982 16041 7977 8491 6700 11695 16688 5682 6650 16950 822 17336 2743 14520 5562 2748 7353 7615 6208 14785 3522 6780 19656 10570 15437 19155 11220 10067 13910 18394 14941 19934 10335 1506 3172 7525 7527 10600 8297 17642 3565 14063 16240 13039 7921 3440 9583 15093 7546 10619 18300 9725
17665 13953 7427 4870 8 13834 5130 13327 12304 10769 17682 5394 16790 12314 795 19995 2845 13597 2590 1321 5675 11692 4652 14641 15157 16695 3769 3899 9019 16574 18370 19140 12741 12103 10823 16585 19786 2379 19918 17103 7631 19537 17871 10447 2132 6484 5078 18903 9815 2009 91 6108 8669 1630 16478 16096 14304 7778 7773 14182 15719 6633 8556 10223 7537 19058 13682 8050 19314 19063 13048 2811
6785 18690 6531 14466 15493 17413 3332 15365 11656 6666 11 10373 5769 5893 14222 15375 9615 8596 7445 16922 3483 12188 2077 13856 17701 4645 8487 4007 14891 7979 18991 14768 7984 1586 13622 7478 14136 2874 12733 14397 18495 7616 6847 5699 15302 967 329 1355 9479 3150 11599 11343 7634 17619 1877 9691 11996 17632 12258 1892 18408 18157 9326 5229 15216 8689 1396 19192 12282 15099 17916 11646
9601 11395 10117 4101 19333 5254 16776 7947 8716 10637 528 2961 19477 9749 16406 18202 6171 12062 18211 4387 6440 12972 2733 4142 8751 561 16945 1201 9908 3763 3893 5426 18360 18746 1594 14524 9790 9536 6850 579 14917 5445 8902 16712 6089 4936 9291 18512 13649 18130 212 18266 9565 17633 6242 4323 17636 5349 9700 15336 1385 10347 6507 8557 12143 2804 2294 6903 15096 2934 12413 5502
17792 15361 13318 13703 15752 14598 2056 8971 6026 10255 2705 10258 16787 3476 8593 5906 10140 4509 2078 18335 18848 2589 2979 19621 12582 2601 18221 9262 18351 17201 13106 10034 2357 6070 9655 2363 573 317 5567 4416 13893 15558 966 13382 19273 8650 17866 16201 1867 3145 7758 14671 5193 1106 2259 15443 5590 2262 13530 17375 5860 9572 3175 17514 2795 2157 16497 4339 3575 16250 7548 13000
18688 15489 2946 7553 15492 14470 14344 17033 651 15629 13198 15503 1811 9363 13843 9241 9369 8219 7582 3359 2848 9123 19243 7339 14764 4139 7085 11440 19377 16563 310 14263 14334 15929 12860 8130 17223 1865 4426 4683 5706 11851 3794 17363 467 16725 10835 3154 11607 16083 15486 10204 5341 6366 2910 19425 7777 8548 9319 10220 624 18801 4595 12276 3190 15222 12920 14198 5114 2427 8830 15103
14339 6787 13828 17286 2055 5384 14218 394 2445 4750 12687 1424 4496 6162 9364 14230 15896 9881 15642 6298 6299 13212 16670 6425 928 2720 6050 3104 804 11172 1959 16809 9898 17963 10155 15278 5040 820 441 17466 12607 9281 4545 15944 17099 14668 8139 13519 19280 15441 10448 13653 13400 13656 7514 19036 3676 10332 7004 8670 12386 18405 7914 19823 7794 16885 12406 3701 4342 9081 9463 11006
6400 3457 1538 12546 4484 14213 6 17542 519 9991 15109 3466 6024 1292 11149 12813 15112 13842 6419 12419 19 10775 13593 12963 7589 10795 9260 14640 7344 9141 10421 18361 7611 16572 16701 12990 12608 19009 16448 16452 19526 17478 8904 12106 19148 16588 4174 8141 12496 9426 10068 12373 7512 3673 3674 5471 4704 12768 15970 4067 6115 3936 12266 18670 6789 9586 15603 11127 18937 4347 7807
4864 13698 13186 7304 11404 2188 14990 15119 2316 11152 6540 19219 2322 8726 13847 17816 1945 6557 11296 11936 4514 7592 17065 15529 13867 17708 6444 6956 5425 2739 11702 951 7992 18490 14907 11835 16445 62 10430 9023 8769 4028 8251 2756 14918 19783 12616 14152 8134 19530 16844 13773 205 206 3534 8655 8658 17364 2133 6229 10461 18654 1762 5093 4326 11244 8559 120 10489 13306 12414
14336 11910 7432 4233 8079 3983 9234 531 15635 5780 8087 2584 9370 15900 2463 5026 8867 18599 7207 2089 3754 1067 6187 17707 17330 19515 11323 15423 19778 9924 15943 19912 17352 2632 17737 6859 9421 14926 5199 3703 12625 12757 16983 3929 14810 13274 7260 11356 12507 19807 1890 2531 14178 6373 10982 6118 14186 4588 11629 7151 14705 11122 19187 12273 2422 1911 12280 10235 14588 3581 18431
19457 10760 3209 6029 19471 18705 3347 14483 10645 10262 13596 4511 3875 19748 12196 9726 2986 939 2736 9649 10674 11056 5556 1207 14392 2361 8889 11578 1341 9151 4543 12097 1348 837 15174 14151 5573 1225 8779 15435 3660 12494 18510 13647 18000 13261 594 9041 3540 7893 5462 8533 13654 17753 16602 3147 13149 3422 7519 6114 14819 18023 10601 8173 9454 17273 11889 5621 4597 15481 18046
12288 18179 1539 16004 3843 15242 19596 5143 408 19224 11544 6809 14491 16409 4769 1954 13601 18596 10148 15403 15404 2091 2095 8369 4787 19252 5303 3000 3513 19386 6202 14652 9022 1983 17985 8386 14786 15428 7749 11458 12865 12361 19274 7881 9673 12490 1993 13391 5458 8664 5849 12123 7132 15453 5342 11231 11104 2401 13410 1634 7909 11368 17645 1006 17395 16116 14068 5622 1271 12409 8959
5504 4865 14723 12932 4356 10885 1926 18825 11145 1546 9740 13325 16140 2063 2321 9106 5267 6420 2069 19994 1179 5020 18334 17695 13983 2337 10654 3745 18681 1964 6579 14005 12086 19255 18872 17463 1846 13887 3264 12353 13762 13123 10175 1732 1859 1861 10312 5961 14922 4043 9676 6094 16720 6096 1620 13146 1498 8158 19295 13665 5602 6882 17892 1249 13671 7145 108 12151 19321 12797
13057 4355 390 903 2566 1671 139 1549 9230 8594 3093 15382 10263 5402 10907 3231 11427 11683 8357 6694 15656 9001 6443 13823 2861 15022 5937 19890 6452 10933 9398 8632 15293 1473 2370 707 12484 5701 18886 3014 13255 1737 14026 7750 15308 10700 19409 2772 12886 18391 11872 17634 8292 10470 1511 2280 3176 10475 6892 17903 9456 2927 12658 19571 19827 3061 13046 7415 4216 10111
6786 12035 19078 14983 15239 2438 12426 11530 8330 17293 8454 19211 18579 17172 2709 9238 17686 12696 11157 4249 12567 1948 7452 15645 12831 15522 4386 4772 8229 8616 2217 13869 9773 9138 2484 9781 7735 7098 13755 17725 16192 3521 9538 11717 9160 5708 15053 17744 8788 15830 11483 15197 17377 8033 2659 2020 6755 8678 19048 2026 1900 17389 17005 9071 4209 5234 14836 1272 9979 4735
5637 6918 9593 14474 270 1402 7313 18578 914 12691 11411 5529 5913 5146 4121 10909 9724 4767 8610 14755 7843 14629 6822 3498 8109 10287 7343 18995 2355 9523 16442 9402 5564 9533 11257 7998 9793 11201 7361 1860 456 17353 10568 9547 17228 5707 16848 15316 2261 87 15191 6363 11489 12002 12259 2913 8803 16998 18152 17513 10091 16621 14832 2803 761 13430 15479 1145 6906 764
11136 13697 17794 16901 12678 17926 17799 19217 6418 7318 3990 1048 11673 1305 18076 5148 6818 1060 550 9384 15401 4009 3626 15276 11821 13228 18863 18864 12720 9901 15283 8880 7859 3765 6829 569 14782 9662 8511 10190 18511 12497 466 13651 5843 17109 4437 3932 3164 9436 3041 99 4707 5220 486 15079 14442 6250 12780 7405 14575 17520 15346 9587 1394 17017 8698 13691 1404 10367
14341 3590 1545 11914 4749 16527 16534 6295 15512 4374 5530 15643 8091 5910 541 14366 16287 1058 4644 6181 11690 11691 12076 15534 9263 18608 2229 9656 5693 3265 12994 1605 8006 19657 14538 6090 18508 19279 19664 1618 5715 8534 1623 11609 12634 6235 4059 10077 479 2655 6113 7137 3174 19561 16874 5610 10217 19967 238 15855 8176 9711 8434 17145 10743 633 10746 7292 6526 11519
17408 12291 7683 4 6149 6920 5640 2314 11913 5752 7567 14482 1683 1942 5398 18073 6943 18720 9247 18855 16168 11816 15273 14378 16561 12600 8125 18879 15552 10434 14275 8518 11207 1735 9289 5448 11852 12109 17105 13266 13907 13526 6360 19289 18781 8541 5728 13409 16737 11362 11493 6886 8425 2155 14955 18798 2799 15345 626 11635 14450 18802 19443 16757 4856 3697 10875 8700 6911
10496 13441 10754 5891 774 7559 267 17292 395 15502 12045 18064 14737 5899 6670 894 4863 8216 1432 7065 18075 3101 16671 31 12324 14372 12197 19374 16815 7089 18613 18614 6709 18362 1467 14780 6205 449 9921 580 16071 7624 11855 18896 728 2392 218 4187 4831 481 226 17507 10859 2283 19948 17516 14829 3183 9581 13297 12017 7409 18292 8687 11641 5499 11516 254 1663
13568 4992 8963 1028 1925 12804 14214 3720 13577 3335 4497 14739 9468 17430 16152 12825 18714 12827 8986 10012 14495 19999 18337 2464 18467 16679 9512 18218 19627 11566 5423 14385 5298 3635 19511 7865 13627 17724 17341 958 11967 19136 19653 5578 19150 16336 12498 7762 15188 8021 15325 864 10336 11234 17760 7012 1124 1639 10731 11756 5998 17391 16880 15218 4211 379 7804 3965 14078
17281 16003 261 12425 19595 1164 16396 3084 11282 12050 4244 18325 6427 12572 7069 3357 5021 12958 12833 15138 10403 5797 8744 12457 13738 12971 5034 13226 13353 4271 10543 6835 17973 1461 9784 60 1212 2365 7484 16834 12999 10185 8907 17102 14798 8143 5457 16976 13014 5718 14168 13145 17370 7262 17249 14818 14050 13413 4197 4202 16236 10991 6639 6385 8432 1783 6136 3068 5757
5760 17539 14596 19972 9734 15368 18570 19340 3724 10124 5135 18321 4372 10903 17434 14747 6052 9511 2426 1973 17467 10301 5438 2239 3136 5312 10818 16451 8388 3914 8142 7887 3791 721 3026 14035 12628 6355 7127 3288 17113 858 18907 1500 16605 6749 5593 12512 2657 18530 8290 11747 15461 4191 18665 17258 19435 6635 4329 15470 3311 8431 13786 10607 19700 634 7800 4857 3962
17287 8840 10250 5243 2319 11154 16276 11412 2205 8222 6175 19488 15778 13604 5285 15142 14503 3624 18345 5412 1963 5548 7335 16822 12986 16187 3258 14525 4924 5820 15937 8262 9031 11340 19277 3792 2385 4432 16980 6102 15704 10457 11263 14172 7261 12638 5982 16735 14561 97 6754 16484 229 12774 10727 2281 17386 19051 7401 18925 16878 11372 7408 16754 8053 18294 123 6527
11777 12545 388 13957 3208 9352 12171 2572 5390 6161 15378 8467 2450 8854 4759 1686 12441 26 18588 3103 9504 6434 11939 1958 8361 1066 7597 12205 2354 6707 19379 1460 18870 1590 16573 10046 4419 7365 12104 6730 12364 16846 18640 18641 16084 18135 8791 12505 5467 5596 12894 12126 1252 17637 14823 19049 12909 18030 6253 11374 19701 11894 17269 6392 1914 3835 18557 14462
9600 13188 134 392 15241 5131 2446 9231 9489 2964 19093 8599 11166 2465 16162 2210 6520 6182 13863 9128 3369 6958 9396 11192 14650 2746 18623 19392 3135 11714 10947 17860 10437 4803 8007 8647 7364 74 9413 19406 462 2126 18515 15957 16597 17879 4949 12765 18912 16994 15459 17764 19941 15589 10978 12776 18025 12137 7014 10604 366 1139 12661 18935 18808 19194 11131 9981
18944 16513 1668 11012 1414 4487 6663 14348 6157 11918 3858 5778 17429 7063 4991 15902 5536 17697 18978 15777 8736 9506 16166 7596 10417 817 14008 19129 19130 15802 15676 15679 14271 9537 19522 4167 6217 6221 18254 12238 11725 1492 10196 18390 18007 17624 5591 10330 6746 10850 2658 6372 7779 4708 10213 6370 13804 12397 1903 11760 19057 5618 9713 18036 15866 893 15230 13183
19840 4739 10372 18180 8583 15626 18701 8205 7704 11802 8604 16674 19236 1572 9765 679 13993 5162 10411 12588 4913 17587 14132 2996 695 11065 16699 14139 11196 16956 2238 18496 7867 10178 3267 14916 196 4550 7747 7745 15561 848 6097 5330 12499 12116 11733 3798 6490 19035 16609 8929 11492 12649 14057 13931 15468 13932 1641 17263 16496 1647 9836 2929 4084 15989 7929 19583
13440 257 8064 10883 17156 6405 7940 15623 5515 12557 5007 9871 2193 7057 18831 2581 9750 19607 12952 18457 6042 8603 6684 19869 669 13732 2214 13223 9896 1577 9387 12332 12338 51 15411 4149 5173 7350 6194 4281 11710 18882 17602 8900 4036 72 16458 14410 3404 19662 13904 7250 7674 15958 3543 10842 13666 10596 4199 5865 18799 5871 3569 13813 19830 15738 17019 1789
13699 5508 2823 17928 779 8846 5013 13336 2204 4637 1437 12320 18849 4642 14243 19497 8618 18347 16169 19501 19373 687 14384 8497 3888 14387 16948 12341 2102 17974 5432 7223 58 1722 16829 8768 17986 5443 11588 15686 4166 6344 18632 13642 3910 4811 9801 18265 15964 7422 19936 13921 3426 9315 3940 5474 4713 4331 15083 11503 7280 6257 16626 19316 12916 17527 2298 15102
17024 16257 16642 13315 2564 2950 18952 524 3088 7824 5140 15252 5141 6294 280 8985 8093 10399 6560 5540 18471 2855 18476 10925 302 15277 7031 8498 2101 568 2745 14396 15038 4414 19776 6464 1478 1607 455 7369 5066 1995 15567 11856 10199 17112 17241 3801 6618 3548 14296 15326 14432 3554 8445 2279 14696 17130 9707 18412 11627 491 10348 114 14967 3577 16636 12285
12162 8453 16135 5255 17289 15113 7178 1548 10375 11150 10894 6288 8850 10771 5396 10900 15383 7831 3736 15386 10651 11164 18463 1695 16805 14246 4005 7206 7594 3501 11055 10416 3761 8881 17459 13363 7989 16824 15545 6457 8379 15932 2620 10814 16959 8385 6083 1222 15175 14663 6598 19659 4685 18518 19291 5854 9825 9826 9443 13670 17770 1131 12140 2797 5226 7279 4731 8059
6528 17153 3201 4359 7943 10761 9610 17550 15247 2062 3854 14359 17305 5274 3226 4635 2844 19107 11946 45 2221 2992 12729 14010 14144 2249 7241 17227 19197 11597 5966 10702 11133 5073 19536 11601 7508 1615 211 2900 4815 5329 4697 16855 14807 15321 9946 5340 18269 11358 17119 13792 7901 17890 5336 1508 15590 5607 17384 14953 18156 11500 4591 11385 17146 1148 12925
8705 5510 16007 11272 19207 7564 2061 8206 8848 14225 19474 19859 1684 11792 10135 19612 13084 16924 18081 4771 11044 2344 7466 2603 304 4272 2228 8761 13757 18240 16320 19650 18242 14149 13253 18502 16711 1094 9805 9550 11471 16337 596 12245 15574 986 9566 19808 10849 2532 6885 3812 4455 4586 18284 11502 14703 18671 5105 4592 15859 16115 3187 9070 6775 14712 13308
3329 15618 5889 8578 18950 16895 12429 1040 3091 11156 5653 791 19097 8092 15264 15776 3361 4519 19371 1709 14893 560 4404 13877 18359 6200 7736 7996 14013 7997 445 13376 4287 13117 6979 14017 9285 12605 12105 14925 17235 16214 1238 18774 8409 7039 19455 8408 13021 14429 5598 13791 16740 19430 19816 17896 17768 9960 9708 746 17646 751 19569 2674 19829 7542 17151
6532 3079 6280 2826 1931 16778 7053 13073 15767 5017 4890 18719 3360 18209 2079 803 12966 3368 12712 18301 11822 3630 2224 9265 2994 12464 18612 9525 12214 11703 11951 7737 827 9277 321 3011 10824 9544 5580 3405 18126 17359 2384 3023 979 12372 213 17495 9559 6871 7385 10071 3679 7264 5990 12264 10090 7274 19694 6773 8054 4726 3066 13563 14460 381
1026 5379 4733 1670 18566 18057 18446 7823 3987 2196 4117 19094 3734 13464 3097 17691 1052 4380 14624 4260 17958 14502 13736 8872 10999 44 13614 16434 3762 15797 10805 8760 1595 10812 10688 7618 15555 5570 197 19146 19276 10958 9172 13143 217 7644 15741 8926 4578 13156 18404 8294 3429 3689 377 3819 4844 4845 16494 750 628 11380 17399 15609 13821 14079
3330 13059 4354 5381 4615 12 1167 11409 15380 18197 17302 14614 19739 19615 10400 8735 6178 7971 9002 14635 19064 10029 18350 1070 4909 4013 15537 2611 5166 6716 446 8126 16576 15808 2879 9792 19268 3397 17222 2629 3909 6856 8776 1739 7752 3021 17486 5839 5588 6103 12248 19290 17754 7905 11106 16356 363 16747 4719 2547 5876 10101 16502 1912 12284 14589
1665 7042 2693 14859 19724 8591 9104 1807 8338 6166 11671 4632 11929 1303 6812 3871 927 15521 19746 14115 17957 9639 12329 11563 7469 6576 2487 10042 4672 16326 4807 8137 13514 332 6607 13135 2257 5459 4181 18262 19927 5977 2266 7131 3552 1248 12642 15842 3428 14822 6375 17000 8167 9450 3307 17772 11886 16367 19696 18162 18547 4594 2805 9467 638 9343
10884 10500 17672 10121 5898 5129 5513 11021 1552 16275 7444 12438 1815 19352 1046 14106 18584 16796 19742 14878 1567 9121 11300 13093 3364 19111 6062 1714 14003 7474 18101 824 6331 17087 4031 18497 6851 15557 19018 12746 9034 19661 13390 4302 16592 9038 9554 9171 982 10329 14554 4060 17887 8034 1763 15464 15339 235 17517 12016 13170 18931 15220 10103 4219 10495
18048 8321 17410 8835 6403 10629 4353 17543 5122 2057 10251 12299 13712 1425 4501 10134 4250 15259 12191 19237 14118 7591 16423 18857 19115 6577 12594 9780 9268 12598 10806 1208 11322 699 3645 6720 18113 5314 1217 4164 13765 3782 15177 14283 8780 16461 6733 9167 6611 12759 12632 6872 2265 3034 4447 16097 4705 2788 11878 13032 872 2538 7403 6388 6645 14966
7554 10759 1037 16655 19600 11537 6290 15633 6548 19605 1302 8855 1556 18582 13971 10006 11926 9117 10487 16415 10022 15143 2094 4145 16693 9397 4408 18620 5180 15424 2369 15425 16580 2757 5828 12489 10441 10187 13389 5583 12241 14419 2005 9430 9560 6744 13658 14427 5853 15582 16378 12262 104 18024 3560 19819 12267 2411 2544 8563 5237 5623 19834 12796 4221 6783
11137 386 14595 6020 7430 7 6407 13319 10249 2186 1803 16524 14982 4360 2448 2320 9361 12179 7188 11287 16280 4633 18587 1053 13982 805 13991 1662 1323 8619 5035 15789 13102 3887 15792 7723 10546 18302 17332 5555 5042 10169 17851 14140 9403 3529 4557 846 14670 4431 2513 11214 11995 19293 482 19431 6119 7529 7658 10736 14066 6901 13434 18684 9470
6146 10626 14852 17924 9351 2952 4617 2313 13451 3719 653 7950 7183 12177 15257 282 15899 7195 19486 2591 6177 15269 18600 7722 9771 18606 2865 19508 17588 10493 16954 15292 1980 2621 9663 18112 5313 1474 3908 2246 9287 12232 16969 12230 19149 18638 3279 4304 12749 3924 18389 5599 13153 8806 9192 17897 3563 1901 8943 9968 498 17652 12792 15867 18685
17409 3202 19844 8199 3722 11917 13454 1935 3856 658 17048 6936 793 18715 16028 19102 2718 10915 17443 16550 1707 13356 2989 4910 3247 5932 1841 2610 13870 19767 17592 15928 6972 9917 8510 6591 6977 582 5449 5451 18128 16596 12152 11478 15064 5850 17885 17374 7390 18141 2784 3296 18789 358 5735 13414 10986 7786 1133 5230 8304 18675 4344 17661 17022
11010 1157 11654 1031 9099 7182 17167 5647 11921 14354 19228 19103 7329 2469 12325 1576 5928 9772 9389 1966 14639 7340 15662 1332 4277 1335 697 2233 14395 15039 17344 7873 15684 2373 8645 10438 9161 18509 591 7380 14934 11734 2650 3802 4446 10462 12515 18277 18918 8038 16232 13287 18154 8940 3182 5104 16625 18290 15091 12532 15862 9594 15355 6397 1278
14338 13572 12421 12165 5002 16397 1933 10767 3470 15761 8211 11029 7448 17560 4378 12444 17054 1950 11810 8486 935 9385 15916 17709 17197 15280 14903 18104 5689 3519 14401 4417 15171 19780 12740 3142 330 5836 7249 13523 9174 7895 12888 19799 8152 10456 4700 18527 16863 14437 12006 3685 4072 7785 3178 8550 11373 9198 9199 14324 3573 11126 5109 17400 15997
12675 10631 8584 16021 19610 14625 5793 17790 10660 9638 3112 17961 1833 5931 11304 9007 52 3125 5557 16440 5944 11833 11579 17595 7355 7357 11325 19391 4541 6337 16702 2371 4801 11080 16329 19658 13643 2252 17741 4942 10959 18263 16728 14042 14811 17883 16477 6748 8286 18913 15974 360 7144 4330 2923 11882 3822 8048 8049 5746 11252 15734 6390 6265 11390
9856 1794 6148 11527 12680 8586 5900 16526 17914 7315 10389 8086 3863 14489 7196 7197 18343 13355 17068 4397 11185 4017 4405 11958 4024 11066 2108 11200 12096 5825 8259 16836 18757 4806 11844 18760 4681 6855 12235 5068 15826 9811 14164 7638 8256 18906 19804 16862 8160 19426 8037 15591 13289 1258 3308 15983 4207 18164 4596 11764 9719 10997 15737 18170 19836
7040 11009 18306 13573 5127 14986 9995 17040 18323 3605 9111 9112 8088 18711 11422 8480 10785 17313 6691 16293 1702 4646 12585 2346 1073 15796 14772 9654 17208 1080 5434 9534 2494 15170 7544 10821 16968 11465 9290 10571 1996 5710 11087 13777 14677 342 8663 10328 17503 10977 7652 1253 1510 3430 4839 7141 12651 7147 5739 9457 8825 1652 11640 1401 9083
19713 14210 18947 9602 130 10630 9988 14088 4873 17802 1162 2954 3731 16661 10261 9626 12802 12956 3998 5150 2722 15395 11813 9382 3749 296 5289 17331 9014 15352 15607 19260 15353 14398 5183 15936 17354 1611 13138 10836 14039 4088 6745 2394 19550 12511 15966 11233 10211 12135 4967 4714 19181 11758 19826 16114 3445 7414 12919 6264 249 12538 15485 16382 10751
8960 11139 10501 9477 17670 12424 12298 2955 5902 12815 7310 1553 8082 8733 9629 6303 6048 1568 5795 7333 4773 11047 2090 13999 18480 19505 3632 4399 17590 18231 438 12342 3897 4922 13626 19646 3262 1994 9930 13004 1357 1230 11475 1112 10841 5465 3165 1123 16229 999 12904 6887 3818 16363 2156 4462 18159 5615 2801 15221 18422 3064 6138 7035 4348
18560 18948 1029 4612 15111 13193 6153 5901 3469 14351 10256 16022 12311 13848 17689 15770 17566 9888 1313 9632 18725 3878 9637 12455 13822 2092 10799 19633 11953 435 18617 11453 4925 2499 1988 13767 6095 17874 15186 215 11992 16345 1495 13531 6365 13918 19043 13027 10085 614 3815 9318 4710 15467 9324 3823 7024 7026 17268 1399 10744 18426 11003 510 3839
8320 16258 771 8707 19971 7303 1800 10119 3468 1804 18707 12949 8598 2967 14873 10393 414 5375 13860 3876 12584 1325 3377 14643 180 9651 5812 18618 7354 830 5695 11969 15682 15304 586 3408 4048 15698 16467 11989 15192 348 15068 12254 12255 18396 13277 738 11874 15333 12647 7790 19439 3695 369 5362 12148 9077 10102 4601 15354 16380 5117 1151
2432 9986 13574 11143 14600 11399 2442 12684 6156 4239 11153 10897 19987 18709 12821 13337 4507 10144 1185 5153 4392 10796 6190 6830 3120 17841 4273 8243 15673 18489 11068 10429 16446 2367 5950 4033 6209 13380 10949 5964 1107 854 7255 5719 2781 5087 19554 17250 18916 10856 13929 7788 15341 748 19564 1005 5868 1392 14448 12146 4978 16628 2421 18941
2176 10757 17541 3336 19337 12681 10507 1816 10904 2073 7834 2842 10788 11428 9766 19239 16167 2343 5415 14379 18861 17838 19249 12982 4023 19896 825 19258 8376 11194 3773 3134 13119 6330 17090 5188 1609 4428 17231 12244 5848 2777 12890 14808 8923 7005 10587 10848 4706 355 16612 18150 14441 14058 8298 19183 12921 8818 16886 18679 15225 5498 5367 15228
5505 12034 2817 2436 7560 14473 16010 13323 2702 4756 3351 17563 4893 12703 13087 16417 4383 4390 2473 17710 2607 6831 8373 312 7481 15289 188 2876 4157 4799 5696 14845 9412 5702 1098 12363 3409 18132 1876 8919 15063 4823 14170 4313 5214 14047 3167 9953 4450 16866 9062 1767 7655 18153 3050 16761 4337 1906 4854 6774 6777 891 14716 7933
2560 19969 10753 4996 6660 10886 1284 18312 6799 4112 16273 17810 12819 8595 16533 6804 4887 5271 18328 8471 16411 1438 419 15652 6313 16554 12459 18862 2935 13488 3381 10807 16697 14265 1211 15421 15294 13129 14155 13517 14416 15954 9555 15315 14804 724 7123 17751 600 12754 8790 9942 19548 12252 4965 8680 4076 6126 10097 5493 18167 8186 9854 1919
4481 642 4228 17029 7045 19463 3848 19466 17163 4748 19597 14610 13331 17558 2839 11158 17824 1952 12834 18979 8482 9507 4906 8362 2988 6067 17206 18742 11446 1978 8122 8641 6595 3271 19914 3019 7242 7759 5969 10578 9939 13396 18775 11994 19547 5722 18142 18655 16226 15843 4325 16742 15976 11497 12268 1004 17518 4332 10482 10098 10612 9335 15865 11262
16387 9862 775 17160 4872 5383 16139 13710 14736 18449 12561 3219 767 5782 16023 8729 4377 16552 40 11562 1578 11180 17840 10928 12082 16947 3889 10549 3512 13120 8896 14150 1608 457 11338 6602 5194 5321 7117 8270 3151 3665 3666 8915 18772 10325 15231 13529 1373 11229 18144 16225 3169 1640 5227 3184 1266 9718 17015 12536 6649 4474 18687
14080 8451 18820 4358 19719 7816 17801 12297 9721 16144 8720 13586 17427 8213 7447 4760 11546 12316 17950 14371 2851 1194 1834 6186 10290 12083 9910 3511 4152 11195 9669 845 9295 7248 2515 2647 2906 12763 10588 7167 12639 5855 12897 6753 19428 13284 13927 14056 2921 5609 4075 10988 15085 18927 14579 19188 2292 10227 631 5494 16377 11643 6143
18304 16256 10498 4738 7688 10633 6282 7818 1036 12301 16781 3599 17295 18193 3345 18968 19993 16537 17951 6945 12194 1187 12323 11557 7844 4903 17577 9897 19250 15543 18488 3639 4280 5052 11837 8255 16962 11842 9411 7106 10573 2637 1872 19795 17755 17244 13659 2014 16221 4702 14946 11619 1128 13672 18027 6256 7025 6002 19699 7158 9848 10745 19327
7426 1159 19976 7561 6030 9360 12433 3477 12693 11159 9372 6432 5922 5539 164 13348 3110 13224 10408 3497 5036 6959 1199 13491 9907 11956 7221 4150 3127 4154 12478 14527 7621 7367 12360 4552 6986 13387 714 7627 15182 19153 14673 12882 3544 1115 16348 9695 13920 7011 2534 7271 11753 18414 18416 12656 15731 19572 13941 12147 2548 12794 11899
8833 11138 11779 13447 11916 7566 2959 17296 2191 4626 8719 18324 11413 11160 7449 19866 12828 10013 16669 11555 5028 18854 13094 12839 19881 10793 5414 16428 16049 11827 6329 17722 17083 1214 1856 1985 9664 11258 4548 6981 3141 13895 7493 3913 18763 5323 17358 15696 12246 14938 1627 14939 4954 10718 992 13408 8315 17136 17521 17528 10361 15482 1403
16644 6151 11912 2567 18187 19085 10510 14479 2194 8210 6676 1814 3864 2713 5018 11547 13852 7965 14361 287 671 2724 4264 17195 15660 10363 7729 19123 11448 14137 17977 8894 1088 66 12228 19782 10567 2760 8646 19404 17742 12879 592 18001 6226 12375 6488 13399 6364 16222 16864 353 14563 7013 14311 6248 10471 12523 3566 3189 11259 10749 17023
5888 16641 2562 17668 9733 7814 15237 2824 14857 5005 15505 4498 925 17182 14622 801 6562 14374 19368 4393 4648 18607 8368 2299 15922 4659 8756 1077 7094 1975 7994 7104 13250 71 19147 14923 5453 2255 17872 11088 14292 17494 14428 7517 2524 18020 13796 16100 8423 8804 15082 1262 13296 11120 13426 8691 7796 19445 7924 19320 1018 7803 4223
3842 7939 5123 13060 18437 9990 1034 4876 15117 17678 11666 11027 7316 5010 2710 660 3480 3608 13849 1434 17567 4256 10018 4899 15012 16299 1580 19247 11187 1844 16565 14515 14902 1592 6461 18243 10948 6724 11591 6348 4686 10063 8400 17747 17876 469 17621 14553 10714 14814 10466 13795 228 1895 15721 10218 13547 6128 4600 19705 14971 10364 4350
15874 16130 16260 9096 2058 5514 17548 5774 6800 13585 17170 5139 1176 285 9886 9248 9505 5666 8355 2213 12583 17325 10286 12978 16310 8119 3384 6583 16570 14138 16831 14274 13251 195 7491 19784 9033 3146 18124 2768 465 8017 8787 5077 3157 9685 8665 4443 7516 17373 14685 9435 11621 2918 13811 1780 9716 15478 10486 16248 4477 4091 4093
9472 10755 3974 6790 5385 17426 16019 4883 9493 1944 666 1693 5278 799 14240 12065 11295 18847 8740 5544 15017 11436 431 15279 6065 13878 18873 5433 10811 17852 3004 1342 14656 5824 15427 4809 12875 844 461 9675 8660 9045 3030 14551 9046 15962 9562 5339 3326 19298 15203 16868 14692 2277 7143 13294 7918 760 4467 12275 16120 2044 17534
14337 19970 1921 9604 17929 13706 7052 14349 19343 8722 19091 12563 1045 15126 8600 13726 8479 8097 7073 11043 18212 7973 6055 8105 12842 4907 14510 12081 7731 17462 10167 2360 16185 10296 3772 19775 13633 16196 14405 7109 1354 588 3276 7756 12239 6224 17361 9934 10581 11865 19935 10208 16482 2917 12779 14445 12782 18163 9974 16119 2171 8190
15875 2563 2821 11909 4871 15751 11013 9097 10638 17298 11924 16279 18072 15769 2456 2457 28 9118 3872 2082 17187 17060 13986 15399 3629 8879 19888 9015 8377 10298 59 2875 8507 19395 18244 19269 6723 16590 1488 19159 17240 9433 18522 8792 13404 3681 1377 5475 9956 1256 18281 11628 16749 13293 14704 3568 18546 17907 17524 17908 5364 11255
12800 15107 7299 13704 10 17290 18065 12566 664 13081 10266 12697 19225 17179 13345 12067 5926 684 3756 17326 14000 18866 19636 2612 5177 12730 19003 7226 6075 8381 5568 67 11204 708 1604 11847 11972 3531 19660 9164 19025 19539 6485 8149 16985 14425 484 9188 2407 13545 16876 8684 13680 10864 11505 2035 18550 19318 19449 12283 7932 13694
7041 14472 11533 19353 16285 7837 18078 16800 11553 10658 2211 4003 7586 8998 13350 8873 19370 18858 16939 17964 12589 5677 4526 2352 8621 12468 17205 16566 2362 8638 14526 18369 15811 4295 17864 3018 14411 10576 5201 5968 10449 2774 9302 16217 15449 862 1375 6111 12263 11752 10985 4458 14699 12265 14067 8052 18421 18806 14455 17270 6011 14333
15872 5382 4230 5511 12683 269 10898 4119 17304 4123 12700 18974 18718 14497 1699 8103 4779 6189 18478 19759 13101 18737 4529 8239 1076 12980 11311 2300 12472 2617 16190 17984 4161 16068 13509 6087 13644 19790 595 19027 14547 17238 19161 13913 11355 9821 8162 7651 6884 12901 9829 19815 3434 16748 8046 16879 12278 11895 5753 19962 1916 13437
5763 18308 8452 3461 6279 4232 16393 1035 14475 18320 14865 12690 4886 10391 9494 5654 14237 17318 16297 6828 174 8628 11700 15547 11452 3392 16833 19521 8771 15813 13510 18504 3400 1099 12236 12621 13646 19535 336 12624 14029 16076 8144 11861 14550 18519 4951 6999 1242 18523 6619 4828 9181 10972 14564 15335 871 13290 10353 5874 14711 16376
19073 15235 12036 19973 13449 18443 19979 18958 18575 10511 15249 10896 1168 10777 8602 6429 2468 6566 10407 10023 17706 13994 938 3500 6268 8113 6451 6581 13623 16057 5947 3398 11335 4299 12753 10193 3414 1241 4314 12535 16476 8415 10463 4703 10082 18019 5861 14310 5095 10344 7551 11245 749 13043 2549 17398 15223 3322 18683 10876 15357 14463
4482 11652 14981 8331 19854 12047 4752 8849 2203 11804 13474 7074 9125 7462 1064 16812 6957 11567 19760 11443 3891 10547 14775 5945 14651 829 1726 14145 10817 13381 6654 3143 11592 15048 16459 18636 8268 7119 6480 17875 6227 11991 3547 2779 10206 5343 15200 2145 17639 6888 19433 1769 9453 13166 18415 19952 10866 7155 9076 7666 10616 10366
17280 18689 259 15747 8715 13196 17423 5264 657 11669 1785 5015 5754 9625 6683 12574 15647 16039 17832 7976 7338 15148 15021 8622 6833 8758 439 16957 832 6082 4676 11206 1353 18639 18386 3667 9812 19670 2137 2649 17627 8921 4574 2270 11488 5089 13794 12895 10469 5356 17773 1389 17007 19442 19955 2932 10483 7798 1017 1529 16634 13565
19201 9857 7558 13830 19080 7049 10635 17676 11410 9107 13972 8852 3865 284 4764 4126 10530 7202 2983 13866 19500 812 10028 5807 12976 12337 10285 307 5172 8759 17080 3003 2750 11715 17861 17610 16075 15563 333 1870 16978 18002 3539 10073 17242 4572 10592 16099 5732 4069 10467 10341 5859 6378 1771 1774 13423 16368 11892 19189 18678 5373
8576 14212 13831 9480 4490 16268 11405 12046 16911 19345 913 2328 12701 9249 802 13735 13608 6188 6395 2353 10035 18356 10163 5302 14715 7993 15162 17211 5051 18877 14266 13763 17479 15816 6985 14794 10443 17356 7243 6476 3323 16718 9928 1363 3412 19288 13403 16604 12253 15076 3559 11240 5225 16490 15723 5096 368 16763 6518 889 14075 1276
19200 5376 9847 14732 8335 7830 15895 7321 8605 9119 7968 10401 4257 675 15141 19877 1574 13609 8617 6697 9770 18479 18224 19378 15154 12853 17846 8633 6714 12734 448 704 19959 19652 4293 5572 1096 11339 19917 16722 9301 13275 1245 12663 15587 5219 3813 6501 5995 17260 2413 3824 497 17010 17779 7793 11381 12662 9975 17401 18686
12929 9858 17411 4740 12677 9478 18310 6404 13826 16522 18318 18067 13975 18456 8473 18424 13344 7714 14761 10410 19248 16176 2869 11449 18234 17084 4030 6848 14020 10052 17738 10314 15183 10322 851 5205 6613 9048 4570 18779 94 17759 19552 1887 15583 13151 9958 19565 17901 1775 18285 1649 10994 1011 1268 16373 4085 6263 12664 12657 9717
11392 17921 1027 1672 12939 2829 4881 18070 8347 1308 1564 18717 7581 14754 9892 6949 18726 19884 1452 16813 5550 12719 13366 14776 13630 18751 9280 7746 8390 17607 18375 2887 6346 6731 9419 10577 9938 4434 4305 12371 5973 3289 15834 16090 9696 5472 10979 7780 5863 6889 362 16492 19693 3054 8428 880 13042 9971 13304 7165 19071
8192 19843 8067 3086 13711 1300 10132 14232 6555 14879 15009 19489 545 14883 10151 5032 4904 6184 7856 4660 10165 1205 14262 10037 6969 3902 7359 193 13122 6086 19785 10445 16462 11857 17362 7253 5847 7002 6747 9309 14558 16607 14431 13406 11105 9055 19557 102 9961 7146 13934 7920 13937 17394 17140 14965 14838 14839 12534 888 10490
128 258 5124 18569 9354 5643 4235 18445 12558 2957 273 7698 1307 9116 9245 1056 19108 11684 1830 10789 14244 1193 4774 15019 17836 10919 5545 18225 563 4147 9271 19642 13116 17601 9666 3781 15817 1483 7889 15699 1111 4056 6362 17115 8699 4090 15971 1380 3691 9967 17904 3956 1397 16246 5495 14073 10106 9851 2812 17405 11135
2049 8322 8065 1669 4485 11400 17805 6416 10257 8465 13587 14868 14613 13844 6165 7061 14362 16027 9500 8477 18466 8739 15011 19879 15659 15407 15409 3122 14388 4792 17210 15035 4539 13758 10564 19654 9799 19144 12747 3284 9300 16856 344 17884 9951 8416 18401 9187 3299 19172 1898 14826 364 6251 7917 9327 11251 14452 18805 3317 12922
9984 13575 12682 15883 11915 7956 14871 16538 19100 13980 3612 14885 10533 9900 10413 14001 10930 7475 10677 17078 17979 10941 10943 19906 1858 14534 5831 9542 14666 9293 11729 6868 7126 16215 9817 14298 7515 5725 19679 15968 8799 15330 13154 4577 1125 19046 5733 4194 12010 3306 877 5485 12783 6767 19570 6647 2809 16508 6398 7935
19584 3073 9729 19459 15876 17925 13065 12810 4369 15122 11155 1172 6033 12562 1688 7450 13948 8993 12579 13606 13990 13480 11943 4136 3755 8360 9517 9391 6063 8241 16180 17335 16312 954 18625 4929 7363 17092 4038 17993 5067 18764 7118 19408 11472 1490 16085 1366 7676 12127 18662 8939 16365 2029 10609 19067 18812 7293 16638 17919
2050 17796 6661 16646 19336 11277 10640 12181 18454 19222 13718 12060 18716 16928 15392 9122 17574 14758 18601 13482 4267 18604 12845 3244 13103 11955 12725 18747 11328 12996 7622 12873 7114 16206 14414 15058 7506 17620 7509 9810 7257 13020 12893 4837 7269 19303 16617 16619 13164 15088 10993 14834 1779 4723 8565 6133 3961 4860 6781 5118
9091 16263 3851 8081 14869 15894 12439 14485 14234 17178 8860 13210 9502 14752 12960 1571 3495 10153 17582 2998 14135 15672 13369 8249 13243 6843 19138 6339 13124 4546 7107 7239 14537 13262 15825 7381 15447 9052 13533 606 3421 3677 3933 5724 13283 15077 5478 4585 10858 11242 361 8686 8815 9969 1907 5365 17911 7161 1147 765
7808 18305 6274 385 1030 17288 7562 4109 526 4625 16153 14105 6682 13981 8351 8865 18722 11689 4398 3760 15666 14771 15414 11831 15288 13494 15164 9404 3904 11457 4421 13131 14541 8782 2765 13650 18642 852 14295 11608 10072 7256 1114 6233 2519 18018 611 3555 5606 7913 15978 13420 5999 10354 1778 4598 10871 3451 15100 18430
9211 17417 18826 3985 1555 4628 10774 8476 4510 4640 5024 11552 13220 19878 19241 3627 15788 5805 1328 4402 18233 4153 10043 19516 13883 2619 8890 192 18624 7360 1987 4035 10436 19960 15946 3277 14157 4560 14289 7504 9553 6100 8404 15194 13022 95 8291 18149 7910 13543 19944 8553 17002 11504 882 19446 3958 19832 507 4220
17026 11011 7556 6021 1158 13689 3855 19218 7570 3733 150 12058 4125 19485 16414 12704 10017 13858 17570 9597 11173 14713 18090 7212 13741 942 8112 9778 16308 8244 2741 19898 15419 16059 11198 3518 4930 12356 3652 18759 16330 8397 722 11347 10452 9429 1749 5975 5592 19709 602 1234 736 3046 18026 16113 8693 18041 5629 8319
5635 1673 8458 6412 15506 7187 18452 9722 7190 919 6552 409 12186 12443 2970 8989 2846 19358 11169 12322 2338 13610 9515 11437 558 14127 7855 12209 6574 16568 15034 16315 4671 14529 5186 4294 3528 6345 15692 8786 9689 9179 7388 3071 19166 2142 8031 8161 14308 14438 6636 6254 1776 7413 1400 13562 10109 19582 13055
6912 13184 15490 9732 12420 646 8455 11278 14991 3218 17043 7574 18843 7835 15774 3491 15396 15908 6824 10154 3243 16685 10030 5551 18993 3890 15155 12858 14779 15165 17600 18118 14406 9159 14921 7246 9166 11344 8401 10704 5460 11736 17626 11482 10593 9185 11618 4581 8296 11369 874 19308 18926 15986 15730 11250 1526 4985 3836
16132 16389 19335 1290 15886 656 8208 20 4884 8982 10139 5405 13342 19231 15648 5283 9131 13996 7852 14638 3759 16435 6068 5811 3255 6071 14146 7494 12488 13769 16587 18123 2635 14286 17615 19920 15828 7639 16730 11100 1633 13793 18403 4599 4454 17511 11113 3435 12527 3698 17522 884 3957 16503 2808 14457 11130 15995 2557
19075 8323 9223 6409 14346 15371 5772 15627 5773 19986 12178 5779 3349 3350 25 15002 19226 1055 18591 17953 295 10932 10238 10554 18875 12350 9153 17603 5827 4935 5065 11082 18897 11090 1747 4692 18521 16122 14173 19423 10083 12899 5603 13286 12516 11496 3817 19820 11118 14958 4206 19313 13169 10739 14071 14840 16889 19322 1022
5632 2437 16775 13320 18190 4879 16658 11028 1941 13462 2197 4375 17817 17055 13855 14881 11554 1827 10404 3109 12709 17448 14120 17322 14633 6058 2222 9521 6322 13237 5686 12599 16444 10494 17859 15939 11843 18633 13518 14544 17745 12242 11987 6481 18650 8540 8802 6757 3709 4969 15340 5614 12400 116 19323 3964 3453 13438 8446
1540 16518 3462 15498 5905 12435 15255 18455 3481 4766 16160 9889 7845 11817 4265 13483 15149 15920 17586 179 2099 14773 9270 13751 8118 5561 10297 11190 2105 3385 18493 15935 6079 11203 10951 14024 18505 583 7761 3537 8403 16469 1879 13017 4699 9054 15967 4963 14821 8166 1515 4843 14574 15984 9841 13810 4083 2168 13305
15234 4099 16133 3333 1543 3080 3977 10122 13835 11023 7827 9108 789 2202 8861 11680 1057 16930 4513 2849 19750 1575 11431 13478 9644 1712 11570 7858 9272 1850 11706 4292 14153 5834 1997 2383 16087 13528 17496 2391 15067 14300 17245 17247 17765 1894 233 1513 7150 14447 240 17649 11761 2928 8950 12153 19578 14972 7678
256 9606 14726 12167 18313 8328 8333 4495 17168 6031 1810 13719 17688 2587 14748 15517 2335 9376 15136 8997 1065 17194 19117 18227 15156 2483 19510 16051 13497 11197 2880 4928 16455 13128 12744 15690 9927 4559 3536 14548 1750 11094 10715 5086 8032 18534 9575 8039 16873 3049 4198 2924 3821 4333 16623 2920 12531 18804 9466
4226 6915 9605 14471 8712 14728 8329 19086 1294 9232 14228 16919 10392 2329 3737 16284 4124 5532 8606 7840 2978 18083 4770 8490 15658 16306 7090 819 17716 15923 2231 16571 12348 9788 13118 12351 6085 585 9804 8398 1999 11859 19028 12884 13784 2393 8539 12385 3556 14948 12261 15078 11881 4459 6509 6130 2169 1786
3840 12670 7172 5768 12937 3081 15 10512 16402 13465 18969 14875 10398 6948 17572 1573 11430 166 15912 8745 807 2345 4011 6967 19645 17853 9026 12611 3780 1992 713 2376 19787 6219 7375 6610 18646 7769 5209 17499 6622 8287 4322 9702 6505 5358 1263 6511 4977 15090 1651 9845 1270 6005 10105 10492 16637 8702
1536 1922 9218 1413 2825 7435 13324 15501 18063 4368 8466 6932 18069 917 17428 8090 158 17310 16675 12452 9636 14888 4653 15406 1842 19254 19772 702 5439 1345 13634 15303 11982 17489 3025 13778 6612 19925 11858 6483 2769 601 6875 17628 1885 15198 5600 7394 3298 6756 2667 12020 13302 759 3704 14459 3708 11645
11776 3460 9221 10248 6922 6923 7438 12943 3728 14609 9366 3479 5912 33 34 14501 13734 15911 15528 552 18602 19372 12211 14007 11191 6839 5436 15426 9163 4556 8012 10446 7633 10839 14171 16988 16989 1117 4573 6496 7650 6626 1383 16233 19180 7278 10992 241 15856 2930 5620 13812 13428 8564 10481 13692 5886 1279
17537 16129 2305 6536 8332 2192 4114 10773 2841 8224 19106 8099 19109 10150 4517 7336 15786 16043 19628 13612 6442 10800 5810 19251 436 1843 950 11830 11826 12601 13629 15805 318 4029 5309 16835 10307 16202 19402 17868 6357 12887 15448 2140 4188 3294 11742 4063 14562 17379 18663 6376 7148 11121 14706 5619 8441 19963
15104 7809 16777 14217 13707 9994 4877 18830 18574 9359 5134 7325 14749 13727 3744 3487 19749 13605 19626 8749 4528 19763 691 7606 313 4537 9918 12482 17093 14407 19528 3401 2248 4555 460 5581 6983 6351 12112 9427 12629 13148 6621 14942 351 17376 7265 12646 3303 7400 19178 8043 6764 13933 2032 11254 11511 16760
896 5506 2308 15622 18442 17164 8845 12173 3725 16913 401 19476 922 13211 539 17693 7201 11426 6051 1569 2081 16037 17959 4654 17456 11186 4018 11572 8245 4020 18743 15410 15033 13753 10559 13375 1731 8906 12367 6867 6740 15190 1880 2521 9051 6620 11613 7006 2523 10338 12771 15592 10476 12012 7916 11631 11260 8701
8841 10380 14092 17038 14094 6671 9619 13589 537 11676 13214 7967 14623 14507 16556 11312 2358 17464 17721 1852 15804 14142 10942 4673 9665 9409 14533 8778 13007 3921 3793 10197 16475 2525 13790 4061 9952 13025 9955 14565 2022 4584 1257 1768 16491 7019 10989 19822 13165 4976 2033 13554 11124 14453 16887 16121 15358 9591
129 10625 17025 17414 19082 1163 5388 12942 16271 5648 19730 277 12310 12183 19737 11801 3099 5276 16797 670 7713 17446 19751 11694 18097 15282 1331 11319 1336 7607 1468 7103 705 12995 19396 18117 11337 13385 5579 10057 11598 2386 6738 19284 14806 11866 11485 17508 6630 6761 11885 622 13425 9204 19447 19704 636
11264 16769 15746 5251 13317 9996 19341 9870 15885 17680 15120 19092 15253 19862 14999 9110 13338 12195 1062 15530 16684 2477 4140 6318 8494 14897 2482 13618 15669 8887 1083 9916 13499 14908 8514 8003 2633 7886 16216 17114 8156 2398 6750 14560 4834 1379 14697 18540 15344 15089 9331 7284 14581 13558 8824 17658 5630
1793 10242 12037 3591 19720 19465 5767 17675 16523 5516 14862 19984 7441 18964 16789 15893 14742 10902 6292 5268 16667 15516 8987 15135 8608 12835 1063 18216 9769 11307 3118 433 689 2740 10555 4667 7485 19263 14016 11072 1602 16841 9679 11219 17625 10846 11103 15327 5985 483 9064 19179 2161 11508 4214 7291 19711
1667 8325 2569 2059 7307 19087 7442 13976 15772 9246 4255 6179 18981 10535 5160 14762 7850 5935 8495 6064 2232 2810 1339 8892 19774 12863 1598 2684 14531 15172 15941 8260 5190 12748 1869 15056 17104 7378 4433 11352 1497 15323 14812 10717 8795 11743 5986 9195 12525 15854 8560 4852 19065 6010 1787 8572 5759
13312 11265 643 16902 19975 3464 9481 10127 13713 11290 12829 18590 9885 9374 15265 17698 18082 17700 19619 7331 8994 11819 18734 305 6965 12470 10550 4921 9661 7236 16710 13383 12358 10440 75 8396 16463 1360 2896 82 730 1499 7772 17886 10210 19175 15209 17641 12778 1387 627 2931 2423 4603 13309 1791
6277 15366 1927 9737 12554 13194 9611 4621 10001 12565 6039 5272 11163 17565 5791 16288 14241 160 2854 7210 9395 6584 11321 10557 18494 16961 15810 17732 709 2884 14536 328 18634 6475 6732 6091 13137 6865 11350 19287 19416 3415 5466 3549 9823 96 16235 13291 3055 6001 18930 3574 3960 9082 14203 17150
2690 2819 16772 1798 12169 15114 1419 9867 14 15630 17679 15504 2323 7702 4634 13339 16540 12702 1696 7969 9760 7716 8869 14630 3492 16165 3882 15020 19885 19120 4658 8501 5307 14781 7870 4158 8263 5192 11594 9165 847 18385 3922 4946 16724 11990 10327 13919 13412 11236 4589 12142 3186 12789 14200 18425
13058 17930 1418 2704 9362 13206 17303 18840 12953 540 6942 16032 1955 3620 2725 3747 10157 15918 19119 12208 19509 3767 1976 19769 9146 4795 701 7102 16706 4933 11720 7498 17485 15949 18127 973 11985 10450 16211 7382 15831 14936 9175 3161 15588 8164 5094 5617 757 7926 10229 9336 2937 1525 7925 4478
15105 11014 18182 6795 18572 9997 2190 7820 9741 8337 2195 15636 2968 11421 30 14238 6304 5663 35 4643 15398 424 5033 6827 300 18095 12724 7862 16058 6206 16319 2753 834 1219 4422 7629 15439 13395 2388 13652 10838 19926 15199 19168 15456 6117 2533 11626 18923 16107 11115 13295 753 9332 16631 17912
2177 2561 15363 15369 19722 13450 3593 16909 3341 6544 3729 5651 10772 1173 534 7067 3356 13469 8863 10016 10405 8615 11560 2985 15914 12331 19498 13873 14644 10934 18871 12855 10935 12471 3002 16704 18758 16839 12234 9292 18381 6093 1752 3160 10202 9948 7391 5477 17126 4074 6770 2420 4086 8695 13177 16381
3074 4867 7301 11276 13964 18191 272 12182 5657 5145 156 19741 16029 5281 546 17058 14116 10913 16551 2471 6183 13950 10412 8236 1710 1587 949 54 2999 13247 15300 9286 8392 2510 849 16852 15833 2010 8283 13405 15713 12898 16483 14306 10087 12009 18282 11375 13808 18161 17523 2163 13687 9592 17529 19710
16001 2310 12168 5645 13709 1558 12185 2074 5660 4508 13341 16544 11937 17447 7848 13351 10670 3121 11441 13109 11447 8762 4538 61 5053 17983 11456 3905 6212 4037 15178 13901 3535 3152 5455 4694 15705 19802 603 7646 1247 13535 15457 12132 9959 3944 13679 10351 19059 14326 13815 17656 5881 16762 15483 16254
10882 11269 2184 7944 19210 2189 4366 10254 5520 14104 8345 3486 14751 18208 1698 4133 1703 1448 18473 426 427 2728 4524 1917 5295 18867 13364 10803 5301 9783 10808 7605 6970 7608 12220 14015 836 16582 15687 11848 18889 201 13259 11726 4563 10580 3031 16732 17506 16875 4334 19575 12026 15611 19965 8958
9089 18946 255 2568 6028 2447 9492 14870 7575 12569 19609 16281 7963 17571 17063 7849 14123 7213 14511 15540 3636 16438 14006 9912 1209 8505 19389 16317 6080 12609 1346 3778 10945 13638 17992 15356 11642 16594 9170 16338 16726 15702 7640 89 16086 19546 2267 11625 107 15214 19317 3834 6139 1020 126 17791
13187 8324 11140 7941 18951 16137 15499 5771 14224 6545 276 18975 15391 17059 547 5416 17578 5038 6706 12851 18228 5559 6459 8636 8766 1343 8128 4163 8132 3013 6469 11850 1102 6737 15955 4051 19797 11738 13532 12764 11741 12766 18529 14693 16102 8042 18796 8812 1132 5613 13041 3828 15477 19961 3707 6782
5120 15488 15744 16771 9216 12164 19590 5765 5896 14601 12673 9745 18842 15261 5151 6689 13091 17071 9009 1459 16436 8629 4666 15675 15037 13121 12226 11716 6084 10694 16205 17870 14030 2898 5203 8532 19541 11349 5846 12374 11770 17631 10719 9827 9957 19174 13157 7915 19309 4205 7535 6640 9075 14454 18938 14717
5252 18054 9084 9103 17788 2459 13598 15007 9250 13090 18730 16170 428 12718 18735 18483 8372 15351 4406 4796 17858 17350 3654 4678 5833 2125 209 7121 1746 10069 12119 9688 5721 18782 608 18147 6628 7781 17638 14951 12007 9063 13930 4715 8424 8941 13422 17767 6517 9846 7927 13174 4858 9340 8317 12926
11393 8838 7815 17032 14854 11783 4107 19980 4751 400 6546 15509 6550 19480 5144 18203 11035 17315 15140 7083 2479 10159 12849 18226 12466 10288 18491 13501 190 11332 710 18247 200 18506 19916 16719 12240 16208 15445 18012 8542 2271 6110 5729 10207 3043 6500 4709 19943 14824 8562 6643 372 11898 19579
17152 14978 131 5895 12936 7691 4492 13 9614 12431 9105 10003 15127 9762 1831 10539 2734 9135 1072 1718 12089 16060 63 2241 13506 4674 18499 581 11719 1224 10055 8524 6734 4690 17107 10966 8025 1755 19676 4955 2654 6371 17380 7907 1126 16361 13802 12393 6255 19825 11634 3825 12277 247 16383
769 8582 4874 16651 16142 19727 1166 6673 18066 15251 147 1299 14358 4371 5525 7697 10518 10396 15005 10270 412 12577 4775 10668 18477 12592 8496 10291 18357 5045 13624 5688 19899 13756 7743 16960 5569 16965 3270 16583 8783 11217 17880 16600 7513 18139 990 18914 3941 8170 3053 14192 6897 8566 3832
18697 7434 12043 7692 9226 2066 10642 12698 7323 14364 6940 16413 10529 14242 17830 39 16171 4655 17328 2364 16189 2877 10940 2752 3520 12736 18885 18120 10316 5837 5838 13263 4944 1236 19029 7771 5983 4576 16865 5216 1893 1254 8295 13034 4460 16108 17265 4850 17011 2291 2933 11510 10996 13560 10874
4102 6665 8076 14480 10384 19731 8468 15394 10274 937 13739 7084 5549 16941 2351 11184 3757 7726 16179 18486 14519 5943 1081 12474 10170 12087 11584 4290 16708 70 8774 4168 18891 5842 11988 4185 18011 10460 6491 14176 225 5088 7523 11748 4070 15465 16366 14831 8571 16884 11253 6004 8185 16635 18174
3072 6914 19846 3078 18568 5001 17674 9482 2060 4243 10648 15132 9757 16542 17918 18983 16935 16937 14119 4391 1453 17968 11829 2492 10302 17343 4802 1986 3524 7112 16715 9935 15823 7635 13524 19671 4186 2908 3805 19422 16351 8671 13281 11745 13667 13155 16237 10477 2285 14321 5745 11638 14584 509 17662
19715 18181 10374 16903 17933 14861 11663 19344 6415 7184 17171 5908 5397 794 2716 2206 14114 15014 10663 6955 3374 1455 14512 12465 2735 18487 4025 1596 1982 9408 17089 11970 10819 840 19278 3450 14161 16082 2008 19806 9061 15462 14053 15206 3177 13674 12139 19563 13805 12141 3952 14330 12539 6141 12799
16640 17795 263 4105 650 12560 6034 14355 17045 2070 923 7457 18084 5924 11559 13095 15146 12330 173 14256 15541 11061 2111 4159 15560 7240 6860 4045 6861 4047 19792 16080 2771 4308 19798 19034 15578 5211 5212 18397 1501 3293 8411 10852 16620 1260 10738 12019 17397 8822 15095 11765 13946 1660 3198
7296 8068 10116 12806 11526 10632 137 8844 18573 9998 14097 15765 14103 17049 18331 6428 19105 17826 19112 14382 12463 4016 9006 18229 16309 18615 8642 17474 2631 10184 5064 1482 13772 7372 11728 15187 5333 14166 8405 3292 6493 18146 14180 8677 10728 4457 9578 10857 9068 5357 9837 17651 14835 7675 511
7810 12931 18693 9338 10762 8075 15243 11665 18835 12820 16282 10908 16932 12073 811 6572 13229 12077 3117 948 2616 1340 9789 5315 18116 18630 3658 15819 8908 11213 5714 3923 17236 11732 18134 3158 8793 476 8288 18785 1637 18278 8934 870 3432 4970 14827 14189 10093 2287 10868 11893 8570 5883 7294
3713 7428 12422 10502 14342 16525 1687 7832 16025 17687 3743 1700 10277 16678 10669 12206 19376 7346 19507 6963 309 14391 13495 9020 13885 4669 3260 6974 6338 5318 19527 327 2503 2506 8394 11212 13648 5712 16850 12115 338 17749 4182 17757 12514 9444 11110 5222 17894 3692 18034 11890 6134 12157 12671
1025 9345 14469 3205 18694 14599 19723 8588 11279 6680 8601 5275 10779 6435 1188 9000 15018 5424 7734 18744 17978 16828 12093 16958 7358 3650 9923 9541 11077 10953 4554 11595 13003 2507 5325 19151 9040 2134 1239 9432 19037 2269 4829 17248 4962 1899 5361 4466 16755 8820 13429 14072 9210 8956 4734
1154 8966 14731 1421 13584 1170 3861 15384 15773 18079 12063 19617 9635 677 16806 5925 2600 14377 14506 6185 1196 6053 15151 9392 19761 5552 15791 4032 12993 6210 18372 9032 17096 16842 11596 15569 14290 7379 8406 11223 10586 16986 9692 988 7136 7524 19302 2288 1905 19444 13685 3449 17530 9982
7936 4480 18949 15878 17544 11784 5646 5263 784 7952 17297 8979 17936 18074 12826 2076 10532 19754 12715 2863 16432 15668 18997 55 12088 6589 19135 5056 9407 10182 12743 2000 11345 3156 16213 5082 6877 17629 5217 9313 9830 16358 13544 3302 8188 3310 18033 4475 18037 12669 17275 6908 11773 18942
12160 1024 4483 4613 11147 11151 9616 4240 6801 1939 3607 9624 13977 1306 5533 18595 19620 10107 11050 4908 19887 2738 7218 5300 2230 10295 16311 5178 10692 5830 7623 589 1625 17372 13276 12510 18911 8673 2274 14690 16870 15849 15850 11243 10732 19949 16877 19695 7530 15600 15991 7417 12027 19838
17283 9603 8070 17671 7817 10889 9229 16398 17552 144 16914 13332 11415 11803 19487 1311 19873 5411 16677 4518 19495 10797 10289 5170 2866 6836 10548 16823 184 57 5818 444 6717 11070 6719 7238 4298 11723 10062 2895 19665 4817 9940 2517 6358 18136 16472 7134 4968 2537 3052 16117 6266 19452
15232 13570 10627 7684 9992 1544 8462 3343 18448 16530 17940 6293 6821 18470 10279 15272 8489 11178 13099 11439 16817 18354 6195 13748 16182 15927 1463 7101 15680 7233 962 3008 5189 16581 17606 8777 13258 4425 343 17497 14297 4827 16220 18788 19686 14950 11498 1390 7919 10863 7791 4340 2683 17532
19587 16648 13961 654 16657 12948 8980 12951 9880 4505 3996 11549 6814 11294 12705 11681 7715 17321 171 15917 16303 2481 7347 10039 6199 12346 5949 18110 17342 7234 13635 3395 9282 10308 6088 17101 11853 10189 14159 12379 11867 2782 4833 8036 4073 2410 4077 11757 12914 13301 8184 890 6267 11775
12290 2179 17540 5894 647 15497 19849 17931 5133 17555 13592 12313 15131 9628 5665 293 3621 8231 10025 17450 14124 10540 7471 3248 5680 11317 18750 8387 6342 18631 18761 14539 17611 14928 14034 16851 14932 13780 10326 14169 13917 16098 2403 6245 15851 6893 2546 6642 15604 1140 2166 11897 10362 19837
10499 389 2440 2700 19469 6285 12049 12694 1047 6678 4891 1439 8992 7584 931 10276 18469 17575 12072 1449 13225 9642 18732 16558 688 8882 15667 19253 17847 8631 10431 3649 5191 10825 14156 10956 6608 1745 10321 6996 15450 19162 4316 16990 11614 5987 10853 9584 17267 19707 19324 5758 15743
7168 8194 17027 8709 4998 7048 8843 11531 14992 19090 17557 19350 13717 14998 8089 2330 13590 15904 14369 5792 13607 2857 17455 1330 6198 2491 12988 10939 13245 12480 6081 2500 18890 10315 16331 13903 17360 13520 11091 19800 11098 15451 1503 12640 19810 15715 9060 1001 18411 8171 10219 1653 18168
16515 902 10247 9608 16138 14733 14993 10641 10643 9621 12437 1820 14365 16161 18219 9643 3116 16814 13104 15795 11316 13879 4663 12857 13496 18107 5819 10173 960 65 2497 5059 14532 2885 3525 4549 17739 2511 9556 14165 13657 4442 1116 6237 12513 2018 13411 13159 7276 6508 7277 19703 1530
16128 17538 9219 2948 12933 2064 5266 920 5400 18585 9499 19740 9633 1828 1189 2084 14759 2216 16811 686 11445 4021 823 19127 952 2623 19520 16579 18628 6467 3448 6984 3411 2389 15832 12377 8536 16219 4068 6502 6503 5742 4079 11376 16369 12144 13171 11637 18552 11129 6909 12798 16639
3716 19206 14481 4882 16403 6547 8981 10515 10265 1177 3993 3873 7459 10661 7590 5800 9513 19245 4914 10166 2871 4411 3399 10698 3020 17229 10574 16335 7500 3029 12502 4821 14044 18013 18910 16479 5469 5470 4222 10216 8426 5997 1134 13681 17009 15092 4853 16758 246 10873 7034 15484 16766
16519 905 10636 11788 2830 4110 14735 652 2835 4500 13207 5656 18839 12056 3228 3363 7974 13357 9776 944 19380 437 6201 13372 6973 16062 12223 6846 18881 18119 9545 7753 10313 19919 5840 6992 17748 18648 11486 13023 7397 9574 13417 12650 12269 19311 242 4980 12405 10357 2040 3578 16507
14977 2818 18691 8581 4614 4488 3210 8970 397 3597 8975 10770 3475 12950 16412 11932 10141 15010 1059 9634 9641 6317 15536 4400 19638 17591 8506 3387 3644 2493 2368 7362 3396 11975 17997 5587 6230 7128 9057 16995 8549 18406 12389 14954 18287 1904 12271 3314 4212 375 18427 2046 14335
0 18435 1928 1801 9225 11148 19734 19351 7198 6433 1826 5668 19365 5157 8871 14632 5671 2860 6446 7088 18996 6964 17719 11064 6074 2234 12604 16577 12872 3785 4042 19915 13388 8015 15311 210 13139 10194 14036 10455 19033 90 19931 1626 7900 5213 9178 3048 1129 7792 13943 18810
9337 11267 19717 7175 1528 6537 18314 10763 138 6284 16270 14350 5115 19473 7060 8597 14487 14746 18330 3108 4262 7463 2858 4144 18482 14258 8116 19894 11707 17469 14654 15551 6853 13130 335 6739 340 9314 7398 10984 11499 14061 1518 12402 12404 13557 12408 11001 13947 127 18813 14847
19202 5378 6667 15500 17037 9233 17553 19860 2325 2326 6041 14235 4252 7203 19364 15524 8877 3245 14898 19892 4533 7351 19004 19388 4540 5185 15429 6597 18376 14409 11208 17612 7164 15576 8027 3424 19681 4065 4960 101 14439 16488 19689 12138 5738 492 6895 13555 13819 124 19966 16511
7433 10508 6929 16916 6933 8342 13078 19611 3870 19871 19359 18850 8614 5503 17449 940 1326 15663 6575 18102 13882 1082 19644 572 17854 703 5951 5442 17731 5700 18762 10699 10954 10831 7247 3663 15571 15572 470 18392 15359 16736 16352 18022 6379 1007 11903 18929 3058 7668 16251 18815
16259 904 8334 8974 13461 3222 11925 3862 12184 2075 15519 161 1186 4129 10916 8996 15271 680 14509 10033 3633 2104 1465 19002 15803 17596 5435 13115 8504 11193 17850 7877 3017 19534 10065 3538 6231 4824 3290 219 15963 9180 19296 17893 18917 6629 6637 15728 12274 1531 8957 6655
14851 2182 15880 11280 16785 6417 13205 14486 1943 13725 8481 18988 6776 11054 8753 5427 12852 19381 1717 9528 8380 2749 2110 5823 7876 2886 11721 15948 14797 13902 2254 975 5584 17877 1110 3541 15960 19418 10214 230 15080 1130 18924 7020 9330 5747 19956 9333 118 3444 8696 8306
14593 18564 5892 1033 8713 17422 11790 4238 13202 16660 1428 11798 2455 16408 7191 7711 8607 13217 418 10656 11049 14890 11183 6704 1713 1206 2359 12984 3257 2107 19006 11583 10561 7875 11974 8136 6474 11083 10444 9551 980 14038 6112 3810 7272 3433 9706 8811 3820 19437 17654 14968
12289 17282 4098 17412 2053 2565 2695 16395 12555 10128 145 1809 3089 19348 9850 14488 11420 11423 10794 7853 11568 16689 16304 12854 8123 17597 4286 319 18752 5055 17730 7620 4430 18768 4087 7124 16468 2516 2263 11354 5981 4195 12773 19692 7281 881 9585 18677 15735 7928 19066 10877
5496 19850 10130 8083 5527 6040 10652 12576 16034 2083 2086 6950 13484 19375 6191 5167 15029 9143 19897 17337 19770 4283 11581 12094 19777 17348 14660 18374 15814 8520 11334 9157 10695 3533 8525 18255 14543 10459 8035 11366 14314 9323 18029 12653 6510 16241 8948 4724 17144 5370 13820 11518
11522 1411 2947 6023 3207 13705 2698 19339 13326 655 10514 9109 16151 12568 5528 2458 19354 7453 15518 2852 12069 6569 5674 13868 14381 6960 17457 1333 1078 17082 18878 15167 3007 16193 3777 712 6603 8140 16207 1364 8668 10721 18660 14567 4712 875 1391 11888 1008 8057 9213 2175
18816 3717 17161 14345 780 1806 17939 15639 3992 3995 15387 5661 11807 13472 17699 8484 1319 5288 6441 9386 5546 15657 7079 7983 14769 5308 16705 2627 8899 6468 12102 8138 18635 19923 14420 12117 1494 7254 2775 16344 7383 8672 8420 12520 5996 3948 14451 4982 16506 5371 12156 17789
6913 3970 6147 14979 19083 10379 14477 4878 19472 13588 5531 2972 17056 5409 10147 15655 4138 15531 941 16430 9902 17072 1458 7100 5182 9791 17856 8002 14662 18251 1101 11854 13393 1109 11864 5337 17882 18395 3418 5083 4958 6497 15204 10733 17902 17776 8561 2545 115 3324 2941 12542
4744 1274 17803 7695 8463 1936 7186 15766 16794 7962 14620 14876 18464 3107 165 18984 12713 5291 2604 11565 14642 17714 4278 17599 2626 14403 3779 1349 15438 8272 8916 6869 11481 7258 7899 13019 9568 7140 3301 19942 14825 11114 3309 3693 6769 12659 15349 15990 5110 17402 4859 6653
4737 18309 17798 7686 5641 13578 4365 15762 2578 3991 7461 6315 17837 5165 5679 4146 14516 13493 14261 14004 6840 2936 18235 12227 203 19405 19024 8273 14040 15320 19420 5468 8157 8800 3937 17889 4835 5345 8165 10980 1896 16745 18922 19436 4846 19697 3954 2679 12024 8826 8443 6269
19456 6017 11778 17667 19845 15758 14997 18966 6807 278 5789 7585 8354 15397 167 3623 7720 12199 9648 19000 5176 18874 3006 10686 5184 11330 14661 4046 13264 4053 7125 15577 729 14045 15073 12648 14313 9705 11370 106 6125 19566 8047 11248 2670 9328 8944 15608 18811 8316 15101
12418 4994 8836 11906 14091 19212 1550 6928 1426 10005 18460 8734 13215 12580 16934 3881 15787 5419 12333 3638 16567 15544 6712 186 10679 15934 8383 14148 11333 7495 8648 10311 1108 3927 4575 12000 6368 15458 13539 14694 19688 616 7533 13167 16498 10867 10231 7673 251 15742 15871
8961 10371 8964 19208 649 9483 9742 1041 17938 4116 5781 11286 8853 6422 7964 17696 8611 933 10792 13485 2172 3640 10044 18114 9540 12229 9932 19921 12626 9683 11604 13269 8661 12247 5084 2783 17378 356 740 5989 17127 12777 9834 8810 7017 16622 1902 13168 14074 13051 16252
7694 11024 8336 19858 17685 6421 15640 6170 10525 6688 13346 3106 10537 9899 11948 14895 1584 2223 8242 6066 6325 183 19394 15176 15688 17613 19021 1744 11603 7894 13401 5978 13147 11868 6881 9570 8930 16613 16103 1772 13549 3057 6641 17012 18549 629 1269 7672 18297 8309 13310
16261 12166 1420 18957 7949 271 9618 16531 14611 7828 2324 15379 9878 15258 11038 8478 7839 3234 13347 18346 1450 16555 14767 10161 15415 17720 18880 15553 5958 17991 7879 2247 10186 2889 19020 2130 2387 4567 11095 8026 5085 13279 10975 18533 16486 18920 17393 11507 18934 16247 4479
17157 17034 6539 268 17421 15116 15759 3472 18965 19864 14368 16929 19361 14370 12832 6309 17319 12711 298 17451 10667 8234 12207 7488 1218 9155 6594 19271 10697 15051 3149 17488 2128 13776 7636 14549 19542 2136 6107 1756 16349 12896 9058 15205 1384 1519 9334 6137 11772 1661 9214
18432 8196 12808 17418 7563 7437 5625 786 10131 17044 8723 6296 17436 8095 19744 13473 2726 11687 8104 5418 11952 7217 11444 11962 15548 4285 10174 10815 9156 10442 459 3532 3918 14927 4696 12761 9439 13538 5994 17899 16750 15342 5616 16112 18035 7541 15864 10617 18171 11132 6271
4608 17159 10503 11275 3340 16910 16015 19470 15889 8983 17819 6045 18462 15907 6308 549 8371 7093 570 13370 12222 13760 9922 4675 18883 2634 10191 15312 4309 18006 18393 14299 8028 16733 7775 2785 8547 998 14312 5864 10862 3438 12401 6129 12915 18548 16756 8442 13180 8318 18175
11648 4610 5380 4104 13321 4106 4361 11660 11019 12172 11273 5136 7571 19732 19990 9879 8732 11551 2721 12578 5030 10406 18222 13616 17458 5171 9140 2614 5310 9535 833 9926 14281 9422 15059 12501 6742 13911 6104 15836 10333 13789 6879 7904 7648 9831 2162 7412 19062 15992 7934
12672 5250 776 19853 5389 12944 12048 3346 403 15121 3227 2331 3867 15525 1957 15781 15784 7209 7982 2609 2867 2995 15028 15674 15546 10813 18756 19655 1736 7120 17234 19283 14294 18009 6234 19164 11357 17246 4957 3420 19809 3935 18909 7782 13161 879 15087 3185 8180 15612
17154 3459 3203 13061 11525 13070 7446 9371 1566 4254 4128 18465 3233 11168 12964 3365 10662 10145 7464 5543 3371 18352 11836 5181 19133 3646 3016 10696 1232 13521 9425 10834 4180 8022 7897 18268 16095 1761 9954 5731 10724 19304 19818 11116 16624 15860 11639 16633 18554 7423
11008 6662 16649 14219 3857 2068 11797 13079 3482 18721 16419 18339 10790 17705 299 2987 16046 7728 7601 13621 19641 12862 11587 16198 2375 10310 17097 8265 15434 1612 1614 81 19922 11351 861 15711 352 1121 12644 12517 11365 11367 11112 10599 876 2414 14325 502 7030 508
7169 13954 17673 10768 16018 4499 8220 2333 7966 1441 4132 4776 7081 17962 11820 15661 3504 14900 19893 15925 4151 4919 1974 6203 9406 11205 7237 5061 14282 18507 19788 17106 5971 6997 12118 2013 17118 9441 354 3942 16487 18666 13676 8945 7411 8307 758 7033 15226 10237
14594 12548 7173 5125 13063 1416 6408 16907 13837 8077 19855 2065 915 16020 8340 17815 15897 18844 11548 10402 9763 16548 301 685 19506 565 17081 10299 3900 2047 9667 15173 5320 10829 7890 19666 16342 8280 9307 12381 17255 2791 15722 14828 10860 2159 14191 5879 13817 3967
19712 5249 7298 12674 3076 17800 1929 10383 14226 12436 18583 17177 10272 8483 16549 3494 11818 7851 14896 15671 16952 191 7235 17476 3273 13005 15821 2638 5069 3410 14293 5338 17117 10973 1759 15840 16739 19812 8936 5100 12524 17775 13683 18165 13173 9462 5497 252 6013
18565 8460 13197 3981 8207 9365 665 17307 5406 1951 1316 19752 13354 18989 16050 15031 10681 8250 19901 4162 12486 2502 13256 11849 17995 16334 4943 464 8016 18770 6352 19285 5974 1369 15961 10203 18271 10723 3939 18793 13292 1261 2286 495 14702 8437 2552 14586 14591
12293 8837 9 6410 11786 6924 9868 5261 9100 15377 14867 1175 11417 19357 13471 1440 12708 2340 8870 1320 19753 172 1708 2990 18994 12210 3510 9530 16449 1476 6725 9800 15945 15052 12883 5717 14426 10720 16997 18919 9832 4971 9451 17519 19184 4855 8953 2301
8832 10756 19334 7174 18186 906 13838 910 15892 12057 16666 3741 7709 3102 13216 1953 17442 7842 15775 6815 19886 1071 2097 4657 16819 13620 19900 11965 10687 7744 8643 17735 19399 4296 5835 10188 16973 8654 2641 2395 4571 19300 16359 10987 15213 7022 13178 4988
18823 6921 13458 16404 14231 4120 15771 16543 1823 9631 9890 6701 14254 12975 13360 18609 178 17970 3376 11573 15926 9782 6323 15168 16195 18373 10566 16327 8019 341 16091 14687 19424 6367 2275 741 2024 15337 2412 19441 10225 11762 3827 17526 632 19835 1406 17279
16514 10244 12550 5256 3598 6543 6037 3738 19227 2588 16925 5917 19104 16416 13096 16940 17842 13236 6454 8246 19005 12606 19007 12866 3651 2115 9552 3920 15829 2901 4695 6873 11353 15838 11877 5734 14570 490 2925 2926 5743 4464 1264 17266 15348 17782 374 11896
2688 11782 4362 11662 8718 19857 1430 14233 16410 19738 10778 15389 4001 14249 13097 2729 14647 5560 7741 1090 17477 7290 17095 8010 15947 1743 11227 12380 10971 4192 9697 8674 18915 6244 16234 17003 10603 3955 14580 6515 1910 2551 2038 1657 12154 8819 10870 16253
7942 6155 16782 12559 12688 402 916 3220 19096 11416 9852 11171 17189 16938 2605 14126 7216 1969 6328 8121 16826 15291 7740 15166 15807 15169 16578 963 4172 12493 13775 18384 9169 13522 17746 19924 13908 9814 1629 18783 17121 8931 18537 3561 6512 4338 13688 15740
2052 10376 9865 6032 2965 15256 4761 8731 19872 18340 17061 13222 11815 9129 19632 1329 1585 16698 19519 1216 7232 16063 13379 3776 2751 11463 12618 15818 6989 9806 4049 18003 16853 6874 2651 8924 1888 19937 19042 994 3170 10729 2154 8179 13814 3065 4987 17276
14724 8708 13189 8711 14855 15754 2570 8587 13069 1422 4113 7700 17941 12695 6681 8094 10526 3488 12449 13740 3373 15023 18740 308 3380 4165 16838 9672 12880 13270 10454 18137 1370 9049 15996 16996 6374 5479 232 5611 12908 14315 10096 13303 1527 16379 14844 17406
4611 10118 14729 2828 9873 12442 7324 12189 1694 17440 5408 8866 6305 4388 2602 555 7468 1582 12977 19634 1074 4665 9786 574 18367 8257 18115 19779 19012 8644 5060 12483 12614 3274 9931 971 2124 12877 981 14041 9561 15460 12394 3051 13806 4975 7288 19577
13701 12679 3980 3214 12814 6036 15124 11541 13721 798 18593 673 16163 14626 4259 11824 17073 7730 12593 5813 9145 3130 17598 16575 10177 16324 1990 204 16593 12376 4953 12889 15452 15069 3038 2143 480 19427 19053 14318 15597 752 15086 8429 4851 6261 7032 15227
5633 12935 8967 4743 14738 12306 6167 6302 18091 17580 8237 176 9777 9904 10418 16692 1845 17723 1853 1470 11199 13248 4034 10563 2244 10693 3526 5447 5704 8004 2251 14415 13144 13272 220 13662 11491 2278 9576 9452 10861 2417 1523 8694 6008 19706 12158
15233 11266 15617 1043 6423 6009 1309 5790 12961 8999 18986 5930 7981 18223 17713 5299 9273 19131 19387 9660 12475 18111 14272 16322 6466 2245 5832 9423 10705 14545 14291 5594 13536 6625 19684 15332 15598 3700 19958 8439 14582 505 6006 4092 15613 14590 13695
3715 7813 11397 264 4363 17165 19599 5649 9235 1813 663 11289 8217 5147 8859 14886 14504 2859 6059 9005 13997 11825 18353 17843 4917 11709 3005 1730 5319 18005 9557 7003 11612 15072 16228 7653 5605 10598 5224 5228 2669 2416 17777 1267 7667 7287 14718
16897 4746 525 3342 14866 15507 13978 411 19997 2973 11167 7199 2207 674 19113 7470 8755 698 443 8635 7999 4800 12099 964 2628 13640 18249 15433 6347 4435 3285 2648 11737 12383 12129 9698 19556 743 16493 18542 9455 12021 9206 8952 10233 2045 11647
11141 11146 14603 17804 16653 3348 3096 19481 17822 19230 7072 13729 12575 10020 5541 6312 683 2731 8878 11699 17077 15678 9279 18753 8898 9154 16713 2762 10569 15820 3917 2512 13012 11092 6105 19294 3423 13663 19169 4319 17004 18928 2160 14576 6131 4861 18303
2307 17155 10243 11524 5764 10506 19346 1938 7443 3606 4888 16921 4896 417 6819 9255 5927 10538 11306 14892 4780 10927 13362 15794 9142 1847 10172 14913 5441 17734 6343 4553 3788 16471 989 4448 2273 17891 12791 19560 18410 15724 15472 4336 15347 3447 11256
133 4741 16905 2315 19982 527 3726 15891 7572 405 533 792 808 18859 4143 5168 432 14386 6453 3766 7483 11326 1854 17990 10952 9802 19022 5585 19282 4055 13015 1367 12250 5597 5858 8807 5992 5737 8808 15596 7663 5744 11506 117 5238 7160 1021
19968 6275 18699 5650 16149 662 15254 5909 921 1180 19616 16545 5284 11174 13479 1960 3240 1967 15153 9010 4661 16951 16184 14521 9400 1723 11968 11461 8909 5967 18133 6489 4449 8805 2663 19305 12906 110 9072 16882 18038 3191 13942 9209 3963 6652 14973
13443 15108 4100 5897 16266 14730 15372 11534 17935 3600 18451 4631 17945 3225 18973 12573 15134 1184 286 7710 11293 11935 16421 1829 15527 7724 18733 2737 14257 17461 11712 14787 15685 13511 15180 11101 7903 11359 489 873 11754 17008 10611 17780 14583 7419 4349
17920 13827 12552 17162 11787 6413 5006 6798 2963 13715 16535 2200 18458 16923 5916 9244 2332 19356 4638 5662 2594 8218 16038 6705 5044 17848 18236 18364 6335 2881 1221 17490 4179 6810 18520 12892 15973 2793 18288 18418 9074 2164 16242 8181 17014 13053 1534
7424 4869 9222 1802 3339 18700 19983 15888 6808 9368 7580 1822 1824 3746 10920 15535 18736 562 14390 17976 1721 7225 15296 14273 2496 9415 13006 2894 7502 19410 9813 18651 14684 11744 10976 19938 13923 17509 12134 16615 878 14196 885 3830 7671 11515 2303
19841 6658 12547 19331 7429 5639 13963 18444 9743 14995 8988 3879 16298 18731 3885 9394 19635 10168 17338 1469 13504 6721 18754 10054 16078 1362 2773 11222 13527 3417 12635 19292 16223 2528 18274 5730 5092 18021 17382 17766 7010 1642 4335 12529 19068 16126 15615
16000 19076 8965 3592 12809 11016 907 6797 18967 19865 16033 15909 13989 4008 3246 16047 17074 16946 12340 11063 19001 16186 2109 5063 14924 16595 216 19674 9690 19932 15965 5856 6240 7392 14947 3684 17253 9197 8430 16495 12145 7410 17139 6259 12788 13307
2434 11650 19461 5638 14727 6414 6287 5008 18577 2449 6927 5652 16405 14229 1275 15898 11682 5155 9894 5929 19631 12335 2991 7990 6844 4156 2236 9539 8008 3272 11466 12492 16093 7520 10084 613 13541 2153 3436 13677 6638 500 1782 17142 13435 12286
8579 11651 8198 11528 2574 10382 9747 4885 18838 6038 7194 6044 7454 7841 17960 4650 2219 4010 15405 13358 13743 1588 3637 16694 12985 3515 17604 12366 79 18771 6741 19030 5207 7000 8278 14430 7647 17251 5988 1381 17129 15982 14963 16632 11389 8062
17285 648 11529 2836 9876 18970 14877 12319 4127 9759 16035 13092 8485 7718 12074 18348 2220 7854 8876 8624 49 5936 16686 181 3383 4536 7864 13126 17996 7373 4688 1105 5075 4819 7767 4952 13785 16603 18267 10215 8681 8938 12272 4722 13940 2677
1152 19594 19978 17677 1429 407 17431 7070 8226 17827 15144 1704 6057 17967 946 10936 13498 13889 5698 18371 19524 1733 2117 8519 19026 8277 598 5461 7766 12382 9569 18402 13029 11750 10725 7532 16752 3696 6768 12031 12533 9590 8312 5242 18043 10879
16012 11791 18833 3602 19475 15511 1561 11291 3739 2843 9883 18977 19490 6565 1069 7598 14842 16307 15286 6711 19385 314 5691 11841 18627 17989 13002 458 1741 9941 3671 11224 16473 857 1884 15839 19039 12902 11239 8422 14443 8951 10872 18042 17659 9087
4224 11271 3721 14090 2571 5132 4618 1934 3984 5911 7836 2080 14880 2208 13731 9256 18985 11434 17965 2997 11451 15299 2505 17355 19407 8784 5713 13392 10961 1143 19929 4315 11869 7009 4451 10480 18673 8177 4729 12917 8821 17655 8182 16249 2939 2940
12805 2439 9098 17291 19084 18447 2577 3473 9491 3860 13333 6173 6558 10911 12581 3493 17579 9774 17454 815 9905 10545 11059 818 10938 15683 17347 1351 1991 13133 334 4687 8785 19796 10712 15193 475 2652 6623 4328 18409 4201 12787 12790 1016 5631
8069 4742 11270 14352 12305 7314 17173 4373 15768 11292 8221 2595 16424 16553 7341 12974 10162 16055 12856 18999 1848 1210 3771 6458 3647 15297 3784 13899 16972 9808 18769 18898 14930 7505 14678 4959 18528 10591 6116 18151 5736 12392 6386 6907 9342 12287
5762 2692 6152 7696 3216 18834 19347 9874 1562 11418 15388 8350 13343 18976 17568 3617 15779 2980 2853 11175 17718 5431 2106 9532 13374 5444 5574 13512 8651 15822 15952 18257 13783 349 16608 18657 19429 18791 18279 10473 621 2158 2672 8816 3060 12279
17922 13955 9092 19716 13702 13579 3467 2453 4758 535 15129 16927 16164 19622 12586 18603 5421 16690 10676 2485 19257 6587 1727 13249 11386 11600 19154 18517 4312 985 5081 17500 15074 2404 4324 14566 1002 3181 14446 3951 2289 14193 2419 14962 9208 15610
15360 1 18053 3334 7821 9746 1689 668 17180 11934 10527 3874 15139 19623 11442 8500 18741 9652 6582 10804 7352 12728 1984 19649 2372 9158 2888 19403 1356 5965 3664 16977 13011 10709 1237 15701 3035 19680 19568 2673 4468 4981 8692 5369 19070
15873 4609 11653 1291 536 15128 15001 1304 10905 17050 17051 32 15267 10917 10021 16808 14121 12458 6832 13874 3509 5305 12602 12218 10428 18621 4797 16321 14788 9798 5709 5198 1613 15824 4175 1104 9044 7645 18148 15717 19060 11514 12411 18814 383
12676 2697 18061 11535 18068 11668 3735 14616 5659 9501 7326 19232 6306 6823 6571 4523 5048 11961 8253 3523 13125 18887 16199 8775 6600 5196 6864 14802 10962 17878 13655 14937 19163 8414 5727 8798 3683 14435 2798 11123 7027 5877 6519 17018 15229
1281 7682 1541 18188 14988 16013 7055 8847 19729 7439 16920 8346 10011 9882 12699 10780 11297 13859 15782 6394 18047 6961 10420 15799 15417 6586 14268 14655 2640 2897 2258 16723 8151 5976 9563 7389 6624 14817 7016 12781 18672 13818 14332 5885 13951
15624 13328 7953 14994 15634 19604 13724 6430 2334 10784 10655 3490 4258 18856 16426 16045 4781 6319 4786 8252 17471 19904 706 15046 16457 7883 11469 11470 14417 17233 11476 18008 19545 15579 2400 7142 7399 13160 15593 4071 236 18032 1393 14578 14843
1664 1410 8066 3972 1287 18439 14987 12430 529 11922 1044 11285 15638 16407 4247 10644 19868 29 12447 14113 19874 2597 6570 5681 4534 16183 13112 7222 14784 7111 4040 16586 9162 2535 16105 3179 1516 2284 3056 3953 8178 16500 9205 10230 17531
3712 18433 8448 12423 1930 13067 4236 16157 10146 18597 17834 557 3378 17203 13490 4788 17717 15542 440 12217 10680 4155 8634 4160 13890 711 2377 720 11605 17110 8279 5595 10589 15869 6883 1636 18795 5101 6765 5869 19191 16504 5113 14714 4605
3456 14721 17669 15881 7568 2832 14353 18580 1051 5915 18206 9120 162 4130 2723 5154 13603 10284 15919 6456 18745 826 2235 19132 3770 7610 5311 12739 6211 839 14023 969 17994 11467 8024 11097 19930 3163 4089 14815 18017 13803 5111 9977 8058
17784 1032 18953 7690 8202 16143 10259 4755 2966 9753 9113 2462 4002 12707 1317 5542 7208 1961 7219 3253 11577 17981 6336 19272 12107 9035 15309 5332 3797 16857 8285 11232 19297 15331 10595 11880 8041 15981 12270 18541 19702 18423 14328 5366
12032 13185 13314 3 12416 1797 3458 15625 3604 1435 924 14619 1691 2339 3235 11685 9126 18474 6954 15539 6708 13111 11704 18106 9274 9148 13373 3261 10820 12615 2250 10828 8781 3790 8794 16474 12004 6380 7661 13809 5490 9079 15994 4095
16520 3727 15125 7829 7706 13723 5025 12710 10791 4902 19369 10666 12460 1197 1790 12847 9393 14264 11705 7612 10433 18498 8001 5197 15570 9173 2264 9818 2011 14557 16357 9447 18794 6890 9838 9842 19315 370 3316 17785 6522 12668 11134 2815
10881 9985 11907 15748 518 5642 17932 13836 7181 8343 15644 18592 3616 9003 11564 17585 5041 5939 17460 16696 15161 4923 64 11840 7105 11713 19013 18503 2122 15694 6991 14929 14933 18649 12509 16224 4838 10345 2671 11377 2418 14969 6140 16125
9220 18827 18828 4627 14740 8469 5270 10520 15003 1701 8101 17067 14252 13233 16562 17845 696 12092 199 3527 17483 10061 11216 2001 8147 4693 6614 5464 15322 6241 3809 13924 14181 2149 15847 1514 3690 6381 3312 5232 10226 12660 10359 13179
6272 9728 8327 11911 4489 12176 10129 4754 11030 3224 15514 1825 12451 2596 18213 9893 936 5672 5673 7595 9266 16053 11450 18748 19137 2114 13513 15050 7884 16975 15442 10582 15707 12637 16350 19173 7270 9448 9322 15595 14700 17515 17143 637
12928 897 18434 387 16645 6278 3338 5775 4503 4889 9627 3869 3997 15646 159 3111 11432 4012 16048 8502 10551 15036 11331 5316 19525 12231 11464 7754 3659 8395 7628 15054 4691 12121 4698 18525 350 1246 12390 3572 1781 14841 18044 3455
17923 3844 19077 5126 4745 8972 9999 19216 14612 9748 2586 19493 5158 6696 10409 682 3631 1970 6962 6069 6073 955 3319 9024 14147 11075 14792 17482 6863 4945 4184 16859 2146 3682 11108 12003 11495 620 8174 9202 2037 13047 14331 5887
8710 19721 7050 18062 14606 13968 13330 11414 9754 12061 2850 17316 3750 10156 19118 15152 15025 5683 19124 4916 9275 6333 16191 18368 575 1599 11078 19398 6599 9933 1486 6994 12243 8410 12508 3171 2150 18539 10485 7029 6393 14076 9341
1285 15628 3471 19728 11536 22 12055 13591 6426 10523 15780 18045 5286 10283 8492 2862 14255 7087 6904 7220 8884 15030 12727 15159 1334 3129 7096 9276 8254 11202 13771 7116 14540 18516 6232 5208 14436 9701 16230 2167 11128 253 16893
14592 16136 5512 17806 16656 16912 4624 16148 7573 12570 5407 4515 11944 13098 11696 15026 1716 6072 4282 13377 3393 14019 5571 7496 5450 16203 14412 6987 15951 977 19794 4189 16606 9950 14816 19170 9446 18535 3437 4983 2296 5627 7295
9088 9349 10758 13064 5644 4237 8078 8973 14096 11789 18708 18196 291 7847 14250 9388 14636 8238 13230 5293 5934 19128 16313 15930 3132 6078 13891 1866 77 6477 8148 6743 17368 4569 13661 6627 14820 17769 14188 5870 11769 6779 5628
15362 2178 2694 19079 4364 11407 3087 13072 5138 13463 16793 17309 12445 13085 7327 17569 16803 18087 17320 16301 13492 15418 9914 1084 6718 8895 16964 584 17609 16971 2892 3669 7259 9947 7549 12128 18787 11371 7669 12150 18298 3325 14974
6534 19718 12415 6281 11532 3085 19988 18971 18461 11550 18852 2424 18598 1446 5798 11945 11435 10158 9518 7473 12981 3126 2872 5948 9795 452 5577 3148 6092 12368 4561 16598 13398 18140 8413 863 4196 5355 17647 6262 2680 10747 639
16900 6917 8071 12427 18316 7822 17299 3866 12446 9891 7719 5417 12714 16437 1720 14394 14919 1484 2509 17998 19793 15313 11986 13140 855 19415 14681 15196 5980 11740 15201 12260 997 17512 6760 8946 9843 17910 19831 762 5116 18943
8704 6273 14089 16267 18192 19089 1297 19863 1560 13208 155 7451 13468 17439 15266 11170 932 6437 11177 10921 9258 15408 18738 9012 14901 12859 2240 14276 16325 6471 18894 10832 13010 83 17888 11107 7908 13675 17006 15602 2041 763
4736 14980 9350 17036 15373 10000 10513 2706 1174 19735 13080 2582 10019 4266 2732 2093 14765 4783 3894 14009 1977 19016 7755 17100 7244 11980 19791 11979 19668 2396 227 8293 6247 3945 15853 6766 8301 5489 8051 3831 5880 2425
18438 19338 6796 6158 13071 17813 17943 17948 4765 12830 13086 672 15651 4263 12327 7337 2043 7600 19121 13489 1462 16439 1464 3903 12864 18241 19139 11845 17230 7632 13905 468 18901 4826 14813 7902 11490 10222 19567 14065 8817 11387
2309 13200 11923 5399 14490 2971 17438 289 14628 12965 11812 19367 42 5290 19244 3503 6320 3375 19256 13752 7609 6845 14915 18501 16073 2256 1624 18264 12762 2904 8666 4832 13537 10339 15844 13546 15212 14190 3442 14197 5756
4225 16390 8457 2318 17809 13459 275 3989 17559 3609 1178 8475 1445 6567 425 4276 5428 15040 17216 7489 17988 8389 10565 12485 4680 324 1100 9305 14809 15708 732 16992 4066 9316 2661 13415 16872 10484 8823 7416 12665
14722 10120 15753 3337 5787 6172 7708 17949 19233 11940 8359 15145 10414 13745 16178 10802 1589 6837 4022 13881 16197 11468 16721 13268 2006 15575 2905 12506 7642 3166 8419 11237 19690 1648 113 4082 4465 1909 13052 16894 15999
11908 8714 11406 4622 16145 12957 16799 5410 9508 168 17066 16810 6698 13998 16687 19889 9269 13502 8515 4937 19663 14672 4178 4564 5716 11860 88 13787 604 18653 19549 8030 15585 19939 5097 19951 6383 2802 3576 9339 4989
2945 13190 18183 9863 3850 908 4108 17811 10388 16150 17433 12450 11561 19499 4785 14774 19513 14911 1600 14277 14408 10056 19412 3028 3416 7898 93 4701 9312 1505 10343 14184 8554 5866 15343 19440 10479 8436 9464 2430 5247
10880 10497 16262 14343 10377 19213 11795 5500 16156 17445 6310 2981 7593 13619 14646 3896 1466 11067 1597 4927 6854 4551 6216 8009 11978 18380 1871 6225 14418 15703 19928 8153 12636 17122 11111 11883 8300 1520 19450 7931 9980
10114 14853 19847 14858 10893 8209 18326 11672 7579 15133 18333 12326 15785 12587 4270 17075 14134 17975 8503 3768 2174 18109 7872 12867 15556 965 7110 9543 972 14162 9682 8918 3706 8797 5486 6772 19574 1655 3192 12666 1918
12039 16014 14095 12432 17937 5534 8225 10531 9381 3366 10923 7472 11383 5565 1087 12352 2112 19651 1477 15564 974 16079 11983 3281 1748 13397 16854 8789 9177 16991 14305 5601 6759 618 17774 4849 5751 16888 15097 4218 1019
2304 11905 10624 6276 6533 13452 15763 12947 7707 4639 13984 7075 7846 13864 9768 4268 13871 1457 6326 9018 16955 14399 6465 16066 5317 16840 2645 16734 4193 10722 7522 7138 15975 18280 19947 11246 18039 4345 9595 5372 19198
8580 18824 13195 7693 14989 4623 19088 14357 6806 13979 9756 6559 548 294 12454 2856 15281 5554 4530 4791 5175 9527 15931 16830 3775 17729 16963 19400 7113 3275 18253 2253 7374 6356 13016 19673 747 3950 15473 15475
19072 515 9475 14083 17031 2187 10381 2958 15632 6549 4246 7189 13851 4269 18611 11060 14777 12090 7613 10047 15431 6988 18766 208 2129 6995 17108 2131 214 5723 7550 742 2408 18543 19055 18289 17138 12912 12655 5246
