0 22 50 107 170 196 209 212 245 254 262 336 363 399 447 466 497 499 528 529 555 557 569 571 585 601 607 632 633 635 671 672 673 674 695 737 742 764 771 783 787 800 826 869 878 890 906 912 932 937 950 954 968 971 983 
11 27 49 68 81 87 146 171 175 200 207 210 231 237 241 242 250 259 299 307 311 329 337 344 346 349 358 388 417 448 461 473 506 510 513 517 619 634 649 663 694 723 747 760 769 774 799 801 813 816 835 842 844 856 920 924 933 946 947 951 
5 18 29 55 58 75 150 203 234 266 281 288 292 367 393 421 475 492 520 547 584 710 712 725 765 772 936 944 960 961 
14 21 46 59 119 132 135 169 204 208 221 232 236 293 316 362 426 428 453 462 471 493 545 572 579 582 588 599 606 636 659 661 688 709 751 837 851 876 930 966 978 995 997 
4 30 34 109 116 133 163 191 193 263 289 295 463 512 566 692 706 715 734 753 790 871 925 952 957 973 
35 93 201 222 247 328 350 361 366 411 422 514 518 523 524 552 589 597 602 604 617 638 683 693 713 718 797 847 854 861 873 895 956 965 982 998 
60 92 96 134 156 211 219 224 228 304 317 382 404 419 435 516 532 554 696 754 803 834 
8 16 20 25 31 37 64 83 84 100 104 108 137 181 189 190 217 218 260 305 348 357 370 379 386 394 397 424 429 442 467 469 476 500 507 508 519 530 533 574 593 626 643 648 654 701 703 717 719 721 731 767 782 789 792 818 832 840 852 863 883 898 905 913 921 984 993 
6 17 44 56 73 89 173 188 202 206 220 246 267 270 271 282 297 313 322 353 374 398 410 437 444 455 485 495 535 538 543 546 583 591 592 620 623 653 662 665 667 680 689 705 750 776 779 780 828 843 848 885 894 911 955 975 
24 69 176 255 258 324 330 332 334 368 380 381 383 387 413 452 478 503 564 575 576 628 629 675 724 738 798 880 892 931 943 987 992 
28 33 67 80 99 117 120 194 214 238 240 331 351 355 360 364 365 372 415 474 488 504 527 536 578 587 631 655 714 722 739 740 756 778 820 841 874 919 923 967 970 972 979 991 
19 26 32 45 97 98 122 158 184 252 253 290 302 338 371 390 400 425 440 480 482 494 542 561 608 625 651 691 727 745 746 748 752 770 781 860 926 953 
91 121 151 182 192 223 272 345 408 439 458 477 487 496 525 551 577 609 669 697 704 846 881 927 948 
113 126 129 138 233 249 308 319 335 342 433 486 534 540 605 610 621 656 660 682 684 728 785 896 
36 63 70 136 143 152 229 301 377 465 481 483 511 531 570 600 646 686 736 749 768 777 786 794 804 812 822 831 867 877 886 903 914 915 939 988 
10 41 66 95 103 112 118 123 130 140 141 153 160 161 165 167 180 197 227 235 244 256 265 273 278 283 286 294 310 323 326 327 333 354 395 407 432 434 456 460 484 489 522 541 544 550 558 560 567 586 612 616 624 650 679 702 708 711 735 744 775 795 810 827 849 850 901 904 910 942 945 990 999 
3 40 52 54 61 79 94 102 111 154 168 185 239 248 279 306 320 341 343 369 403 406 449 509 515 562 563 687 698 732 762 811 814 819 823 825 833 836 864 887 907 916 938 
2 9 12 15 23 53 65 101 124 127 139 159 162 178 179 199 261 268 280 287 291 298 314 315 376 389 391 402 420 436 450 502 505 526 549 556 559 595 627 678 681 743 757 796 839 862 875 899 900 909 941 959 962 963 977 985 989 
1 39 48 105 172 177 195 198 213 216 225 243 274 276 284 309 321 339 359 373 378 521 580 590 594 637 645 658 664 666 720 729 730 758 817 824 853 857 859 884 922 964 
7 13 43 72 85 86 90 115 128 205 257 264 269 352 384 418 430 454 490 491 537 553 568 618 641 642 726 761 802 807 815 829 830 893 934 
47 82 88 106 131 149 166 174 186 187 215 251 347 412 565 657 741 763 808 845 882 888 929 940 
51 77 147 157 164 230 275 303 318 325 375 392 409 416 438 501 596 614 647 652 670 676 755 805 879 902 949 958 980 996 
38 71 76 78 110 125 148 312 401 427 459 468 598 668 677 690 716 733 791 809 838 858 865 868 870 897 969 981 
144 145 155 277 285 300 340 356 385 431 441 443 445 457 464 472 479 498 539 548 613 615 630 644 699 707 759 766 784 793 855 866 889 917 928 974 994 
42 57 62 74 114 142 183 226 296 396 405 414 423 446 451 470 573 581 603 611 622 639 640 685 700 773 788 806 821 872 891 908 918 935 976 986 
