1 14 19 23 24 32 34 35 41 48 66 71 79 80 83 111 124 132 141 142 148 154 159 162 176 177 179 188 192 220 224 226 236 288 290 339 352 353 362 366 368 373 378 384 392 394 421 428 436 445 448 449 454 459 463 467 483 493 503 507 522 524 568 582 585 592 593 600 602 607 612 625 631 634 644 656 672 676 678 679 680 683 699 707 708 713 723 727 738 742 745 752 754 760 765 772 778 798 810 812 820 821 837 838 839 843 850 885 901 904 913 914 915 917 925 932 937 942 946 948 956 957 965 967 969 971 972 980 982 983 986 987 990 993 995 999 
3 7 8 15 17 18 20 54 58 75 76 93 97 105 107 126 150 151 152 157 165 175 183 191 217 222 237 247 263 266 280 284 286 291 296 307 328 334 345 349 351 356 363 388 393 395 400 404 408 418 433 439 461 465 469 471 477 484 487 494 497 500 501 515 519 532 536 540 542 544 558 566 571 576 599 603 608 618 619 622 628 636 641 648 675 685 692 709 711 712 714 736 753 755 756 762 784 795 803 807 808 811 823 824 864 867 873 874 877 878 883 886 889 900 922 934 954 955 979 984 988 991 
0 6 9 13 39 44 60 67 77 82 90 100 102 103 109 110 122 128 138 146 153 199 203 205 211 219 228 235 241 242 243 248 250 279 289 292 305 312 313 335 341 372 380 397 402 403 406 407 437 438 443 451 458 464 468 475 495 521 525 526 529 533 547 549 555 561 598 616 633 637 646 652 661 667 668 677 690 693 695 700 705 716 717 721 728 730 735 750 758 771 777 782 794 800 806 827 851 853 854 866 910 931 933 935 936 950 962 964 973 985 992 998 
11 22 28 29 43 51 56 57 86 106 118 131 144 145 155 160 164 167 170 187 193 207 208 218 239 245 251 252 254 256 259 264 294 298 301 318 323 337 340 343 350 361 377 385 391 405 444 447 452 453 462 485 490 498 504 511 512 527 573 583 586 588 589 596 609 643 657 664 665 681 682 686 689 696 703 715 720 747 764 797 799 813 828 841 862 902 907 916 927 945 958 963 966 989 994 
10 21 26 53 59 63 85 88 94 104 113 140 161 163 172 180 184 185 190 201 202 210 216 232 238 240 244 281 299 302 310 317 332 342 354 364 367 371 376 387 389 399 419 446 460 472 474 499 502 534 551 557 563 567 580 606 613 630 647 653 666 694 726 766 773 781 793 802 818 822 855 868 894 899 905 920 
16 31 33 37 47 65 89 91 99 119 125 133 143 158 195 200 206 209 212 215 223 230 257 322 326 329 336 347 412 425 432 492 506 516 523 528 530 548 554 556 562 601 604 611 617 645 701 706 733 741 757 769 780 783 789 796 845 870 887 893 897 906 912 926 940 951 975 
69 72 81 95 98 129 136 137 147 173 214 273 277 309 320 324 414 420 473 476 489 509 564 569 572 581 624 627 629 632 655 673 698 718 732 774 815 825 833 835 836 840 844 856 860 872 892 896 911 918 930 
5 42 68 194 197 204 262 304 306 315 325 333 344 357 359 369 396 416 456 491 514 539 543 570 578 597 615 650 658 659 660 674 710 734 770 785 817 832 875 943 960 996 997 
25 27 36 73 120 135 196 213 253 270 308 316 338 386 390 413 422 440 479 482 486 505 574 610 635 662 669 779 791 830 858 881 903 919 929 953 968 974 976 
12 52 55 62 101 114 121 123 178 189 293 297 314 327 360 382 383 410 424 455 470 478 508 538 579 621 671 687 749 751 775 842 924 952 977 
64 78 87 92 116 169 198 258 271 272 295 375 423 430 480 518 541 546 590 651 740 743 744 776 792 804 888 895 909 947 959 961 978 981 
40 127 166 182 231 233 282 283 348 381 409 426 450 513 560 575 591 626 684 691 697 737 746 768 790 814 829 859 876 879 939 944 970 
49 96 149 168 227 274 276 311 365 434 510 553 565 595 623 639 649 704 761 786 805 819 826 847 863 865 882 891 908 921 923 949 
38 45 108 115 134 229 267 285 287 330 331 346 355 379 441 442 481 488 531 594 614 759 788 809 861 884 890 928 941 
112 117 156 174 181 260 278 300 370 374 411 427 435 496 535 545 552 559 577 620 638 724 725 729 787 880 898 
30 74 139 186 225 249 261 265 269 275 319 321 431 517 584 605 640 688 739 763 767 846 857 938 
2 4 84 130 171 221 246 303 358 398 466 537 550 654 663 670 748 831 834 849 852 869 871 
46 50 61 70 234 255 268 401 415 417 429 457 520 587 642 702 719 722 731 801 816 848 
