33 76 111 139 188 206 242 248 253 274 291 292 328 360 363 364 378 379 435 445 454 460 523 570 604 607 649 668 678 741 754 762 777 848 849 857 873 891 901 937 965 978 995 997 
11 48 60 62 66 81 102 109 115 122 126 133 143 151 153 154 162 191 198 238 254 261 270 281 294 323 336 377 384 393 431 455 475 487 502 504 511 512 542 559 575 609 635 673 685 715 725 732 746 758 765 768 782 790 794 795 808 811 822 841 850 893 907 931 944 949 952 953 
10 16 18 30 35 42 43 71 74 82 107 125 129 158 165 171 192 231 243 265 295 309 312 347 357 367 382 386 411 420 437 448 469 491 503 513 545 581 586 601 611 629 644 648 718 744 760 774 780 791 809 812 823 844 882 889 902 916 917 930 948 
6 22 28 63 94 105 175 199 208 252 268 287 317 319 337 365 380 399 441 498 501 526 530 532 572 596 600 619 640 661 692 699 750 806 830 855 877 890 903 993 
123 141 152 159 195 280 305 308 353 370 423 424 449 472 510 525 552 615 617 651 664 698 712 719 737 749 776 787 837 839 872 910 918 920 927 966 969 979 985 991 999 
0 4 31 39 131 149 168 170 193 226 237 259 272 299 326 329 404 418 447 456 465 466 488 490 505 594 623 674 688 691 696 728 740 778 802 838 871 957 
2 24 25 34 51 59 80 88 89 101 103 119 140 148 150 176 216 236 282 306 331 355 372 374 375 383 413 416 419 425 427 428 452 457 477 482 531 533 537 568 571 599 605 614 624 631 637 638 658 660 690 695 707 708 716 739 743 764 784 792 799 810 824 829 834 835 842 853 860 864 869 887 915 924 938 972 974 994 
56 73 79 197 211 221 240 247 260 269 304 313 340 346 412 444 451 458 527 529 555 562 653 667 706 710 748 775 819 825 833 870 905 906 926 933 976 
13 53 86 92 142 177 186 189 241 321 402 409 434 438 550 566 583 585 647 654 675 684 711 717 729 734 738 767 816 821 845 911 928 942 964 971 982 998 
17 26 29 75 84 112 117 118 132 163 264 271 273 278 302 507 518 567 587 626 632 634 652 676 705 720 757 773 800 805 840 846 854 904 908 945 947 990 
8 98 120 203 213 214 223 229 244 266 297 315 325 351 396 398 470 514 558 564 642 650 693 702 709 736 753 756 760 779 814 831 862 909 922 963 990 
1 5 7 21 37 46 64 83 113 116 127 143 146 167 173 210 245 246 249 290 310 318 342 348 349 385 406 421 429 436 450 464 486 521 544 551 563 577 628 656 665 672 697 742 747 761 769 781 785 798 804 836 867 879 959 967 970 983 984 
11 36 60 90 133 156 162 184 201 215 262 270 281 284 286 288 296 330 336 343 345 377 384 400 407 410 481 504 511 553 560 635 643 657 680 681 725 733 746 752 765 766 771 782 790 808 832 850 861 893 931 952 953 954 961 962 989 
23 50 93 95 134 161 164 179 202 209 219 224 232 250 311 322 387 388 403 417 474 478 480 492 528 540 557 576 579 616 694 704 722 726 789 820 826 828 951 
104 172 181 220 228 233 267 303 405 408 430 463 467 489 515 539 546 549 556 578 595 602 645 656 666 671 679 683 721 727 731 745 863 900 932 935 958 
15 110 137 200 207 275 279 283 332 344 358 366 368 376 433 476 501 548 569 574 597 610 627 689 735 755 770 886 894 914 955 987 992 
11 12 55 60 69 97 121 133 135 162 180 270 277 281 285 300 327 336 352 377 384 394 415 439 453 483 495 499 504 508 511 536 606 612 622 635 639 646 677 713 714 725 746 765 782 786 790 801 803 808 813 850 875 893 931 941 952 953 
11 38 40 60 108 133 147 162 174 178 196 235 251 270 281 307 320 333 336 377 384 389 390 473 504 511 522 543 554 565 588 589 590 618 635 641 687 725 746 759 765 782 790 808 850 892 893 895 898 912 931 940 952 953 975 
3 27 58 77 145 157 166 169 182 212 217 338 341 356 432 479 497 573 584 659 670 703 772 793 807 859 885 897 980 996 
54 96 194 239 335 401 414 443 541 547 561 580 591 613 655 662 686 701 724 788 817 852 856 866 868 929 968 981 
57 87 100 144 204 222 227 230 256 298 361 381 391 462 493 496 520 534 592 598 630 633 700 723 763 796 815 884 921 934 960 
20 67 70 138 183 190 218 225 257 263 301 324 334 446 461 494 516 524 625 827 847 923 946 950 956 973 986 
44 49 61 68 78 85 155 185 187 289 316 395 426 471 582 636 730 751 783 843 851 876 880 881 943 988 
9 32 52 99 106 136 160 205 234 293 339 350 369 371 392 506 519 593 603 663 818 865 874 878 883 977 
19 41 91 124 128 258 314 354 359 442 484 500 509 517 535 538 608 682 797 858 899 913 925 939 
14 45 47 65 72 114 130 255 276 362 373 397 422 440 459 468 485 620 621 669 888 896 919 936 
