1 11 16 24 28 30 34 41 47 53 55 70 75 76 82 88 90 91 104 113 115 120 125 126 133 135 140 142 163 164 165 177 178 180 181 184 196 201 206 213 218 228 233 237 238 246 249 253 256 261 262 263 264 266 270 271 285 294 298 302 303 307 308 309 311 320 327 335 336 338 339 340 342 347 349 350 352 356 357 366 370 371 376 377 379 382 385 386 390 396 403 404 410 412 413 414 415 416 417 418 423 433 438 439 444 446 454 457 458 460 468 469 474 479 486 496 497 502 503 504 508 518 529 537 544 548 551 559 560 577 579 580 605 608 611 616 621 625 634 637 638 640 642 654 661 664 667 677 682 683 688 694 702 706 715 716 719 723 731 733 734 736 743 744 745 754 761 778 781 787 792 796 799 817 825 831 832 833 834 835 847 848 851 854 863 873 883 884 887 893 894 907 908 913 928 938 940 943 953 959 962 963 966 985 987 988 991 992 994 998 999 
3 19 32 40 61 81 93 94 103 110 114 151 169 216 222 227 241 259 267 272 279 293 322 368 375 389 394 402 408 465 513 528 533 543 546 555 571 585 598 635 643 646 671 673 717 725 727 756 777 806 809 821 822 823 830 837 853 874 901 922 929 930 969 982 993 
0 7 21 31 37 46 54 63 65 66 70 72 80 83 85 86 97 104 108 109 111 121 128 139 146 150 153 160 175 187 189 190 197 226 242 275 281 310 312 332 343 350 351 361 362 367 380 384 393 395 400 401 411 429 434 443 449 467 476 489 491 492 511 530 550 563 569 572 573 576 586 596 602 606 612 637 641 650 651 657 662 676 687 691 692 704 705 710 730 732 748 766 769 772 779 788 794 801 836 843 849 865 867 872 879 906 933 936 937 941 944 945 964 968 970 972 974 
2 10 22 52 64 68 78 95 101 145 173 204 214 223 240 254 328 358 360 398 420 505 523 535 557 574 599 613 622 630 644 668 760 795 816 826 912 921 926 954 960 
6 36 44 71 79 84 106 107 116 183 234 248 273 282 317 321 425 447 455 477 510 520 521 653 663 685 700 720 790 797 828 842 897 923 934 955 
23 59 122 155 159 162 168 172 202 223 231 274 289 305 436 441 475 478 481 540 552 568 620 624 648 718 721 726 729 750 769 770 775 783 808 813 841 846 855 892 899 948 949 950 
43 51 58 102 141 208 235 279 286 333 344 359 397 426 427 431 432 435 466 472 480 487 488 512 525 527 607 609 617 632 658 675 701 712 751 860 861 978 979 980 997 
62 69 73 87 92 124 130 131 157 167 205 229 239 280 315 325 354 387 392 419 493 495 522 534 567 578 647 695 709 728 746 765 789 791 811 827 868 878 931 976 
9 112 119 127 156 188 215 217 225 265 462 464 484 514 516 536 570 594 601 681 749 882 898 915 920 925 946 957 981 
14 20 26 33 60 147 191 192 193 211 279 301 346 483 506 532 547 585 610 627 636 666 669 740 771 774 802 810 818 885 927 
48 57 111 132 179 185 209 244 323 324 330 364 452 461 554 558 565 579 584 591 631 674 693 724 738 858 870 905 914 967 977 995 
5 8 49 50 99 152 224 257 288 353 407 459 501 507 539 585 587 595 600 604 626 655 670 747 764 786 895 939 965 
12 25 77 92 124 130 148 174 194 239 250 276 325 354 387 392 419 440 448 490 515 522 531 541 553 601 722 737 767 768 791 803 804 805 811 814 852 868 890 909 916 961 975 983 
27 29 89 117 136 161 207 212 245 278 348 365 378 406 409 421 473 526 583 592 649 665 735 739 753 793 800 819 862 869 871 888 
35 100 166 258 283 314 316 326 329 428 470 485 494 500 524 614 684 707 741 758 880 886 891 917 
4 17 56 92 124 130 210 220 239 247 255 284 325 345 354 387 392 419 422 424 430 522 556 618 660 697 714 752 780 784 791 811 868 876 896 911 924 958 984 
38 45 260 292 297 319 517 549 590 603 615 645 678 699 815 845 850 856 857 900 935 951 971 
13 39 42 67 98 143 154 186 195 277 299 334 372 542 575 582 659 680 686 696 703 742 838 877 881 973 986 990 
84 92 124 130 137 170 171 176 198 199 232 239 318 325 341 354 355 363 381 383 387 392 419 445 451 471 498 499 509 522 545 561 597 628 629 633 656 763 773 776 791 807 811 859 868 889 902 956 957 
105 123 174 251 287 290 373 391 399 405 440 442 448 450 453 515 562 589 593 623 679 689 737 755 782 812 824 840 844 864 903 916 932 
74 138 149 219 230 252 268 291 295 304 313 337 388 437 463 566 588 652 690 759 785 910 918 963 
15 129 134 200 203 236 243 269 300 306 331 482 519 538 581 619 639 711 713 875 911 942 989 
18 96 118 144 158 182 221 296 369 374 456 564 672 698 708 757 762 798 820 829 839 866 904 919 947 952 996 
