2 4 6 28 84 100 103 122 128 130 146 171 203 219 221 235 246 289 303 305 313 335 358 372 398 448 451 466 526 537 550 616 633 654 663 670 695 716 717 748 750 771 831 834 849 852 869 871 
11 29 106 131 144 145 160 164 193 245 259 294 318 337 343 350 405 485 490 512 573 609 664 665 720 797 828 862 907 916 927 987 
1 14 19 23 24 32 66 79 83 111 124 132 142 159 179 188 220 224 226 236 288 353 366 373 378 384 428 436 454 459 467 493 503 585 592 600 607 625 631 634 644 656 678 679 680 683 699 713 723 727 738 745 772 778 810 812 837 839 850 901 904 913 925 937 946 967 971 980 982 983 986 990 999 
7 17 20 58 75 76 93 107 126 150 151 152 165 175 183 191 217 237 247 263 280 284 286 291 328 334 351 356 363 388 393 404 408 433 439 469 477 494 500 501 515 519 542 544 566 571 576 604 619 622 636 641 675 685 711 712 714 756 784 795 803 824 864 873 874 877 883 885 889 900 922 954 979 984 988 991 
43 51 56 57 86 118 155 167 170 187 199 207 208 218 239 251 252 254 256 264 298 301 323 340 361 367 377 385 391 444 447 452 453 462 498 504 507 511 527 582 583 586 588 589 596 657 676 681 682 686 689 696 703 715 747 764 799 813 841 902 945 958 963 966 989 994 
16 31 33 37 65 91 125 133 195 200 206 209 212 215 326 362 394 492 506 516 548 554 556 562 617 701 706 733 757 769 789 796 845 893 897 906 912 940 951 975 
40 63 127 166 182 231 233 282 283 342 348 381 409 426 450 513 560 575 591 626 684 691 697 737 746 768 790 814 820 829 859 876 879 939 944 970 
25 27 36 47 73 89 99 119 120 135 143 158 196 213 223 230 253 257 270 308 316 322 329 336 338 339 347 386 390 412 413 422 425 432 440 479 482 486 505 523 528 530 532 574 601 610 611 635 645 662 669 741 779 780 783 791 830 858 870 881 887 903 914 919 926 929 953 968 974 976 998 
46 50 61 70 234 255 268 349 401 415 417 429 457 520 587 642 702 719 722 731 801 816 848 
30 74 139 186 190 225 249 261 265 269 275 319 321 431 517 584 605 640 688 739 763 767 846 857 938 
81 129 136 137 173 214 309 324 352 414 476 489 509 569 629 632 673 698 732 825 833 836 844 856 
22 49 96 149 168 227 274 276 311 345 365 434 510 553 565 595 623 639 649 704 761 786 805 819 826 847 863 865 882 891 908 921 923 949 
3 8 15 54 97 157 222 266 296 307 395 400 418 461 465 484 487 536 540 599 603 608 612 618 628 648 692 709 736 753 807 808 811 823 867 878 886 932 934 
69 72 95 98 147 272 273 277 320 420 473 564 572 581 624 627 655 718 774 815 835 840 860 872 892 896 911 918 930 955 
12 18 52 55 62 101 114 121 123 178 189 293 297 314 327 360 382 383 410 424 455 470 478 508 538 579 621 671 687 749 751 775 842 924 952 977 993 
34 35 41 48 71 141 148 154 176 177 368 392 445 449 463 483 522 524 568 672 708 742 752 754 760 765 798 821 838 843 917 942 948 956 957 965 969 972 
64 78 87 92 116 169 198 258 271 295 375 423 430 480 518 541 546 590 643 651 740 743 744 776 792 804 888 895 909 915 947 959 961 978 981 
10 53 59 80 85 104 140 163 172 180 185 202 210 232 238 244 281 299 302 317 354 376 387 389 399 419 446 460 474 499 502 534 567 580 606 630 666 766 793 802 818 855 905 
21 26 88 94 113 161 184 201 216 240 310 332 364 371 472 551 557 563 613 647 653 694 726 773 781 822 868 894 899 920 
0 9 13 39 44 60 77 82 105 205 211 228 241 242 312 341 402 407 421 464 468 495 497 521 525 529 533 547 549 555 558 561 593 646 652 668 677 690 693 700 705 728 730 735 755 782 794 800 827 851 910 935 950 964 973 985 992 
38 45 108 115 134 162 229 267 285 287 290 330 331 346 355 379 441 442 481 488 531 594 614 707 759 762 788 809 861 884 890 928 941 
112 117 156 174 181 192 260 278 300 370 374 411 427 435 471 496 535 545 552 559 577 620 638 724 725 729 787 880 898 
5 42 68 194 197 204 262 304 306 315 325 333 344 357 359 369 396 416 456 491 514 539 543 570 578 597 615 650 658 659 660 674 710 734 770 785 817 832 875 933 943 960 996 997 
67 90 102 109 110 138 153 243 248 250 279 292 380 397 403 406 437 438 443 458 475 598 602 637 661 667 721 758 777 806 853 854 866 931 936 962 995 
