19 28 33 67 80 99 117 120 194 214 238 240 331 351 355 360 364 365 372 397 415 466 474 488 504 527 536 578 587 631 655 714 722 739 740 756 778 820 841 847 874 919 923 967 970 972 979 991 999 
14 21 46 59 60 92 96 119 132 134 135 156 169 204 208 211 219 221 224 228 232 236 293 304 316 317 362 382 404 419 426 428 435 453 456 462 471 493 516 532 545 554 572 579 582 588 599 606 636 659 661 688 696 709 751 754 803 834 837 851 876 930 966 978 995 997 
11 27 49 68 81 87 146 171 175 200 207 210 231 237 241 242 250 259 299 307 311 329 337 344 346 349 358 388 417 448 461 473 506 510 513 517 619 634 649 663 694 723 747 760 769 774 799 801 813 816 835 842 844 856 920 924 933 946 947 951 
3 40 52 54 61 79 94 102 111 154 168 185 239 248 279 306 320 341 343 369 403 406 449 482 509 515 562 563 687 698 732 762 811 814 819 823 825 833 836 864 884 887 907 916 938 
1 39 48 105 172 177 195 198 213 216 225 243 274 276 284 309 321 339 359 373 378 521 590 594 610 637 645 658 664 666 720 729 730 758 817 824 853 857 859 884 922 964 
8 16 64 100 104 108 137 181 189 217 305 348 357 370 394 397 429 442 500 508 519 530 574 580 643 648 654 701 717 721 767 782 789 818 832 840 863 898 913 975 993 
60 92 96 122 134 144 145 155 156 165 211 219 224 228 277 285 300 304 317 340 356 382 385 404 419 435 441 443 445 457 464 472 479 498 516 532 539 548 554 613 615 630 644 696 699 707 754 759 766 784 793 803 815 834 855 866 889 917 928 974 994 
36 60 63 70 92 96 134 136 143 152 156 211 219 224 228 229 301 304 317 377 382 404 419 435 465 481 483 511 516 531 532 554 570 600 646 686 696 736 749 754 768 777 786 794 803 804 812 822 831 834 867 877 886 903 914 915 939 988 
2 12 15 23 25 101 124 127 179 261 287 291 298 314 315 379 391 420 436 450 502 505 549 556 559 595 641 645 678 681 796 839 905 941 962 963 985 989 
10 41 95 103 118 123 130 161 165 180 235 256 265 278 310 327 333 354 407 432 456 460 489 560 567 612 616 624 679 735 744 795 827 849 901 942 945 990 
42 57 62 74 114 123 142 183 226 296 396 405 414 423 446 451 470 573 581 603 611 622 639 640 685 700 712 773 788 806 821 872 891 908 918 935 976 986 
35 93 201 222 247 328 350 361 366 411 422 440 514 518 523 524 552 589 597 602 604 617 638 683 684 693 713 718 731 797 847 854 861 873 895 956 965 982 998 
6 19 26 32 45 97 98 122 158 184 252 253 290 302 313 338 371 390 400 425 440 480 482 494 542 561 608 625 651 691 727 745 746 748 752 770 781 860 926 953 
66 112 140 141 153 160 167 197 212 227 244 273 283 286 294 323 326 395 434 484 522 541 544 550 558 586 650 682 702 708 711 775 810 850 904 906 910 
7 13 43 72 85 86 90 115 128 205 257 264 269 352 384 418 430 454 490 491 537 553 568 618 641 642 726 761 802 807 829 830 893 934 
24 69 176 255 258 324 330 332 334 368 380 381 383 387 413 452 478 503 564 575 576 628 629 675 724 738 798 880 892 894 931 943 987 992 
0 22 50 52 107 170 196 209 245 254 262 336 363 399 431 447 466 497 499 528 529 555 557 569 571 585 601 607 632 633 635 671 672 673 674 695 737 742 764 771 783 787 800 826 869 878 890 912 932 937 950 954 968 971 983 
51 60 77 92 96 134 147 156 157 164 211 219 224 228 230 275 303 304 317 318 325 375 382 392 404 409 416 419 435 438 501 516 532 554 596 614 647 652 670 676 696 754 755 803 805 834 879 902 949 958 980 996 
5 18 29 55 58 75 82 113 126 129 138 150 203 233 234 249 266 281 288 292 308 319 335 342 367 393 421 433 475 486 492 520 534 540 547 584 605 621 656 660 710 712 725 728 765 772 785 896 936 944 960 961 
38 71 76 78 110 125 148 312 401 427 459 468 598 668 677 690 716 733 791 809 838 858 865 868 870 897 969 981 
17 56 73 188 220 246 270 282 297 398 410 444 485 495 538 583 591 592 653 665 667 680 689 750 776 779 828 894 955 975 
4 30 34 109 116 133 163 191 193 263 289 295 463 512 566 692 706 715 734 753 790 871 925 952 957 973 
9 53 65 139 159 162 178 199 268 280 376 389 402 526 627 743 757 862 875 885 899 900 909 959 977 
20 31 37 83 84 190 218 260 379 386 424 467 469 476 507 533 593 626 703 719 731 792 852 883 921 984 
91 121 151 182 192 223 272 345 408 439 458 477 487 496 525 551 577 609 669 697 704 846 881 927 948 
47 82 88 106 131 149 166 174 186 187 215 251 347 412 565 657 741 763 808 845 882 888 929 940 
44 89 173 202 206 267 271 322 353 374 437 455 535 543 546 620 623 662 705 780 843 848 911 
