1 2 6 7 8 9 10 18 19 21 25 28 31 32 33 36 38 40 46 53 55 56 62 66 69 78 96 100 101 104 106 109 113 115 118 121 123 125 141 149 154 158 163 164 166 169 170 173 178 182 183 184 185 186 190 193 194 195 204 210 216 218 219 223 228 229 233 234 236 237 238 243 244 247 250 259 267 268 270 272 276 277 281 284 294 296 298 299 300 302 304 307 309 311 326 333 353 354 355 363 368 370 371 376 378 380 381 386 388 390 392 395 400 403 410 415 417 423 426 430 433 434 435 437 441 444 452 455 456 459 461 463 464 469 472 475 488 496 499 501 504 511 513 517 518 520 526 530 531 534 538 542 544 547 553 554 556 557 559 565 566 573 574 578 584 585 594 600 605 608 609 610 617 620 621 625 628 633 646 647 648 649 652 656 660 662 665 667 671 673 679 683 697 698 700 702 703 706 708 709 712 720 721 722 724 725 727 729 732 739 745 749 750 751 753 759 761 767 768 769 771 777 780 781 806 807 810 811 812 813 815 820 822 826 829 834 836 841 843 849 851 852 861 865 867 872 874 885 891 893 895 899 904 909 921 922 927 931 936 939 943 944 945 952 955 956 965 970 972 973 976 977 978 979 980 982 984 990 991 995 997 999 
0 11 14 16 22 24 26 37 41 49 59 60 63 70 77 86 90 99 103 105 107 112 120 131 133 136 139 140 143 147 150 155 156 162 165 167 179 187 208 209 211 221 222 226 241 242 245 248 251 254 257 261 262 269 274 283 287 290 291 303 316 317 321 322 328 330 339 340 341 343 344 347 348 350 352 358 359 361 366 367 369 372 383 385 394 397 405 408 412 414 424 436 439 445 448 458 468 471 477 478 481 494 498 500 503 506 508 515 524 528 537 540 543 555 560 561 562 567 571 576 580 581 586 588 591 592 595 596 597 606 611 616 626 627 635 636 644 655 666 668 670 674 675 678 681 682 686 687 695 704 705 707 713 719 723 726 735 738 743 755 756 757 758 764 772 773 782 784 785 791 792 793 796 797 802 803 817 819 823 833 835 842 846 847 856 858 863 864 866 870 873 875 876 878 884 886 888 889 892 894 898 901 907 908 910 912 916 918 919 925 926 932 934 937 947 951 964 966 967 981 986 988 989 992 994 996 
5 35 45 47 48 51 65 71 74 85 87 92 93 116 127 129 134 152 159 172 188 191 198 199 205 212 214 225 231 239 246 249 256 263 271 293 305 308 310 318 320 331 332 336 337 351 356 362 373 398 409 413 422 438 446 447 449 454 467 479 482 495 497 512 522 523 529 545 550 558 577 587 590 599 602 613 614 615 622 639 641 643 645 653 654 672 685 693 699 701 710 716 718 737 741 742 748 763 799 824 830 831 845 848 850 877 890 915 922 924 930 942 968 971 975 993 
12 29 50 52 73 81 88 89 110 130 135 146 160 189 196 197 224 253 280 315 327 345 349 379 391 393 401 402 419 421 425 440 462 480 485 489 505 510 516 521 546 549 564 568 619 638 651 663 717 766 770 809 816 853 883 900 960 983 
17 27 57 58 79 84 108 114 177 217 240 411 473 474 509 519 563 569 579 659 664 798 801 860 871 881 906 911 914 923 946 959 963 969 
30 46 80 92 117 176 200 205 207 234 255 278 295 357 371 377 384 387 404 434 442 460 466 470 476 492 499 552 570 598 607 637 665 736 744 775 787 794 808 854 859 948 961 
64 75 132 180 198 232 264 266 329 429 502 603 632 689 747 786 800 818 825 840 879 887 896 903 905 935 958 987 
43 76 95 98 102 174 252 292 364 396 399 406 407 431 514 548 593 623 640 650 680 692 714 728 734 869 913 950 953 985 
72 119 144 157 181 192 285 312 313 319 374 451 525 694 696 711 752 765 783 814 837 838 857 897 920 
4 54 61 111 148 151 171 201 279 325 334 532 534 630 642 676 690 730 746 774 778 880 941 949 962 
68 97 122 128 138 145 161 206 220 265 288 335 507 575 583 657 677 715 731 789 821 827 855 917 928 933 940 
13 20 39 44 91 124 126 153 168 202 203 213 218 230 235 260 324 338 420 487 533 536 541 551 589 624 631 661 688 740 754 762 788 832 868 929 974 998 
3 74 199 273 282 308 406 427 446 453 465 483 550 618 658 684 685 776 828 862 902 938 954 975 
94 289 301 314 360 365 382 432 457 493 779 790 805 844 
15 34 83 142 215 275 297 323 342 346 375 418 443 450 484 486 490 527 572 582 634 957 
23 42 67 82 137 175 227 258 286 306 389 391 406 416 428 491 535 539 601 604 612 629 669 691 733 760 795 804 839 882 
