10 64 75 132 158 180 186 232 264 266 329 429 502 603 632 689 747 786 800 818 825 840 843 887 896 903 905 935 958 987 
5 20 24 26 32 45 50 74 78 89 93 110 117 126 127 153 168 188 199 224 225 248 250 253 262 278 282 291 308 337 351 376 378 379 394 403 406 417 426 427 446 453 465 467 482 483 546 550 571 577 611 615 618 624 635 639 643 658 684 685 716 724 741 776 799 816 828 850 862 890 900 902 922 930 938 942 954 967 975 988 
12 34 68 97 122 128 138 145 161 163 183 198 206 220 265 288 335 507 575 583 613 657 677 715 731 763 789 809 821 827 855 917 928 933 940 
6 21 41 133 140 150 179 212 237 254 283 342 343 361 372 395 449 468 469 472 486 497 506 515 529 567 600 628 636 793 833 880 894 912 947 966 996 
100 222 277 297 326 358 408 437 454 463 500 523 562 565 605 610 616 620 652 667 694 708 721 727 732 749 780 781 849 865 866 868 878 908 921 978 
1 3 15 30 46 48 56 69 80 83 106 114 123 125 142 166 176 194 200 207 215 255 275 276 280 287 295 322 323 346 357 363 367 371 375 377 381 396 404 418 440 443 450 466 470 476 484 490 492 499 527 545 552 557 570 572 598 607 634 637 656 665 700 718 744 751 775 787 794 806 808 829 854 859 943 945 948 957 961 
4 17 54 61 99 111 148 151 171 201 223 279 325 334 341 350 412 414 439 532 534 561 580 630 642 676 695 730 746 773 774 778 884 916 941 949 962 
44 72 94 119 144 157 181 192 202 203 218 230 260 285 289 301 312 313 319 324 338 360 365 374 382 432 451 457 485 493 525 536 541 551 589 631 688 696 711 717 752 754 762 765 779 783 788 790 805 814 822 832 837 838 844 857 897 913 920 929 974 998 
8 27 33 57 58 62 79 84 92 108 154 169 177 217 240 244 246 271 296 299 314 317 347 356 409 411 441 452 464 473 474 496 508 509 517 519 542 547 558 563 569 574 579 586 599 608 609 659 662 664 697 706 745 798 801 834 851 860 871 881 892 906 911 914 923 926 946 959 963 969 972 977 
43 76 95 98 102 174 252 292 364 399 407 431 514 548 593 623 640 650 680 692 714 728 734 869 950 953 985 
29 59 91 139 182 226 245 269 340 456 498 503 528 591 595 782 785 791 803 842 856 876 889 898 907 925 989 
22 23 51 67 71 82 104 134 137 155 175 204 209 227 258 286 306 310 373 389 416 428 460 491 535 539 540 587 601 604 612 629 669 672 691 710 733 760 792 795 804 831 839 882 
16 18 28 55 66 96 107 173 193 238 243 259 300 307 384 392 501 520 530 553 556 559 573 585 646 739 750 761 771 815 852 904 934 944 956 
0 36 40 63 90 105 143 156 178 187 211 261 268 330 369 383 397 448 471 477 478 494 513 524 537 592 597 606 626 644 674 675 686 687 738 755 756 784 846 870 964 981 994 
25 35 47 65 85 87 113 116 129 152 159 191 214 231 239 241 249 256 273 274 293 294 305 318 320 331 332 336 362 398 413 422 438 447 479 495 512 522 590 614 621 622 641 645 653 654 683 693 699 701 737 742 748 759 824 830 845 848 877 879 888 909 915 924 968 971 993 
19 81 141 146 160 164 190 298 315 327 353 393 505 511 526 560 578 617 651 655 671 678 707 725 767 817 861 883 936 951 965 973 979 997 
11 37 49 70 86 88 103 112 118 131 136 147 162 165 167 221 242 251 257 303 339 344 348 352 359 366 370 385 387 405 424 434 436 442 458 481 543 555 576 581 582 596 627 649 666 668 670 682 690 704 713 719 723 726 735 743 758 772 796 797 819 823 835 847 858 863 864 873 875 886 901 910 918 919 932 937 986 992 
7 31 38 42 52 53 73 77 101 109 115 121 130 135 149 170 172 184 185 189 195 196 197 205 208 213 216 219 234 236 247 263 267 270 272 281 284 290 304 309 316 321 328 333 354 355 368 380 388 391 400 401 402 410 415 419 423 425 435 444 445 455 461 462 480 488 489 504 510 516 518 531 538 544 549 564 568 584 594 619 625 638 647 660 663 679 681 698 702 705 712 720 722 729 736 757 764 766 768 769 770 777 802 807 810 811 812 813 820 826 853 867 872 874 893 895 899 927 931 939 952 955 960 970 980 982 983 991 995 999 
2 9 13 14 39 60 120 124 210 228 229 233 235 302 311 345 349 386 390 420 421 430 433 459 475 487 521 533 554 566 588 602 633 648 661 673 703 709 740 753 836 841 885 891 976 984 990 
