0 4 25 31 39 42 49 131 149 168 193 226 237 259 272 299 329 404 418 447 456 465 466 488 490 505 594 623 674 688 691 696 728 740 778 802 838 957 
170 172 181 233 267 408 430 528 556 643 721 932 958 
33 76 111 139 188 206 242 248 253 274 291 292 328 360 363 364 378 379 435 445 446 454 460 463 523 570 604 607 649 668 678 741 762 777 848 849 857 873 891 901 937 965 978 995 997 
5 6 13 21 22 23 28 44 53 63 68 78 84 85 86 92 94 105 116 123 132 142 155 165 167 175 177 185 186 187 189 199 229 241 249 252 254 268 271 287 289 309 316 317 318 319 321 337 348 349 365 385 395 396 399 402 406 409 421 426 434 436 438 441 471 498 526 530 532 550 551 563 566 567 572 577 578 582 583 585 596 600 619 628 636 640 647 652 654 661 672 675 684 692 699 711 717 729 730 734 738 747 750 751 761 767 783 806 816 821 830 843 845 851 855 867 876 877 880 881 890 903 904 911 928 935 942 943 964 971 982 983 988 993 998 
104 220 303 326 467 515 539 546 549 595 602 645 666 671 679 683 727 745 863 900 
1 54 61 96 117 118 141 152 159 194 195 239 280 305 308 335 353 370 401 405 414 423 424 443 449 472 489 510 514 525 541 547 552 561 580 591 613 615 617 651 655 662 664 686 698 701 712 719 724 731 737 749 754 776 787 788 817 837 839 852 856 866 868 872 910 917 918 920 927 929 966 968 969 979 981 985 991 999 
15 110 137 200 207 275 279 283 332 344 358 366 368 376 433 476 501 548 569 574 597 610 627 689 735 755 770 886 892 894 914 955 987 992 
48 62 66 81 102 109 115 122 126 143 151 153 154 191 198 261 294 323 393 431 455 475 487 502 512 542 559 575 609 673 685 715 732 758 768 794 795 811 822 841 907 944 949 
7 37 46 64 83 113 127 146 173 210 228 245 246 290 310 342 357 429 450 464 486 521 656 665 697 742 769 781 785 798 804 836 879 959 967 970 984 
24 101 148 216 331 372 416 425 457 482 544 614 618 624 637 739 792 810 829 835 924 938 
2 34 51 59 80 88 89 103 119 140 150 163 176 236 282 306 355 367 374 375 380 383 413 419 427 428 452 477 531 533 537 568 571 599 605 631 638 658 660 690 695 707 708 716 743 764 784 799 824 834 842 853 860 864 869 871 887 915 972 974 994 
17 26 75 112 264 273 278 302 507 518 587 626 632 634 676 705 720 757 773 800 805 840 846 854 908 945 947 
3 27 38 58 77 145 157 166 169 182 212 217 338 341 356 432 479 497 573 584 659 670 703 772 793 807 859 885 897 980 996 
12 55 69 97 121 135 180 277 285 300 327 352 394 415 439 453 483 495 499 508 536 606 612 622 639 646 677 713 714 786 801 803 813 875 941 
20 67 70 138 183 190 218 225 257 263 301 324 334 461 494 516 524 625 827 847 923 946 950 956 973 986 
10 35 192 295 347 386 411 420 448 513 601 611 629 644 791 812 823 882 902 
29 56 73 79 197 211 221 240 247 260 269 304 313 340 346 412 444 451 458 527 529 555 562 653 667 706 710 748 775 819 825 833 870 905 906 926 933 976 
8 98 203 213 214 223 244 266 297 315 325 351 398 470 558 564 642 650 693 702 709 736 753 756 760 779 814 831 862 909 922 963 990 
19 41 91 124 128 258 314 354 359 442 484 500 509 517 535 538 608 682 797 858 899 913 925 939 
9 32 52 99 106 136 160 205 234 293 339 350 369 371 392 506 519 593 603 663 818 865 874 878 883 977 
16 30 74 82 171 231 238 243 265 312 469 491 545 581 586 774 930 
50 93 95 134 161 164 178 179 202 209 219 224 232 250 311 322 387 388 403 417 478 480 492 540 557 576 579 616 694 704 722 726 789 820 826 828 951 
11 60 120 133 162 227 270 281 336 377 384 474 504 511 635 725 746 765 782 790 808 850 893 931 952 953 
14 45 47 65 72 114 130 255 276 362 373 397 422 440 459 468 485 620 621 669 888 896 919 936 
36 90 156 184 201 208 215 262 284 286 288 296 330 343 345 400 407 410 481 553 560 657 680 681 733 752 766 771 832 861 954 961 962 989 
18 125 129 437 648 718 780 809 916 948 
40 108 147 174 196 235 251 307 320 333 389 390 473 522 543 554 565 588 589 590 641 687 759 895 898 912 940 975 
57 87 100 144 204 222 230 256 298 361 381 391 462 493 496 520 534 592 598 630 633 700 723 763 796 815 884 921 934 960 
43 71 107 158 382 503 744 844 889 
