0 37 63 65 66 80 83 85 109 111 121 128 139 150 153 175 189 197 226 242 275 312 332 343 350 351 361 362 380 384 401 434 443 444 449 467 476 483 489 550 563 573 596 612 641 650 657 676 710 730 732 748 766 769 779 788 794 801 836 865 867 872 937 941 944 945 964 972 
31 54 72 86 108 310 395 411 530 572 606 617 651 662 704 705 840 849 936 970 
19 81 93 94 120 169 178 199 216 293 322 356 405 423 543 555 571 664 682 822 841 846 901 930 969 993 
12 25 77 84 137 148 170 171 176 194 198 232 250 276 318 341 355 363 381 383 445 451 471 490 498 499 509 531 541 545 553 561 597 601 628 629 633 656 722 763 767 768 773 803 804 807 814 852 859 889 890 902 909 956 961 975 983 
35 100 166 258 283 314 316 326 329 428 470 485 494 500 614 684 707 741 758 880 886 917 
53 55 92 113 122 124 130 201 218 228 238 239 246 285 294 308 320 325 345 354 379 382 385 386 387 392 415 419 430 438 439 446 457 486 502 503 508 522 540 580 608 616 667 718 719 791 792 805 811 832 848 868 894 912 940 957 963 991 
123 287 290 391 399 442 450 453 562 589 593 623 679 755 782 812 824 844 864 903 932 
43 51 58 102 141 235 333 344 397 426 427 431 432 435 466 472 487 488 525 527 607 609 658 701 712 751 860 861 978 979 980 997 
4 17 56 210 220 247 255 284 422 424 556 618 660 697 714 752 780 784 876 896 924 958 984 
38 45 70 82 125 136 196 260 263 286 292 297 298 302 307 319 327 377 454 468 474 517 529 549 560 590 592 603 615 625 634 637 645 649 678 699 706 733 800 815 845 850 854 856 857 900 935 951 971 985 987 
23 59 62 69 73 87 131 157 159 162 167 168 172 205 223 229 231 274 280 289 305 315 436 441 475 478 493 495 534 552 567 568 578 620 624 647 648 695 709 721 726 728 729 746 750 765 770 775 783 789 808 813 827 855 878 892 899 931 950 976 
3 6 32 36 40 44 61 71 79 103 106 107 110 114 116 151 183 222 227 234 241 248 259 267 272 273 282 317 321 368 375 389 394 402 408 425 447 455 465 477 510 513 520 521 528 533 546 598 635 646 653 671 673 700 717 720 725 727 756 777 790 797 806 809 821 823 828 830 837 842 853 874 897 922 923 929 934 955 982 
5 8 9 27 29 49 50 99 112 117 119 127 152 156 161 188 207 212 215 217 224 225 245 257 265 288 348 353 365 378 406 407 409 421 459 462 464 473 481 484 501 507 514 516 526 536 539 570 583 587 594 595 600 604 626 655 665 670 681 735 739 747 749 753 786 793 819 862 869 871 882 888 895 898 915 920 925 939 946 949 965 981 
1 11 24 28 30 34 41 47 88 91 104 126 140 142 165 177 180 213 253 261 262 264 270 271 303 309 335 340 347 352 366 370 371 403 404 412 418 433 458 479 496 497 504 518 537 548 559 577 579 605 611 621 638 642 643 654 677 702 716 723 734 736 743 745 761 778 787 825 831 835 847 851 863 873 883 884 893 908 913 928 938 943 962 966 992 994 998 999 
18 96 118 144 158 182 221 296 369 374 456 564 672 698 708 757 762 798 820 829 839 866 904 919 947 952 996 
13 16 39 42 46 67 98 105 115 135 143 154 181 186 195 206 233 237 251 266 277 279 299 311 334 338 339 342 349 357 359 372 373 390 416 417 460 469 542 551 575 582 659 661 663 674 680 683 686 688 694 696 703 715 731 742 754 796 817 833 838 877 881 905 959 973 986 988 990 
74 138 149 155 160 187 190 208 219 230 252 268 291 295 304 313 337 367 388 393 429 437 463 480 492 512 566 569 586 588 652 675 690 691 744 759 764 772 785 858 906 910 918 933 968 
15 89 129 134 200 203 236 243 269 300 306 331 482 519 538 581 619 639 711 713 875 911 942 989 
2 10 22 48 52 57 64 68 78 95 101 132 145 173 179 184 185 204 209 214 240 244 254 323 324 328 330 358 360 364 398 420 452 461 505 523 535 554 557 558 565 574 584 591 599 613 622 630 631 644 668 693 724 738 760 795 816 826 870 914 921 926 954 960 967 977 995 
14 20 26 33 60 147 164 191 192 193 211 301 346 506 532 547 610 627 636 666 669 685 740 771 774 802 810 818 885 927 
7 21 97 146 202 281 396 400 413 491 511 576 602 632 687 689 692 776 843 879 948 974 
75 76 90 133 163 174 249 256 278 336 376 410 414 440 448 515 524 544 585 640 737 781 799 834 887 891 907 916 953 
