1 72 188 192 196 215 247 295 302 343 364 374 398 411 419 474 493 495 529 559 600 601 624 647 676 687 694 714 730 750 795 823 832 878 887 915 951 990 
0 7 17 19 38 42 47 97 102 126 132 140 147 163 186 211 224 276 306 315 352 370 403 423 447 454 520 532 570 614 666 673 697 721 737 744 748 760 779 799 801 809 811 863 868 886 900 933 959 
20 73 94 156 181 222 308 330 357 380 387 470 477 484 508 517 582 631 700 755 793 884 897 922 928 953 
4 21 23 59 104 106 116 158 212 216 258 297 301 341 360 381 410 416 464 480 511 545 548 573 578 620 632 652 695 745 759 764 775 800 814 836 843 857 892 903 908 914 975 981 
33 112 182 191 253 254 264 371 392 460 513 525 567 569 584 628 644 655 698 717 723 735 754 807 808 844 874 957 
66 99 105 121 124 128 136 150 167 201 228 245 289 331 333 362 417 427 459 475 523 671 677 709 756 829 831 854 880 958 
40 52 56 68 83 164 172 173 175 250 270 277 321 347 353 379 407 409 440 461 527 549 572 576 580 594 604 623 651 665 712 766 772 818 827 858 889 964 
36 53 95 117 127 176 177 218 234 265 294 373 425 443 539 557 596 609 634 642 646 672 701 702 720 774 782 806 810 821 840 906 942 954 962 963 
5 22 24 34 37 51 55 67 134 168 178 183 200 210 219 220 221 225 233 235 239 275 296 307 314 317 344 349 358 365 400 401 406 422 430 445 471 509 535 581 590 592 621 627 637 649 654 686 690 726 729 736 751 777 778 787 819 834 835 856 881 891 899 925 929 955 976 
85 86 93 96 123 157 273 313 327 359 414 485 506 516 531 583 597 599 669 691 728 734 792 803 859 871 898 952 969 983 
9 44 49 79 139 174 249 316 320 361 405 448 473 554 622 657 661 765 770 786 853 888 
43 80 107 114 143 159 251 268 290 413 524 530 566 577 629 706 773 846 883 893 916 919 930 946 
3 15 26 57 81 169 184 238 246 261 263 278 282 284 336 342 383 389 397 442 467 472 498 528 552 561 585 586 589 605 636 643 648 650 659 674 675 716 722 738 742 768 783 784 788 802 813 825 879 885 913 937 968 971 982 985 994 
77 84 111 142 144 148 171 189 197 208 226 237 274 279 435 439 444 451 500 503 510 512 551 587 591 618 656 692 776 797 822 851 905 907 911 923 945 992 
11 14 28 63 65 87 115 122 125 146 155 166 213 223 227 232 236 241 257 280 299 304 311 325 340 356 376 408 418 420 449 489 522 526 533 543 579 588 598 626 635 680 682 703 711 718 727 741 757 785 805 839 842 845 866 875 909 920 921 967 970 972 
8 10 27 32 45 61 70 78 91 108 120 141 160 190 203 229 244 269 272 285 303 322 323 328 354 355 368 369 395 415 431 446 478 497 505 518 521 541 574 606 612 625 633 658 662 663 683 704 719 758 763 780 796 815 820 828 850 862 869 872 873 896 931 938 943 947 950 973 977 988 999 
60 75 130 154 170 180 242 256 291 305 318 326 391 399 434 455 487 496 502 546 563 564 603 713 761 762 910 960 961 986 991 
16 29 30 64 133 135 193 199 266 271 286 312 337 366 367 386 388 396 432 476 514 540 560 575 593 602 616 681 708 725 747 752 767 817 826 867 876 924 934 995 
6 54 58 90 98 118 119 131 137 138 145 153 179 185 205 206 214 217 230 240 262 288 310 335 345 351 375 377 385 394 412 428 436 438 456 468 491 492 542 547 568 595 611 696 707 771 781 816 830 849 894 902 904 918 941 978 
18 46 69 74 76 100 109 129 149 187 298 319 329 332 452 453 462 481 537 562 565 615 638 688 689 743 749 769 791 861 870 926 927 935 
25 39 48 62 89 162 195 202 204 207 309 338 363 378 429 433 437 463 469 490 494 536 544 550 640 645 660 710 715 724 740 753 790 794 833 838 852 860 966 987 996 997 
12 13 50 82 113 255 259 260 283 293 300 324 402 479 504 558 571 608 619 630 668 679 699 739 746 864 890 895 932 936 944 948 989 993 
194 209 231 348 457 458 486 488 501 538 553 556 607 610 641 670 705 789 837 847 877 882 901 949 
2 71 161 243 248 267 334 346 384 390 421 426 441 466 482 499 507 519 534 613 653 678 684 685 693 732 798 804 824 841 848 855 940 956 965 974 984 998 
31 35 41 88 92 101 103 110 151 152 165 198 252 281 287 292 339 350 372 382 393 404 424 450 465 483 515 555 617 639 664 667 731 733 812 865 912 917 939 979 980 
