6 20 39 53 59 71 79 82 89 90 94 103 116 134 135 155 156 157 163 170 172 173 177 178 180 181 184 189 192 197 206 210 212 213 215 218 220 228 232 234 236 245 246 248 254 259 262 270 279 290 292 308 314 320 322 326 329 331 332 346 347 352 355 358 365 369 370 371 372 386 387 411 423 430 438 442 448 451 459 464 466 470 472 476 480 485 495 498 507 513 514 533 539 541 544 545 565 566 569 570 574 577 585 609 631 634 640 642 648 650 652 662 663 668 674 683 687 693 697 703 708 711 718 719 725 726 742 743 749 751 759 761 767 773 785 788 790 793 805 808 816 831 839 845 854 857 862 880 883 889 900 904 907 909 919 921 931 942 946 957 961 967 970 977 978 991 993 994 995 999 
5 7 14 23 26 28 33 34 47 49 50 60 61 63 69 80 81 85 88 95 109 110 115 123 138 146 151 159 167 169 175 191 204 219 224 225 227 237 238 243 244 247 249 255 263 267 271 275 281 303 309 311 312 313 319 325 338 374 384 385 396 397 404 410 428 431 432 433 446 453 456 475 477 482 487 488 496 497 501 504 509 519 520 528 530 536 550 554 557 561 573 587 588 593 600 607 615 620 625 629 630 632 636 638 641 647 660 670 671 691 699 700 702 707 730 740 750 754 755 757 758 760 768 771 777 786 787 800 855 867 873 874 879 881 896 903 908 916 917 926 927 932 934 936 938 941 944 947 950 954 956 963 973 975 980 987 998 
1 18 37 40 42 51 52 55 62 78 92 96 98 107 108 119 133 145 148 149 160 164 165 176 199 200 202 207 208 229 231 233 240 274 276 282 283 286 296 298 304 307 310 339 343 356 361 382 383 403 412 417 418 449 450 455 458 460 465 474 478 486 489 491 494 502 517 521 522 529 531 547 548 563 567 568 572 590 604 608 610 611 643 649 651 659 676 686 692 696 706 736 746 764 770 774 776 783 818 821 828 834 837 844 846 850 856 859 865 876 882 884 899 902 915 930 937 940 945 953 958 959 960 962 965 966 984 988 989 992 
13 16 25 29 31 66 70 75 77 83 84 86 97 100 101 120 125 130 139 143 147 174 186 196 198 214 221 257 277 293 301 305 317 328 342 345 359 368 390 407 409 434 457 461 468 469 473 490 493 503 515 516 526 534 535 551 552 579 592 595 597 598 613 623 626 628 633 639 654 665 675 705 713 714 721 762 765 769 779 796 797 810 813 826 838 849 875 890 928 933 949 955 976 982 
8 15 21 45 54 64 117 140 182 183 203 217 252 261 273 278 284 285 294 334 335 349 350 351 376 381 388 394 402 408 452 471 479 484 499 511 512 523 540 549 555 559 560 576 582 586 596 646 653 656 667 672 682 684 715 723 744 747 775 778 830 840 841 852 870 886 891 901 922 925 935 939 943 952 969 974 990 
3 24 32 48 65 76 87 93 126 137 153 154 166 193 226 239 253 291 299 306 324 327 378 379 391 399 400 429 435 447 481 506 527 575 578 580 591 601 614 616 669 678 688 722 732 735 739 748 791 795 798 799 803 829 832 836 906 912 914 923 964 968 971 981 985 996 997 
12 19 27 30 44 57 72 104 105 111 114 122 124 127 136 150 250 256 268 269 272 280 288 302 318 348 353 375 393 395 413 419 422 426 441 444 454 556 562 584 637 657 666 677 695 712 728 752 753 781 792 801 807 809 815 858 869 878 887 888 913 918 929 
2 9 41 56 67 68 99 142 158 205 235 251 264 266 287 297 323 341 354 360 392 414 420 427 439 467 483 525 553 564 617 618 619 622 635 655 681 690 701 727 729 734 738 745 780 802 811 812 827 835 842 853 877 885 894 898 924 948 979 983 
10 17 46 91 102 106 118 121 132 141 195 201 211 216 258 295 340 362 363 373 380 389 405 416 436 440 524 537 543 558 589 645 661 673 704 716 731 733 737 741 772 817 819 820 822 833 843 861 863 866 871 893 911 920 
4 35 36 74 128 152 162 171 190 241 289 330 337 364 366 377 398 401 424 437 462 508 518 538 542 581 594 606 612 621 680 698 724 766 782 789 794 804 814 824 860 
0 58 112 113 129 144 161 179 188 194 222 230 321 333 336 344 357 406 415 445 532 583 603 627 644 694 709 720 806 823 848 897 910 
22 43 131 185 223 242 260 300 316 421 425 463 492 500 546 571 599 602 624 664 679 689 763 825 847 864 868 895 905 951 972 986 
11 38 73 168 187 209 265 315 367 443 505 510 605 658 685 710 717 756 784 851 872 892 
