33 35 38 47 52 65 73 74 78 87 89 96 116 129 130 135 152 153 159 168 196 199 214 219 224 249 250 273 280 281 282 293 305 307 308 320 332 336 345 349 351 378 379 388 391 401 402 403 417 419 422 425 427 433 438 440 446 447 453 461 462 480 483 489 495 516 549 550 564 571 584 618 619 622 638 641 653 658 663 684 685 693 724 737 742 748 766 770 776 807 810 811 816 828 848 853 867 877 879 900 902 924 938 954 955 960 968 975 983 993 
11 49 70 77 86 88 103 112 131 147 162 165 167 221 242 251 257 303 339 344 348 352 359 366 405 413 424 436 458 543 555 581 596 627 649 666 670 682 704 713 719 723 726 735 743 758 772 796 797 819 823 835 847 858 863 864 873 875 886 901 910 918 919 932 937 986 992 
8 22 23 51 104 125 134 154 155 169 172 175 197 204 244 246 258 271 296 299 310 317 356 373 409 441 452 464 496 508 517 542 547 558 586 587 599 608 609 662 672 697 705 706 710 745 792 795 829 831 834 851 892 926 972 977 
1 3 15 20 48 56 69 83 99 106 114 123 142 166 170 276 287 316 322 323 333 346 375 381 443 450 459 465 484 518 527 545 546 557 572 634 652 673 700 718 751 806 812 862 943 945 957 
19 53 71 81 141 146 160 164 190 298 315 327 353 368 393 505 511 526 560 568 574 578 580 617 651 655 671 678 707 725 767 817 841 861 883 936 951 965 973 979 997 
0 40 63 90 105 143 156 187 211 261 268 330 369 385 397 448 471 477 478 481 494 524 537 592 606 626 644 668 674 675 686 687 738 755 784 846 870 964 981 994 
30 46 80 92 117 176 200 205 207 255 278 295 357 371 377 387 404 434 442 460 466 476 492 499 552 570 598 607 637 665 736 744 775 787 794 808 854 859 948 961 
44 94 202 203 218 230 260 289 301 314 324 338 360 365 382 432 457 485 493 536 541 551 589 631 688 717 754 762 779 788 790 805 822 832 844 913 929 974 998 
2 14 36 39 64 118 124 178 186 213 220 235 311 347 370 376 390 396 406 415 420 423 490 513 533 582 594 597 602 624 661 679 740 753 780 836 843 939 
9 60 62 120 195 210 228 229 233 284 302 326 363 386 421 430 475 487 488 502 554 566 588 590 633 648 698 703 709 768 813 818 826 885 891 976 984 990 
21 41 133 140 150 179 212 237 254 283 342 343 350 361 372 395 449 468 469 472 486 497 506 515 529 567 600 628 636 793 833 880 894 912 947 966 996 
5 24 26 32 45 50 93 126 127 188 225 248 253 262 291 337 394 426 467 482 577 611 615 635 639 643 716 741 799 850 890 922 930 942 967 988 
25 85 191 231 239 241 256 274 294 318 331 362 380 383 398 479 512 521 522 540 614 621 645 654 683 699 701 759 824 830 845 888 909 915 971 
16 18 28 55 66 107 173 193 238 243 247 259 300 304 384 392 501 520 530 553 556 559 573 585 646 739 750 761 771 815 852 904 934 944 956 
17 57 58 79 84 108 110 136 177 217 240 411 473 474 509 519 563 569 579 659 664 798 801 860 871 881 906 911 914 923 946 959 963 969 
12 34 68 97 122 128 138 145 161 163 183 198 206 265 288 335 507 575 583 613 657 677 715 731 763 789 809 821 827 855 917 928 933 940 
100 222 277 297 358 408 437 454 463 500 523 562 565 605 610 616 620 667 694 708 721 727 732 749 781 849 865 866 868 878 908 921 978 
42 67 82 137 194 209 215 227 275 286 306 389 416 418 428 491 535 539 601 604 612 629 656 669 691 733 760 804 839 882 
6 37 149 185 208 216 234 236 267 309 328 355 367 400 410 504 538 660 681 702 720 777 893 895 899 931 952 980 982 999 
29 59 91 139 182 226 245 263 269 340 456 498 503 528 576 591 595 782 785 791 803 842 856 876 889 898 907 925 989 
43 76 95 98 102 174 189 252 292 364 399 407 431 510 514 548 593 623 640 650 680 692 714 728 734 869 950 953 985 
7 31 101 109 113 115 121 270 272 354 435 444 455 544 625 647 712 722 729 769 820 872 874 927 970 991 995 
4 54 61 111 148 151 171 201 223 279 325 334 470 532 534 630 642 676 690 730 746 774 778 941 949 962 
10 75 132 158 180 232 264 266 329 429 603 632 689 747 786 800 825 840 887 896 903 905 935 958 987 
72 119 144 157 181 192 285 312 313 319 374 451 525 696 711 752 765 783 814 837 838 857 897 920 
13 27 184 290 321 341 412 414 439 445 531 561 695 756 757 764 773 802 884 916 
