1 123 152 159 195 280 305 308 353 370 405 423 424 449 472 510 525 552 585 615 617 651 664 698 712 719 737 749 776 787 837 839 845 872 910 918 920 927 966 969 979 985 991 999 
24 25 101 148 216 331 372 416 425 457 482 544 614 624 637 739 792 810 829 835 924 938 
17 26 29 75 84 117 118 132 264 271 273 278 302 507 518 587 626 632 634 652 676 705 720 757 773 800 805 840 846 854 904 908 945 947 
36 90 156 184 201 208 215 262 284 286 288 296 330 343 345 400 407 410 481 553 560 639 643 657 680 681 733 752 766 771 832 861 954 961 962 989 
6 12 22 28 55 63 69 94 97 105 121 135 175 180 199 252 268 277 285 287 300 317 319 327 337 352 365 380 394 399 415 439 441 450 453 483 495 498 499 501 506 508 526 530 532 536 572 596 600 606 612 619 622 640 646 661 677 692 699 713 714 750 786 801 803 806 813 830 855 875 877 890 903 941 993 
5 7 19 21 41 46 64 83 91 113 116 124 127 128 143 146 167 173 210 245 246 249 258 290 310 314 318 342 348 349 354 359 385 406 421 429 436 442 464 484 486 500 509 517 521 535 538 551 563 567 577 608 628 665 672 682 697 742 747 761 769 781 785 797 798 804 836 858 867 879 899 913 925 935 939 959 967 970 983 984 
57 87 144 204 222 230 256 298 361 381 391 462 493 496 520 534 592 598 630 633 700 723 763 796 815 884 921 934 960 
33 76 111 139 188 206 242 248 253 274 291 292 328 360 363 364 378 379 435 445 454 460 523 570 604 607 649 668 678 741 754 762 777 848 849 857 873 891 901 937 965 978 995 997 
0 4 31 39 104 131 149 168 170 172 181 193 220 226 228 233 237 259 267 272 299 303 326 329 404 408 418 430 447 456 463 465 466 467 488 489 490 505 515 539 546 549 556 578 594 595 602 623 645 656 666 671 674 679 683 688 691 696 721 727 728 740 745 778 802 838 863 871 900 932 957 958 
9 32 38 40 52 99 106 108 136 147 160 174 196 205 234 235 251 293 307 320 333 339 350 369 371 389 390 392 473 519 522 543 554 565 588 589 590 593 603 618 641 663 687 759 818 865 874 878 883 892 895 898 912 940 975 977 
2 37 50 88 93 95 103 119 134 140 161 164 176 178 179 202 209 219 224 232 236 250 306 311 322 355 374 375 383 387 388 403 413 417 428 452 477 478 480 492 528 531 533 537 540 557 576 579 616 638 658 660 694 695 704 707 708 716 722 726 743 784 789 820 826 828 834 860 864 869 887 915 951 974 994 
3 27 58 77 112 145 157 166 169 182 212 217 338 341 356 432 479 497 573 584 659 670 703 772 793 807 859 885 897 980 996 
14 45 47 48 62 65 66 72 81 102 109 114 115 122 126 130 151 153 154 191 198 254 255 261 276 294 323 362 373 393 397 422 431 440 455 459 468 475 476 485 487 502 512 542 559 575 609 620 621 669 673 685 715 732 758 768 794 795 811 822 841 888 896 907 919 936 944 949 
11 60 120 133 162 227 270 281 336 377 384 474 504 511 635 725 729 746 765 782 790 808 850 893 931 952 953 
13 23 53 86 92 142 177 186 189 241 321 402 409 434 438 550 566 583 647 654 675 684 711 717 734 767 816 911 928 942 964 971 982 998 
10 16 18 30 35 42 43 71 74 82 100 107 125 129 141 158 165 171 192 231 238 243 265 295 309 312 347 357 382 386 411 420 437 448 469 491 503 513 545 581 586 601 611 629 644 648 718 744 774 780 791 809 812 821 823 844 882 889 902 916 917 930 948 
34 51 59 80 89 150 282 367 419 427 568 571 599 605 631 690 764 799 824 842 853 972 
44 49 61 68 78 85 155 185 187 289 316 395 426 471 582 636 730 751 783 843 851 876 880 881 943 988 
20 67 70 138 183 190 218 225 257 263 301 324 334 446 461 494 516 524 625 738 827 847 923 946 950 956 973 986 
56 73 79 197 211 221 240 247 260 269 304 313 340 346 412 444 451 458 527 529 555 562 653 667 706 710 748 775 819 825 833 870 905 906 926 933 976 
8 54 96 98 163 194 203 213 214 223 229 239 244 266 297 315 325 335 351 396 398 401 414 443 470 514 541 547 558 561 564 580 591 613 642 650 655 662 686 693 701 702 709 724 731 736 753 756 760 779 788 814 817 831 852 856 862 866 868 909 922 929 963 968 981 990 
15 110 137 200 207 275 279 283 332 344 358 366 368 376 433 548 569 574 597 610 627 689 735 755 770 886 894 914 955 987 992 
