17 53 56 77 81 107 183 198 202 228 243 285 286 304 334 491 497 541 547 609 700 722 725 726 828 875 880 960 962 986 991 
24 87 91 92 117 135 188 211 217 270 271 345 352 358 365 366 408 464 470 545 552 568 601 624 654 675 707 724 728 777 786 834 911 926 995 
11 21 22 41 71 238 254 281 323 360 384 412 416 424 535 542 598 684 706 822 824 854 925 
30 73 120 137 142 158 170 176 177 268 331 337 374 413 465 520 529 549 550 612 695 780 795 799 814 872 957 
15 16 37 45 50 76 90 101 127 131 144 152 193 223 227 263 264 313 335 419 423 455 467 469 472 479 507 517 556 563 567 580 588 604 615 641 643 648 650 677 723 730 756 776 791 811 889 893 908 914 931 934 942 955 959 977 
10 12 39 80 86 119 203 220 267 275 299 301 317 348 389 400 411 414 437 445 446 447 457 474 489 524 565 662 679 711 735 752 767 779 790 806 809 851 857 871 877 896 936 976 982 
28 29 40 44 54 58 82 89 102 118 122 149 150 157 159 165 171 205 208 215 240 249 255 260 262 272 273 283 329 344 346 351 375 382 394 397 435 442 461 475 477 487 498 508 528 546 551 560 578 602 617 635 647 674 681 697 715 734 762 770 771 794 796 800 835 847 849 859 862 885 892 894 912 954 964 971 981 
49 67 93 95 104 134 196 224 225 305 311 330 350 410 426 506 530 557 562 605 633 655 669 699 712 817 818 820 823 829 860 887 967 979 
69 72 141 161 179 182 192 204 234 236 288 406 441 443 511 555 592 619 631 640 737 782 803 831 855 868 870 899 903 938 946 963 989 993 
42 43 47 70 74 114 121 139 189 230 231 245 253 320 356 383 395 399 427 431 433 450 452 485 486 490 519 531 553 579 584 610 653 686 693 719 736 793 863 874 910 974 
51 88 98 99 222 229 259 341 372 418 453 522 573 583 642 651 657 760 797 810 869 
4 9 14 78 103 126 145 154 167 173 178 180 207 212 284 307 310 312 318 319 324 359 362 367 369 377 379 392 429 438 449 456 478 500 501 503 527 538 559 593 597 603 622 636 644 649 685 689 691 694 698 713 716 731 740 748 750 768 788 804 821 842 858 865 867 879 900 927 930 940 943 945 947 948 950 965 968 992 999 
6 75 105 109 130 164 172 251 293 298 303 347 355 398 402 405 417 468 488 526 532 574 607 621 627 658 667 745 755 773 838 861 886 918 941 951 973 990 
1 8 19 46 60 116 132 136 140 156 174 197 210 213 218 256 258 280 291 300 302 332 361 378 393 409 425 484 518 570 572 600 656 729 744 787 808 841 853 873 890 902 924 953 
25 26 27 33 61 128 133 186 194 199 214 221 226 244 274 295 296 308 316 328 353 354 357 368 370 386 387 432 439 459 471 492 493 548 564 581 586 590 599 623 629 632 634 638 680 708 714 727 738 772 785 798 825 826 848 856 882 898 905 906 913 917 923 929 932 933 939 944 969 983 987 994 996 997 
2 3 5 13 52 65 113 143 160 168 181 242 250 287 294 327 339 404 454 476 515 521 533 540 585 587 625 665 676 678 683 688 703 761 764 775 801 815 816 819 830 840 901 919 985 
32 34 35 36 48 100 106 153 163 166 169 184 237 247 278 279 282 315 321 390 407 420 462 466 544 620 630 672 718 739 741 751 754 769 774 802 813 836 937 975 
7 85 110 112 115 138 162 187 191 200 206 209 325 363 376 391 396 401 428 434 451 523 558 566 576 594 595 596 616 645 704 717 742 765 839 866 883 895 897 909 921 961 980 
57 79 111 123 175 185 190 241 248 290 297 314 388 421 448 496 499 505 543 577 608 626 637 639 660 692 732 757 759 807 832 881 884 891 916 956 984 998 
38 62 64 96 97 125 148 216 219 235 239 289 415 436 480 494 502 509 510 516 534 561 589 663 666 673 682 746 758 827 864 907 920 922 928 966 978 988 
20 55 63 84 195 338 364 373 381 422 444 458 473 482 513 582 611 664 720 721 733 749 778 845 904 952 970 972 
31 68 108 155 233 246 277 292 322 326 342 371 380 495 512 525 537 569 652 659 670 671 701 709 781 783 792 805 846 915 935 
0 23 59 124 129 201 257 333 343 403 460 539 591 613 614 618 687 690 766 784 833 837 844 888 
66 83 146 147 151 252 265 269 276 306 349 385 440 463 483 504 536 571 575 606 646 661 702 710 747 812 852 878 949 958 
18 94 232 261 266 309 336 340 430 481 514 554 628 668 696 705 743 753 763 789 843 850 876 
