3 5 7 8 9 28 29 35 36 38 50 55 62 78 81 100 111 116 117 120 146 148 150 160 161 167 170 207 211 229 231 233 236 249 271 272 274 277 282 288 298 305 311 320 324 331 344 355 357 383 384 393 403 418 432 433 457 465 466 471 485 490 492 496 511 521 528 531 532 538 542 544 545 550 552 553 561 563 568 569 595 597 614 617 618 619 624 638 639 646 672 676 686 691 692 694 718 721 726 743 744 773 784 791 794 796 798 801 823 843 854 858 860 862 863 865 866 890 892 899 901 904 905 914 929 932 935 948 950 952 966 976 978 981 990 993 999 
0 2 4 6 12 15 51 53 54 82 83 86 91 109 112 114 122 127 138 140 145 157 173 183 187 196 234 246 258 261 267 270 278 291 293 295 299 306 307 314 332 335 343 370 375 379 382 399 402 412 419 421 428 429 431 435 436 442 450 451 468 479 480 494 514 516 519 520 534 537 551 554 576 580 581 608 611 612 623 626 630 631 635 655 675 689 699 717 733 737 746 750 761 776 783 795 803 806 808 811 818 819 826 834 838 841 842 846 849 852 853 868 878 882 884 885 887 898 902 903 916 934 936 939 940 961 973 987 994 996 997 
23 32 41 59 68 69 70 90 92 94 99 103 108 113 124 128 143 144 149 152 155 156 174 175 177 195 215 217 218 223 238 240 245 247 266 281 284 302 308 345 362 365 376 391 405 411 417 424 439 463 467 472 473 478 486 508 512 523 525 526 527 529 536 541 547 548 558 559 571 572 574 593 596 605 621 642 657 659 664 666 678 682 702 719 728 754 760 767 774 785 805 814 833 837 839 845 847 867 873 880 895 897 906 921 938 944 949 951 954 979 982 983 988 992 995 
11 26 34 45 48 58 60 63 71 74 87 98 101 110 123 125 131 142 159 163 168 184 186 194 203 214 221 222 230 242 254 259 280 296 309 312 330 334 353 386 388 397 407 408 410 416 427 430 434 438 440 449 452 456 460 470 477 488 497 499 507 510 513 540 546 565 575 585 589 599 604 610 625 627 628 632 645 653 677 683 722 749 757 763 809 817 831 855 856 859 864 872 879 889 923 928 945 953 955 970 975 
10 17 20 22 52 64 67 75 76 79 85 104 115 126 135 153 158 201 208 210 273 322 337 338 342 346 354 359 363 368 394 446 454 459 500 509 522 530 555 560 573 582 587 606 609 620 644 654 661 690 693 708 734 741 752 753 762 772 786 792 793 810 812 816 828 848 870 877 881 915 919 931 942 959 960 965 967 968 980 985 
21 27 30 33 47 61 102 132 137 139 141 154 166 172 202 220 227 241 250 253 255 257 264 285 316 319 325 328 329 349 360 369 387 398 400 406 423 437 444 475 481 483 515 518 524 535 567 577 583 586 588 592 603 647 650 667 668 669 670 673 684 703 709 715 735 740 747 765 778 780 781 840 875 886 917 925 943 969 977 
1 14 19 24 25 37 43 118 119 121 136 147 162 189 197 199 200 204 224 244 260 287 297 300 304 310 317 321 395 409 414 422 426 504 543 557 562 570 591 601 616 648 658 679 680 681 696 705 706 729 759 782 802 829 871 876 888 891 896 900 908 912 913 920 930 946 956 962 963 991 
39 40 42 93 95 133 171 181 192 205 226 228 265 269 283 303 333 340 341 350 371 374 381 448 458 502 517 556 564 566 584 594 600 613 633 634 637 651 652 688 711 716 723 727 739 788 789 797 800 813 830 835 857 893 911 922 947 974 984 
46 49 56 72 80 88 105 151 165 179 188 193 198 216 219 225 239 256 276 290 301 313 336 348 358 367 372 377 396 413 425 493 498 578 598 640 643 660 697 698 700 704 710 712 714 730 742 745 755 771 777 799 804 822 836 851 874 894 
129 130 180 191 252 275 356 378 404 415 441 453 462 491 539 579 687 731 738 758 764 768 790 815 820 832 844 927 941 957 958 971 989 
16 31 44 164 176 190 212 318 326 327 339 347 351 352 373 389 401 489 495 663 713 748 751 756 769 770 787 825 910 926 964 972 
13 65 73 106 169 178 185 232 237 268 286 292 361 380 420 455 484 501 505 615 656 665 674 695 883 909 918 937 986 998 
18 57 97 134 209 243 248 315 323 366 385 443 445 461 464 469 476 487 549 602 649 671 701 725 766 807 
84 89 96 213 251 262 263 289 474 482 503 506 533 607 629 641 662 720 732 775 779 821 850 861 869 933 
66 77 107 182 206 235 279 294 364 390 392 447 590 622 636 685 707 724 736 824 827 907 924 
