6 24 80 105 116 243 266 273 288 291 301 305 318 395 402 448 495 552 562 596 605 623 663 712 829 862 901 
31 67 81 133 196 213 269 275 297 327 357 394 456 457 531 577 580 634 679 703 705 706 833 849 858 923 924 
42 72 160 203 222 344 352 360 396 403 439 442 468 496 503 570 616 619 632 646 657 735 741 746 750 755 787 793 856 865 873 878 908 953 975 
12 37 63 76 177 191 192 205 278 290 328 337 341 429 433 444 450 536 572 600 614 641 669 678 698 702 719 775 821 832 860 885 888 909 931 965 968 990 
4 10 28 33 34 35 41 64 70 100 108 109 115 138 157 165 168 187 189 216 219 225 261 334 342 343 367 384 426 440 451 455 461 473 478 505 516 517 522 525 567 587 607 615 622 642 645 681 699 737 738 739 743 769 790 817 820 824 839 846 875 891 896 912 936 939 952 996 997 
18 45 58 85 101 110 142 156 171 172 207 231 235 241 245 254 460 509 514 529 564 635 639 655 667 675 680 761 776 781 792 813 842 889 938 948 979 982 995 
21 23 50 51 77 98 99 121 129 166 174 299 312 351 353 355 385 405 406 434 445 507 535 566 584 594 611 661 692 744 789 798 825 852 872 895 919 942 959 960 967 970 980 985 
48 53 60 66 87 125 136 181 214 221 359 430 490 549 563 579 583 618 647 704 807 822 884 913 
25 47 56 169 185 198 212 232 237 281 289 308 348 386 438 504 550 565 598 633 640 671 687 694 708 751 760 765 770 773 774 778 826 827 851 892 898 900 905 911 920 930 956 962 963 991 
22 40 57 65 91 112 223 258 369 400 412 463 515 574 676 697 727 808 
26 93 175 209 286 377 401 413 421 446 471 500 534 557 601 602 626 644 716 718 749 816 835 843 853 866 933 949 
43 78 95 97 134 137 152 158 167 184 230 257 262 333 350 363 416 419 436 488 527 629 736 772 784 844 854 857 864 899 910 921 944 954 983 988 992 
0 27 36 39 49 73 82 90 96 122 135 161 178 206 208 220 227 259 271 285 287 309 315 339 389 404 409 432 466 470 485 528 537 539 555 608 624 627 677 682 707 711 722 728 752 756 796 803 811 812 890 903 951 
114 119 164 195 200 226 228 314 358 482 497 510 526 546 558 575 591 592 643 700 715 902 
86 148 240 306 330 347 378 388 424 480 543 559 573 649 685 713 729 734 797 836 871 894 
29 54 59 159 180 194 204 233 248 263 302 313 326 356 370 379 486 512 568 585 593 628 637 662 674 710 757 780 786 834 882 887 922 974 984 
1 38 52 71 126 155 199 224 311 325 336 368 380 459 483 493 519 530 609 636 656 673 721 726 730 745 779 868 893 947 
8 88 123 146 154 201 249 382 383 420 447 476 499 538 540 672 683 701 709 733 823 859 874 917 
3 9 11 15 17 20 44 61 74 94 131 143 144 147 162 173 193 210 211 215 238 246 250 267 270 274 283 293 294 296 303 321 331 332 354 373 387 392 397 399 415 423 481 489 491 502 523 524 554 569 571 582 599 606 617 653 688 689 696 732 748 762 766 767 777 791 855 863 877 881 929 932 935 946 950 966 978 999 
103 113 145 153 176 188 268 298 307 345 425 431 467 492 498 506 533 551 638 665 693 740 754 768 771 785 841 867 883 897 928 945 955 
2 5 7 14 30 69 84 92 106 111 118 128 139 163 182 183 190 197 218 234 242 251 252 265 277 280 282 317 319 340 362 372 390 427 428 449 465 474 475 518 547 548 576 586 630 668 686 714 723 731 758 763 799 801 802 806 818 828 830 848 850 879 914 915 976 981 
19 55 102 117 130 179 244 264 279 292 335 381 393 407 437 441 462 479 501 595 610 612 659 725 742 753 782 783 794 805 831 837 876 927 941 957 958 971 989 
89 104 107 186 217 276 284 338 346 398 453 472 513 520 532 544 545 664 670 684 690 691 720 759 795 810 814 819 845 861 870 925 943 969 977 993 
32 79 83 141 151 236 247 272 295 322 329 366 371 376 391 414 443 454 542 561 588 589 621 625 648 650 652 660 724 764 809 916 926 964 972 
13 16 46 68 75 124 127 150 170 202 229 239 255 256 260 304 310 316 323 361 374 375 408 410 417 418 422 458 484 511 521 553 590 597 603 604 613 620 631 651 654 658 666 695 800 815 838 886 904 906 934 940 961 973 987 994 
62 120 132 140 149 253 300 320 324 349 364 365 411 435 452 464 469 477 487 494 508 541 556 560 578 581 717 747 788 804 840 847 869 880 907 918 937 986 998 
