0 1 2 4 5 7 8 10 13 18 19 22 30 31 32 33 40 53 56 70 76 84 89 94 99 104 109 111 123 130 136 143 150 152 154 155 158 167 169 179 184 197 198 200 201 207 208 215 217 218 221 224 227 228 231 244 253 257 259 260 278 284 292 297 319 321 325 326 328 333 337 338 349 350 351 352 354 357 366 374 375 382 384 387 395 396 397 398 400 403 409 418 426 429 433 437 443 449 457 465 467 474 475 491 493 494 496 498 501 504 505 509 516 519 520 526 531 537 543 545 550 556 565 577 578 589 594 597 607 621 623 627 631 645 648 649 661 666 669 675 683 691 703 711 712 718 719 731 740 748 750 755 758 770 772 773 774 779 780 787 797 806 807 811 820 821 824 825 828 832 833 836 860 861 870 877 888 889 892 900 904 906 908 917 919 933 947 948 952 961 989 993 996 997 999 
12 14 15 17 26 44 47 54 57 65 66 68 69 71 73 81 83 97 102 103 107 114 117 119 122 124 126 135 137 138 140 144 156 163 168 170 180 181 185 188 193 195 196 199 204 205 209 214 225 232 243 246 248 255 262 264 273 298 308 316 320 329 331 334 335 341 346 348 360 373 377 378 381 383 385 390 393 394 408 420 425 430 431 438 445 448 459 470 476 481 485 499 510 514 515 524 525 529 535 538 540 554 557 560 561 569 570 585 586 593 596 615 617 618 620 634 635 636 644 647 662 664 677 685 695 706 714 715 729 736 737 742 743 744 752 761 767 776 778 782 783 791 794 799 800 808 812 816 817 818 831 845 847 850 852 855 856 862 865 867 868 873 878 879 881 885 893 894 912 920 924 926 934 939 945 950 955 969 971 974 980 983 985 987 988 994 
16 20 25 38 45 46 49 50 61 86 92 96 115 121 127 132 142 149 160 171 173 174 176 178 206 220 238 247 251 268 269 270 272 280 283 293 295 296 300 303 304 312 327 340 343 344 347 355 358 362 364 367 368 369 380 388 389 391 404 405 407 412 414 417 421 432 439 440 444 446 450 451 461 469 477 479 483 489 500 507 511 518 527 541 566 576 579 581 588 590 592 598 606 610 611 622 629 638 639 642 654 657 658 660 668 671 672 673 674 679 680 682 684 686 701 704 710 713 722 726 734 749 754 757 762 764 766 769 777 803 809 810 814 830 835 837 840 843 844 846 872 884 886 896 897 899 910 915 925 930 935 938 940 944 946 956 960 964 965 972 973 977 981 995 
3 9 36 48 52 58 72 75 80 85 87 88 93 106 110 112 116 118 129 131 133 139 145 153 164 177 189 190 192 210 211 219 223 234 237 239 241 245 249 256 263 267 271 274 276 277 294 305 306 309 314 315 318 322 324 339 353 356 370 402 406 415 416 427 434 456 462 464 471 486 487 495 508 512 539 544 546 547 559 562 568 574 575 583 584 587 595 600 602 605 609 612 626 632 633 643 659 663 670 687 692 698 700 702 707 716 717 721 724 728 738 739 763 789 793 795 796 822 823 841 854 857 864 871 874 882 903 918 927 931 932 941 967 968 976 978 982 
6 23 34 35 37 41 42 59 60 62 63 64 74 95 100 101 105 108 120 128 147 151 157 172 175 186 191 194 202 212 213 216 222 230 235 240 252 265 275 282 285 288 310 311 313 363 399 401 410 411 413 422 423 452 453 454 455 458 460 463 466 478 488 492 497 502 517 522 551 555 563 567 572 599 603 608 616 624 630 640 646 650 651 652 655 656 665 667 676 678 688 697 699 705 709 727 730 733 735 741 745 746 759 768 771 775 781 784 786 792 804 805 813 827 838 842 851 853 875 876 887 890 895 905 913 916 921 922 936 951 953 957 970 975 984 998 
27 51 77 79 82 113 125 134 159 182 183 187 229 233 236 250 317 330 342 386 419 435 447 468 473 482 513 532 553 580 625 637 694 696 720 725 747 753 765 785 788 798 801 815 826 829 901 902 909 928 937 942 943 954 959 962 963 966 979 991 
24 28 29 55 78 90 91 148 165 166 226 254 266 279 281 290 291 299 307 336 345 365 376 379 424 441 442 472 484 533 548 549 573 591 604 628 653 681 690 708 723 756 760 834 839 848 859 880 883 891 914 923 929 990 
11 67 141 161 162 261 323 359 490 521 530 536 558 564 601 614 619 641 790 849 866 869 949 958 986 992 
21 39 43 98 146 203 242 258 286 301 302 361 372 392 503 528 534 542 552 571 689 693 863 
287 289 332 371 428 436 480 506 523 582 613 732 751 802 819 858 898 907 911 
