5 24 26 45 50 93 126 127 188 225 248 253 262 291 337 394 426 467 482 577 611 615 635 639 643 716 741 799 850 890 922 930 942 967 988 
11 49 77 86 162 165 167 221 251 257 273 303 359 405 458 581 666 682 704 723 726 758 819 823 847 858 875 886 888 901 910 918 919 986 
0 63 90 105 143 156 211 290 330 369 383 448 471 477 478 494 524 537 592 597 606 626 644 674 675 686 687 738 755 756 846 870 964 981 994 
2 8 154 169 197 244 246 271 296 299 317 347 353 356 409 441 452 464 470 496 508 517 542 547 558 574 586 599 608 609 662 697 705 706 745 834 851 892 926 972 977 
17 27 57 58 79 84 92 108 110 136 177 217 240 385 411 473 474 509 519 563 569 579 659 664 798 801 860 871 881 906 911 914 923 946 959 963 969 
38 52 73 130 135 196 219 245 280 281 388 401 402 419 425 433 440 461 462 480 489 516 549 564 584 619 638 663 673 766 770 807 810 811 853 867 955 960 983 
7 31 101 109 115 121 263 270 272 304 354 380 435 444 455 544 625 647 712 722 729 769 820 872 874 927 970 991 995 
16 18 28 33 55 66 96 107 173 193 238 243 259 300 307 384 392 501 520 530 553 556 559 573 585 646 739 750 761 771 815 852 904 934 944 956 
43 76 95 98 102 174 252 292 364 399 407 431 514 548 593 623 640 650 680 692 714 728 869 950 953 985 
25 65 85 113 191 198 231 239 241 256 274 294 318 331 362 398 479 512 522 570 614 621 645 654 683 699 701 759 824 830 845 909 915 971 
19 81 141 146 160 164 190 298 315 327 393 505 511 526 560 578 617 651 655 671 678 707 725 767 817 861 883 936 951 965 973 979 997 
9 60 120 195 210 228 247 284 302 326 386 459 475 488 554 566 588 590 620 633 648 673 698 703 768 813 818 826 885 976 984 990 
2 13 14 36 39 64 66 118 124 178 186 213 235 311 347 368 370 376 390 396 406 415 420 423 490 513 530 533 582 594 597 602 661 679 681 740 753 780 836 843 939 
10 75 132 158 180 232 264 266 288 329 429 502 603 632 689 747 786 800 825 840 879 887 896 903 905 935 958 987 
74 78 89 199 224 250 282 308 351 376 378 379 406 417 427 446 453 465 483 546 550 571 618 624 685 776 816 828 862 867 900 902 938 954 
32 149 185 216 236 309 316 355 367 400 410 504 538 660 702 720 777 893 895 899 931 952 980 982 
44 202 203 218 230 260 324 338 536 541 551 589 631 688 754 762 788 832 929 974 998 
12 34 68 97 122 138 145 161 163 183 206 220 265 288 335 507 575 583 613 657 677 715 731 763 789 809 821 827 855 917 928 933 940 
29 53 59 91 139 182 226 245 269 274 340 456 498 503 521 528 576 591 595 782 785 791 803 842 856 876 889 898 907 925 989 
94 187 289 301 314 360 365 382 432 457 485 493 717 734 779 790 805 822 844 913 
22 23 51 71 104 125 128 134 155 172 175 204 241 258 310 373 540 587 614 672 710 792 795 831 
35 47 87 116 129 152 159 214 249 267 293 305 307 320 332 336 345 349 413 422 438 447 495 568 622 641 653 693 737 742 748 848 877 924 968 993 
42 67 82 137 209 227 286 306 389 416 428 491 535 539 601 604 612 629 669 691 733 760 804 839 882 
6 41 133 140 179 212 254 283 342 343 350 361 372 395 449 468 472 486 497 506 515 529 567 600 628 636 793 880 894 947 966 996 
30 46 80 176 207 234 255 278 295 357 371 384 387 404 434 476 492 499 552 598 607 637 665 744 775 787 794 808 854 859 948 961 
56 100 222 277 297 358 408 437 454 463 500 523 545 562 565 605 610 616 652 667 694 708 721 732 749 780 781 849 865 866 868 878 908 921 978 
72 119 144 157 181 192 285 312 313 319 374 451 525 696 711 752 765 783 814 837 838 857 897 920 
37 70 88 107 131 147 254 339 348 352 424 436 481 543 567 627 649 668 670 690 713 719 735 743 772 796 835 863 873 932 937 
4 61 111 148 171 201 325 334 484 532 534 725 730 746 774 778 941 962 
103 112 205 242 339 344 366 555 596 649 713 719 772 797 835 864 868 992 
48 62 114 123 142 166 170 194 215 276 363 375 418 557 656 700 727 751 943 
20 153 168 403 658 684 724 975 
99 189 208 321 412 510 561 580 695 764 773 916 989 999 
170 229 233 421 430 438 487 590 709 841 891 
1 15 69 83 106 275 276 287 322 323 333 346 381 518 634 656 806 812 829 945 
21 150 237 469 833 912 
30 117 200 255 377 442 460 466 499 736 854 
54 151 171 201 223 279 325 630 642 676 949 
184 328 341 391 414 439 445 510 531 757 802 884 
1 3 275 276 443 450 527 572 656 718 957 
40 261 268 397 481 784 
