0 1 4 5 7 10 15 22 25 31 35 37 39 42 43 46 50 64 71 93 94 95 98 107 110 113 117 123 125 127 129 137 143 146 149 158 164 165 167 168 170 173 178 179 192 193 200 207 209 210 219 224 226 228 232 237 245 246 250 259 271 272 275 279 283 290 295 299 307 309 310 311 318 326 329 332 342 344 347 357 358 366 367 368 376 382 383 386 387 388 389 403 404 411 417 418 420 429 433 437 447 448 450 456 464 465 466 476 478 480 486 488 498 501 503 505 513 521 525 528 540 544 548 551 557 567 569 572 574 576 579 594 597 601 610 611 616 623 627 629 644 648 656 665 674 687 688 689 691 692 694 696 697 704 718 722 726 728 735 740 742 743 744 755 760 769 770 778 780 781 785 789 791 798 802 804 809 812 820 823 826 828 836 838 844 871 879 882 886 889 892 894 902 904 914 916 917 948 951 955 957 959 967 970 983 984 987 992 997 
33 76 109 111 139 188 206 242 248 253 274 291 292 328 360 363 364 378 379 435 445 454 460 523 570 604 607 649 668 678 741 754 762 777 848 849 857 873 891 901 937 965 978 995 
21 116 249 348 349 385 406 421 436 563 577 628 672 747 761 867 935 
104 172 181 220 233 267 303 405 408 430 463 467 489 515 539 546 549 556 578 595 602 645 666 671 679 683 721 727 731 745 863 900 932 958 
48 62 66 81 102 112 122 126 131 151 153 191 198 238 254 261 294 323 393 431 455 475 487 490 502 512 542 559 575 609 673 685 715 732 758 768 794 795 811 822 841 907 944 949 
24 101 148 216 331 372 416 425 457 482 614 624 637 739 792 810 829 835 924 938 
118 141 152 159 195 280 305 308 353 370 423 424 449 472 510 552 615 617 651 664 698 712 719 737 749 776 787 837 839 872 910 918 920 927 966 969 979 985 991 999 
2 88 103 119 140 163 176 236 306 355 374 375 413 428 452 477 531 533 537 638 658 660 695 707 708 716 784 834 860 864 869 887 915 974 994 
20 67 70 138 183 190 218 225 257 263 301 324 334 446 461 494 516 524 625 827 847 923 946 950 956 973 986 
17 26 29 75 84 132 264 273 278 302 507 518 587 626 632 634 652 676 705 720 757 773 800 805 840 846 854 908 945 947 
3 27 38 58 77 145 157 166 169 182 212 217 338 341 356 432 479 497 573 584 659 670 703 772 793 807 859 885 897 980 996 
8 54 83 96 194 203 213 214 223 229 239 244 266 269 297 315 325 335 351 396 398 401 414 443 470 514 527 541 547 558 561 564 580 591 613 642 650 655 662 686 693 701 702 709 724 736 753 756 779 788 814 817 831 852 856 862 866 868 909 922 929 963 968 981 990 
12 55 69 97 121 135 180 277 285 300 327 352 394 415 439 453 483 495 499 508 536 606 612 622 639 646 677 713 714 786 801 803 813 875 941 
56 73 79 197 211 221 240 247 260 304 313 340 346 412 444 451 458 529 555 562 653 667 706 748 775 819 825 833 870 905 906 926 933 976 
6 13 23 28 36 53 63 86 90 92 105 142 156 175 177 184 186 189 199 201 208 215 241 252 262 268 284 286 287 288 296 317 319 321 330 337 343 345 365 380 399 400 402 407 409 410 434 438 441 481 526 530 532 550 553 560 566 583 585 596 600 618 619 640 643 647 654 657 661 675 680 681 682 684 699 711 717 729 733 734 738 750 752 766 767 771 806 816 821 830 832 845 855 861 877 890 903 911 928 942 954 961 962 964 971 982 989 993 998 
44 49 61 68 78 85 155 185 187 289 316 395 426 471 582 636 730 751 783 843 851 876 880 881 943 988 
34 51 59 80 89 150 282 419 427 568 571 599 605 631 690 764 799 824 842 853 972 
19 41 91 124 128 258 314 354 359 442 484 500 509 517 535 538 608 797 858 899 913 925 939 
9 32 52 99 106 115 136 154 160 205 234 293 339 350 369 371 392 506 519 593 603 663 818 865 874 878 883 977 
16 18 30 74 82 171 231 243 265 312 469 491 545 581 586 774 930 
11 60 120 133 134 161 162 202 270 281 322 336 377 384 474 492 504 511 635 725 746 765 782 790 808 850 893 931 952 953 
14 45 47 65 72 114 130 255 276 362 373 397 422 440 459 468 485 620 621 669 888 896 919 936 
57 87 100 144 204 222 227 230 256 298 361 381 391 462 493 496 520 534 592 598 630 633 700 710 723 763 796 815 884 921 934 960 
40 108 147 174 196 235 251 320 333 390 473 522 543 554 565 588 589 590 641 759 895 898 912 940 975 
