35 42 43 55 71 86 107 129 141 158 165 192 208 220 232 295 347 357 382 386 411 420 437 448 480 503 513 601 611 629 644 648 718 744 760 780 791 809 812 821 823 844 882 889 902 916 948 
48 62 66 81 102 109 115 122 126 131 151 153 154 198 221 261 294 323 393 431 455 475 487 502 512 542 559 609 673 685 715 732 758 768 794 795 811 822 833 841 907 944 949 
76 111 188 206 242 248 253 274 291 292 328 360 363 364 378 379 435 445 446 454 460 523 570 604 607 649 668 678 741 754 762 777 848 849 857 873 891 901 937 965 978 995 997 
0 4 20 24 25 39 149 168 170 193 194 209 224 237 259 272 299 326 329 383 418 447 456 465 466 488 505 594 623 674 688 691 696 727 728 740 743 778 802 838 871 957 
13 31 84 163 213 214 223 229 244 297 308 309 315 325 351 396 398 404 470 514 558 564 642 650 655 693 702 736 753 756 779 814 831 856 862 909 922 963 990 999 
23 50 93 95 118 134 139 161 164 179 189 202 219 250 306 311 318 322 387 388 403 417 438 478 492 540 557 576 579 616 694 704 722 726 789 820 826 828 928 951 
6 28 63 94 105 175 199 252 268 287 317 319 337 365 399 441 498 501 526 530 532 572 596 600 606 619 640 661 692 699 750 806 830 839 855 877 890 903 993 
29 56 73 79 197 211 240 247 260 269 304 313 340 346 412 439 444 451 458 527 529 555 562 653 667 706 709 710 748 775 819 825 870 905 906 926 933 976 
7 46 64 83 117 127 143 146 173 210 226 245 246 290 310 342 353 429 464 486 521 544 665 697 742 769 781 785 798 804 836 879 904 959 967 970 984 
123 152 159 195 280 284 305 370 423 424 449 472 510 552 615 617 651 664 698 712 719 737 749 776 787 837 872 910 918 920 927 966 969 979 985 991 
12 60 69 97 119 121 135 180 277 285 300 327 352 394 415 453 483 495 499 508 536 612 622 639 646 677 713 714 786 801 803 813 875 941 
104 172 233 267 303 405 430 463 467 489 515 528 539 546 549 556 578 595 602 643 645 656 666 671 679 683 721 731 745 863 900 932 958 998 
1 15 110 184 200 275 279 283 302 332 344 355 358 366 368 376 433 476 548 569 574 597 610 627 689 735 755 770 886 894 914 955 987 992 
22 38 53 108 147 174 178 196 230 235 251 307 320 333 389 390 473 522 543 554 565 588 589 590 618 641 687 892 895 898 912 940 975 
3 8 27 58 77 145 157 166 169 182 203 212 217 338 341 356 432 479 497 573 584 659 670 703 772 793 807 859 885 897 980 996 
14 33 44 49 61 68 78 85 137 155 156 185 187 191 289 296 316 395 426 471 582 636 730 751 783 843 851 876 880 881 943 988 
88 103 140 176 186 236 374 375 413 428 452 477 531 533 537 638 658 660 695 707 708 716 784 834 860 864 869 887 915 974 994 
9 32 40 52 99 106 136 160 205 234 266 293 339 350 369 371 372 392 506 519 593 603 663 759 818 865 874 878 883 977 
36 90 142 201 215 286 288 330 343 345 400 402 407 410 481 553 560 657 680 681 733 752 766 771 832 861 954 961 962 989 
57 87 100 204 222 256 298 361 381 391 462 493 496 520 534 592 598 630 633 700 723 763 796 815 884 921 934 960 
11 120 133 162 227 270 281 321 336 377 384 474 504 511 635 725 729 746 765 782 790 808 850 893 931 952 953 
5 21 116 132 144 167 249 262 348 349 385 406 408 421 436 551 563 567 577 628 672 747 761 867 935 983 
26 45 47 65 72 114 130 255 276 362 373 397 422 440 459 468 485 516 575 620 621 669 888 896 919 936 
19 41 91 113 124 128 207 258 314 354 359 442 484 500 509 517 535 538 608 682 797 858 899 913 925 939 
17 75 125 264 273 278 507 518 587 626 632 634 652 676 705 720 757 773 800 805 840 846 854 908 945 947 
10 54 96 335 401 414 443 541 547 561 580 591 613 662 686 701 724 788 817 852 866 868 929 968 981 
67 70 138 183 190 218 225 257 263 301 334 409 461 494 524 625 684 738 827 847 923 946 950 973 986 
34 51 59 80 89 150 238 282 367 380 419 427 568 571 599 605 631 690 764 799 824 842 853 972 
92 177 241 271 434 550 566 583 585 647 654 675 711 717 734 767 816 845 911 942 964 971 982 
101 112 148 216 239 324 331 416 425 457 482 614 624 637 739 792 810 829 835 924 938 956 
16 18 30 74 82 98 171 231 243 265 312 469 491 545 581 586 774 917 930 
37 181 228 450 525 
2 254 490 
