3 6 11 15 44 61 74 94 116 131 162 193 210 215 246 250 270 274 283 293 294 296 321 387 399 423 435 477 491 523 569 571 582 599 606 617 653 688 696 748 762 767 791 881 932 950 966 999 
10 33 34 35 41 64 100 108 109 115 138 187 189 216 219 343 415 426 440 451 461 473 478 516 517 525 622 645 699 737 738 741 743 769 817 820 824 846 875 891 896 912 936 939 952 996 997 
2 30 84 111 118 133 139 183 190 197 248 251 252 265 282 302 317 362 390 422 449 465 474 475 518 529 547 548 586 611 616 668 687 723 731 740 801 806 830 848 879 914 915 976 
4 21 23 50 98 99 121 166 174 299 312 337 351 353 355 385 405 406 434 445 507 535 566 584 594 661 692 744 789 798 825 852 872 895 919 942 959 960 967 970 980 985 
25 56 169 185 198 212 232 237 308 348 386 411 438 460 504 550 565 633 640 671 694 708 751 765 770 773 774 778 826 827 851 870 892 898 900 905 920 930 956 962 963 991 
19 55 117 130 152 171 179 235 244 264 279 292 335 381 393 407 437 441 462 479 501 595 610 612 659 742 753 782 783 794 805 831 837 876 927 941 957 958 971 989 
12 37 62 63 76 78 177 191 192 205 288 290 328 341 429 433 444 450 536 572 600 614 641 669 678 698 702 719 775 821 832 860 885 888 909 931 965 968 
42 43 95 134 137 158 167 168 184 230 257 262 263 333 350 363 416 419 436 469 488 505 527 629 736 772 784 854 857 864 899 910 921 944 954 983 988 992 
9 17 20 129 143 144 147 173 211 238 278 303 331 332 354 373 392 397 481 489 502 511 524 554 689 718 732 766 777 855 863 877 929 935 946 978 990 993 
68 72 160 203 222 344 352 360 396 403 421 439 442 468 496 503 570 619 632 646 657 658 735 746 750 755 760 785 787 793 856 865 873 878 908 953 975 
45 51 58 77 85 101 110 142 156 172 207 231 241 245 254 509 514 564 635 639 655 667 675 680 761 776 781 792 813 842 889 938 948 979 982 995 
39 49 73 82 96 122 135 161 165 220 259 281 287 315 342 409 432 466 470 528 537 545 555 624 682 711 722 725 728 756 796 812 844 903 951 
32 79 83 86 141 151 236 247 272 295 322 329 371 376 391 414 443 454 542 561 588 589 621 625 648 650 652 660 724 764 809 916 926 964 972 
18 127 150 239 256 260 289 304 330 361 374 375 408 418 458 521 532 603 613 620 631 651 654 695 713 800 815 904 906 934 940 961 973 994 
1 38 52 71 120 126 155 199 202 224 311 325 327 336 368 380 459 483 493 519 530 609 636 656 673 721 726 730 745 779 868 893 947 
5 7 14 69 92 106 128 163 182 234 242 277 280 319 340 357 372 427 428 576 630 649 686 714 758 763 799 802 818 828 850 911 981 
132 140 149 253 300 320 324 349 364 365 452 464 487 494 508 541 560 578 581 717 747 788 804 840 847 869 880 907 918 937 986 998 
54 59 159 180 194 204 233 261 313 326 356 370 379 486 512 568 585 593 628 637 662 674 710 757 780 786 834 882 887 922 974 984 
89 104 107 186 217 276 284 338 346 398 453 472 513 520 544 664 670 684 690 691 720 759 795 810 814 819 845 861 925 943 969 977 
103 113 145 153 176 188 268 298 307 345 425 431 467 492 498 506 533 551 638 665 693 754 768 771 841 867 883 897 928 945 955 
93 97 175 209 286 377 401 413 446 471 500 534 557 601 602 626 644 716 749 816 835 843 853 866 933 949 
0 27 36 90 178 206 208 213 227 271 285 309 339 389 404 485 539 608 627 677 707 752 803 811 890 
114 119 164 195 200 218 226 228 314 358 366 482 497 510 526 546 558 575 591 592 598 643 700 715 902 
48 53 60 66 80 87 125 136 181 214 221 359 430 490 549 563 579 583 618 647 704 807 822 884 913 
26 29 31 67 81 196 269 275 297 394 456 457 531 577 580 634 679 703 705 706 833 849 858 923 924 
8 88 123 146 154 201 249 382 383 420 447 476 499 538 540 672 683 701 709 733 823 859 874 917 
24 105 243 266 273 291 301 305 318 395 402 448 495 552 562 596 605 623 663 712 829 862 901 
13 16 46 75 124 170 229 255 310 316 323 410 417 484 553 590 597 604 666 838 886 987 
22 40 47 57 65 91 102 112 223 258 267 369 400 412 463 515 574 676 697 727 808 
28 70 157 225 334 367 384 455 522 556 567 587 607 615 642 681 739 790 839 
148 240 306 347 378 388 424 480 543 559 573 685 729 734 797 836 871 894 
