23 71 104 125 128 134 155 172 175 204 241 258 310 373 540 587 614 672 710 792 795 831 
44 202 203 218 230 260 324 338 478 536 541 551 589 631 688 754 762 788 832 929 974 998 
51 67 81 82 124 137 209 227 235 286 306 389 416 428 491 535 539 601 604 612 629 669 678 691 706 733 760 804 839 882 
5 24 26 45 50 93 126 127 188 225 248 253 262 337 394 426 467 482 577 611 615 639 643 716 741 799 850 890 922 930 942 967 988 
12 34 68 97 122 138 145 161 163 183 206 220 265 335 393 507 575 583 613 657 677 715 731 763 789 809 821 827 855 917 928 933 940 
72 119 144 157 181 192 285 312 313 319 374 451 525 550 696 711 752 765 783 814 837 838 857 897 920 
222 277 297 326 358 408 437 454 463 500 523 562 565 605 610 616 652 667 694 708 721 727 732 749 780 781 849 865 866 868 878 908 921 978 
37 70 88 103 107 112 131 136 147 242 254 339 344 348 352 366 385 397 424 436 442 481 543 555 567 576 596 627 649 668 670 690 713 719 735 743 772 796 797 835 863 864 873 932 937 992 
4 9 54 61 111 148 151 171 201 223 279 325 334 375 386 439 484 532 534 630 642 676 725 730 746 774 778 941 949 962 
43 76 95 98 102 174 252 292 364 399 407 431 514 545 548 593 623 640 650 680 692 714 728 734 869 950 953 985 
17 27 57 58 79 84 92 108 110 177 217 240 311 411 473 474 509 519 563 569 579 594 635 659 664 798 801 860 871 881 906 911 914 923 946 959 963 969 
29 59 91 139 170 226 269 340 346 456 497 503 528 591 595 782 785 791 803 842 856 876 889 898 907 925 
13 42 53 99 156 184 189 205 208 267 290 321 341 350 391 412 414 445 531 561 580 681 695 757 764 773 802 884 916 989 999 
32 149 185 216 236 309 316 355 367 400 410 423 504 538 660 702 720 777 812 893 895 899 931 952 980 982 
20 74 78 89 153 168 199 224 273 282 291 322 351 378 379 403 417 427 446 453 465 483 498 546 571 597 618 624 658 684 685 724 750 776 816 828 862 902 938 954 975 
0 40 63 83 90 105 143 211 268 295 330 369 448 449 471 477 494 524 537 592 606 626 644 674 675 686 687 738 755 756 784 817 846 870 964 981 994 
38 52 73 130 135 196 219 245 280 281 388 401 402 419 425 440 460 461 462 480 489 516 549 564 584 619 638 663 766 770 807 810 811 853 867 955 960 983 
94 187 289 301 314 360 365 382 432 457 485 493 717 779 790 805 822 844 913 
1 3 15 22 56 69 106 114 123 166 194 215 250 275 276 287 323 328 333 418 443 450 527 557 568 572 634 656 700 718 751 806 829 943 945 957 
16 18 28 55 66 96 173 193 238 243 259 300 307 392 501 520 530 553 556 559 573 585 646 739 761 771 815 852 904 934 944 956 
6 41 133 140 142 150 179 212 237 283 342 343 361 372 395 468 472 486 506 515 529 600 628 636 793 833 880 894 912 947 966 996 
35 47 87 116 129 152 159 214 249 293 305 320 332 336 345 349 413 422 438 447 495 590 622 641 653 693 737 742 748 848 877 879 924 968 993 
14 39 64 118 178 186 213 370 376 390 396 406 420 490 513 533 582 661 679 740 753 836 843 939 
10 75 158 180 232 264 266 288 329 381 429 487 502 603 632 689 747 786 800 818 825 840 887 896 903 905 935 958 987 
2 8 33 62 154 169 197 244 246 271 296 299 317 347 356 409 441 452 464 470 496 508 517 542 547 558 586 599 608 609 662 697 705 745 834 851 892 926 972 977 
11 49 77 86 162 165 167 221 251 257 303 359 405 458 581 666 682 704 723 726 758 819 823 847 858 875 886 888 901 910 918 919 986 
30 46 48 80 117 176 200 207 255 278 308 357 368 371 377 384 387 404 415 466 476 492 499 552 598 602 607 637 665 736 744 775 787 794 808 854 859 948 961 
25 36 65 85 100 113 191 198 231 239 256 272 274 294 318 331 362 380 383 398 479 510 512 521 522 570 621 645 654 683 699 701 759 824 830 845 909 915 971 
19 21 132 141 146 160 164 190 261 298 315 327 434 469 505 511 526 560 574 578 617 651 655 671 707 767 841 861 883 936 951 965 973 979 997 
7 31 101 109 115 121 234 263 270 304 353 354 435 444 455 544 625 647 712 722 729 769 820 872 874 927 970 991 995 
60 120 182 195 210 228 229 233 247 284 302 363 421 430 433 459 475 488 518 554 566 588 620 633 648 673 698 703 709 768 813 826 885 891 900 976 984 990 
