14 29 59 67 73 80 82 137 161 222 227 247 286 304 306 352 389 416 434 450 491 535 539 601 604 612 629 669 733 760 804 839 882 
5 24 26 45 50 93 126 127 188 225 248 253 262 337 394 426 467 482 577 611 615 643 716 741 799 850 890 922 930 942 967 988 
12 17 58 79 84 102 108 217 240 246 411 474 509 563 569 659 664 798 801 860 871 881 906 911 914 923 946 959 963 969 
72 119 144 176 181 182 192 243 283 285 313 319 374 451 525 550 570 637 696 752 765 775 783 814 837 838 857 897 920 
11 77 162 165 167 251 257 303 359 405 458 581 666 682 704 723 726 758 819 823 847 858 875 886 901 910 918 919 986 
25 65 85 113 154 191 231 256 294 362 398 479 497 506 512 522 621 645 654 683 699 701 759 824 830 845 909 915 971 
38 130 135 219 245 280 281 327 402 419 440 461 462 480 516 519 549 564 584 638 663 766 770 810 811 853 955 960 983 
13 35 47 53 87 159 214 273 293 312 332 336 413 422 438 447 641 653 681 693 705 742 748 848 877 879 924 968 993 
39 64 124 178 186 220 235 311 390 396 409 415 420 423 465 513 533 594 602 624 661 679 740 753 780 836 843 939 
4 10 27 75 128 132 158 180 198 211 232 266 288 329 429 603 632 689 747 786 800 840 887 903 905 935 958 987 
43 95 98 138 157 174 177 249 252 292 364 399 407 431 514 548 593 623 640 650 680 692 714 728 869 950 953 985 
0 63 90 105 143 271 330 369 471 477 478 494 524 537 592 606 644 674 675 686 687 755 846 870 964 981 994 
16 55 88 238 259 300 392 501 520 553 556 559 573 585 646 739 750 761 771 807 815 852 904 934 944 956 
7 31 101 109 115 121 270 354 435 444 455 544 625 647 712 722 729 769 820 872 874 927 970 991 995 
106 122 145 179 206 265 287 335 379 507 575 583 635 657 677 715 731 789 809 821 827 855 917 928 940 
54 61 107 111 148 151 171 291 334 433 498 532 534 630 642 676 725 730 746 774 778 941 949 962 
117 207 367 384 387 428 460 476 492 495 552 598 607 656 665 711 736 744 787 794 808 859 948 961 
81 146 160 164 298 393 511 526 617 651 655 671 678 707 767 861 883 936 951 965 973 979 997 
32 149 185 216 236 309 355 400 410 425 443 504 538 660 702 720 777 893 895 899 931 952 982 
91 136 226 305 340 456 473 503 528 591 595 772 782 785 791 803 842 856 876 889 898 907 925 
74 76 89 199 224 308 417 446 453 483 530 546 618 685 776 816 828 867 900 902 938 954 
23 51 71 104 125 134 155 172 175 241 258 310 373 540 587 613 614 672 710 792 795 831 
123 163 315 326 437 454 523 562 565 605 610 667 694 708 721 732 781 865 866 908 921 978 
42 99 189 193 204 208 263 267 321 341 412 414 439 561 580 695 764 773 916 933 989 
8 169 197 343 441 452 508 517 542 547 558 586 608 662 697 706 745 851 892 926 977 
15 86 139 277 279 290 316 323 333 346 375 381 427 484 486 490 518 634 806 812 945 
44 202 218 230 260 324 325 338 536 541 551 589 631 688 754 762 788 832 929 974 998 
9 60 120 195 210 228 302 386 459 475 554 566 588 633 648 698 703 885 976 984 990 
94 187 289 301 314 360 365 382 432 457 485 493 717 734 779 790 805 822 844 913 
41 140 212 223 269 350 468 472 515 529 600 628 636 673 793 880 894 947 966 
18 28 57 66 190 196 209 339 345 349 408 505 560 579 670 691 743 
22 114 142 166 170 276 342 363 371 464 499 527 557 700 727 751 943 
19 20 141 153 168 203 403 578 658 684 724 825 854 896 975 
70 254 320 348 424 436 442 567 627 668 796 863 873 932 937 
103 112 205 242 344 366 470 555 596 639 797 864 868 884 992 
1 3 48 56 133 361 448 545 652 718 738 957 
33 150 244 296 347 378 496 571 574 609 834 972 
37 131 147 234 353 357 385 543 576 713 735 817 
118 184 328 370 376 391 406 445 531 582 757 802 
6 21 78 237 264 372 395 469 833 912 980 
40 46 96 261 268 307 397 481 626 784 
183 201 213 274 282 331 380 388 862 888 
69 83 322 401 620 649 719 829 849 996 
30 62 129 255 299 449 622 737 763 
152 156 275 278 368 463 568 572 690 
34 49 68 100 194 215 297 418 749 
229 233 421 430 487 709 841 891 
272 284 488 768 813 826 999 
36 52 239 489 510 521 619 
116 173 250 351 404 502 590 
110 295 317 318 356 599 878 
2 97 221 358 500 616 
92 200 377 466 818 
383 597 756 835 
