12 34 68 69 128 135 138 145 158 161 163 183 190 198 265 288 314 335 353 507 575 583 613 657 677 715 731 763 789 809 821 827 855 917 928 933 940 
5 24 45 57 75 93 126 127 180 188 216 225 248 253 262 291 330 337 394 426 467 482 577 611 615 635 643 716 741 799 850 890 922 930 942 967 988 
2 9 25 38 66 78 118 139 140 178 185 186 226 311 370 386 396 406 423 476 490 533 582 594 602 661 679 740 753 836 843 899 939 
35 47 53 55 116 159 214 249 320 332 336 349 351 413 415 420 422 438 447 513 590 622 653 693 737 742 748 848 877 924 968 971 993 
21 41 84 88 133 179 212 237 283 343 372 395 425 468 469 472 497 506 515 521 529 571 600 628 636 793 833 880 894 912 947 966 996 
154 169 197 244 246 271 296 299 317 356 409 441 452 464 496 508 517 542 547 558 586 599 609 662 697 705 745 834 851 892 926 972 977 
52 73 130 196 219 280 281 388 401 419 440 461 462 480 489 516 549 564 584 619 638 663 766 770 810 811 823 853 955 960 983 
11 67 82 103 117 132 160 209 286 302 306 389 416 428 491 535 539 601 604 612 629 669 678 691 733 760 804 839 882 
4 54 59 111 148 151 171 201 223 242 279 325 334 470 532 534 630 642 676 690 725 730 746 774 778 941 949 962 
29 85 91 182 239 245 269 293 340 456 498 503 528 591 595 727 782 785 791 803 842 856 876 889 898 907 925 989 
83 173 176 200 232 282 300 367 391 392 435 486 501 520 553 559 585 646 706 739 761 771 815 852 904 934 944 956 
89 168 224 260 378 403 417 427 446 453 465 483 546 618 624 658 684 685 724 750 776 816 828 862 902 938 954 975 
58 79 235 240 411 473 474 509 519 563 569 579 626 659 664 798 801 860 871 881 906 911 914 923 946 959 963 969 
63 90 131 143 213 227 277 369 383 397 448 494 524 537 592 597 644 674 675 686 738 755 784 846 870 981 994 
19 81 137 164 177 234 298 315 393 481 505 511 526 560 578 617 651 655 707 767 861 883 936 951 965 979 997 
8 37 70 136 147 156 222 344 348 352 366 385 442 543 567 649 668 713 719 743 772 797 863 873 932 937 992 
39 76 95 98 102 174 252 292 364 399 407 431 514 548 593 623 640 650 680 692 714 728 734 869 950 953 985 
80 202 228 255 357 368 387 437 466 492 499 552 598 607 637 732 736 744 775 787 794 808 854 859 948 961 
72 119 144 157 181 192 243 285 312 313 319 339 374 451 525 696 711 752 765 783 814 837 838 857 897 920 
22 60 107 120 195 233 247 326 346 430 433 488 518 554 633 703 709 768 813 826 841 885 891 976 990 
7 14 31 115 270 303 354 379 444 455 544 625 647 712 722 729 769 820 872 874 927 970 991 995 
109 149 191 199 230 309 327 355 400 410 504 538 660 671 702 720 777 893 895 931 952 973 980 982 
28 100 358 361 412 454 463 500 562 605 616 620 652 667 708 749 781 849 865 866 908 921 978 
1 48 61 106 112 123 124 276 287 323 342 345 443 450 484 527 545 700 751 806 943 945 
101 250 263 329 424 429 603 632 689 747 786 800 825 840 879 887 896 903 905 935 958 987 
23 51 71 104 125 134 155 172 175 204 241 258 310 373 540 587 614 672 710 792 795 831 
13 17 27 49 189 208 238 321 341 362 439 445 531 561 596 681 695 773 835 909 916 
44 86 165 167 359 405 666 682 704 726 758 819 847 858 875 886 901 910 918 919 986 
113 231 272 273 294 318 331 380 479 512 522 621 645 654 701 759 824 830 845 888 915 
94 108 215 274 289 301 360 365 382 432 457 485 493 717 779 790 805 822 844 913 
150 218 324 333 338 536 541 551 589 631 688 754 762 788 832 929 974 998 
10 42 77 92 99 122 184 205 206 251 328 414 581 764 802 884 
142 316 421 557 572 573 610 641 673 698 718 957 
30 46 121 152 207 254 264 308 555 665 735 
16 26 170 402 471 487 510 757 807 867 
43 153 166 194 375 377 381 418 460 634 
74 210 259 268 284 347 475 606 817 964 
33 36 97 146 256 257 398 458 878 
20 221 236 267 350 363 459 523 829 
87 141 295 376 404 576 627 796 864 
6 18 50 96 322 556 565 639 694 
0 3 62 608 670 683 687 756 
129 229 384 434 478 566 648 999 
40 105 278 290 307 436 449 495 
56 297 304 408 588 721 818 
15 65 187 550 568 656 780 
110 114 193 220 275 812 
32 162 211 371 477 
64 217 390 530 984 
266 570 699 868 
580 723 900 
203 502 574 
261 305 
