48 60 62 114 120 142 166 170 195 210 228 229 233 247 276 284 302 304 326 345 349 363 375 381 386 421 430 438 459 475 487 488 554 557 566 588 590 620 633 648 698 700 703 709 718 727 751 768 813 818 826 841 885 891 943 976 984 990 
19 81 132 141 146 160 164 190 268 298 315 327 353 393 437 463 505 511 523 526 560 578 605 610 617 651 655 671 678 707 725 734 767 817 849 861 866 883 936 951 965 973 979 997 
10 75 149 158 180 185 216 232 236 264 266 309 329 355 400 410 429 502 504 538 603 632 660 689 702 720 747 777 786 800 825 840 887 893 895 896 903 905 931 935 952 958 982 987 
37 70 88 103 112 131 136 147 242 339 344 348 352 366 385 424 436 470 481 500 543 555 576 596 627 649 668 670 690 713 719 735 743 772 796 797 835 863 864 868 873 932 937 992 
3 20 74 78 89 110 153 168 199 224 250 282 308 351 376 378 379 403 406 417 427 446 453 465 483 546 550 571 618 624 658 684 685 724 776 816 828 862 900 902 938 954 975 
0 40 63 90 105 143 187 211 261 290 330 347 369 383 397 448 471 477 478 494 524 537 592 597 606 626 644 674 675 686 687 738 755 756 784 846 870 878 964 981 994 
30 46 80 117 176 200 207 234 255 278 295 357 367 371 377 387 404 434 442 460 466 476 492 499 552 570 598 607 637 665 736 744 775 787 794 808 854 859 948 961 
8 118 154 169 197 244 246 271 296 299 317 356 361 370 409 441 452 464 496 508 517 542 547 558 574 582 586 599 608 609 662 697 706 745 834 851 892 926 972 977 
38 52 73 130 135 196 219 280 281 388 401 402 419 425 433 440 461 462 480 489 510 516 521 549 564 584 619 638 663 673 766 770 807 810 811 853 867 955 960 983 
6 21 41 42 133 140 150 179 212 237 254 267 283 328 342 343 350 372 395 449 468 472 486 515 529 567 600 636 793 833 880 894 912 947 966 980 996 999 
16 18 28 33 55 66 96 107 173 193 238 243 259 300 307 384 392 469 501 520 530 553 556 559 573 585 628 646 739 750 761 771 815 852 904 934 944 956 
12 34 68 97 122 128 138 145 161 163 183 198 206 220 265 288 291 335 507 575 583 613 635 657 677 715 731 763 789 809 821 827 855 917 928 933 940 
25 65 85 191 231 239 241 256 274 294 318 331 362 380 398 479 497 506 512 522 614 621 645 654 683 699 701 759 824 830 845 888 909 915 971 
5 24 26 32 45 50 93 126 127 188 225 248 253 262 337 394 426 467 482 577 611 615 616 639 643 716 741 799 850 890 922 930 942 967 988 
1 9 15 53 56 69 83 106 152 194 215 275 287 316 322 323 333 346 418 443 450 484 518 527 545 568 572 634 656 806 812 829 945 957 
17 27 57 58 79 84 108 177 217 240 411 473 474 509 519 563 569 579 659 664 798 801 860 871 881 906 911 914 923 946 959 963 969 
11 49 77 86 162 165 167 221 251 257 273 303 359 405 458 666 682 704 723 726 758 819 823 847 858 875 886 901 910 918 919 986 
13 35 47 87 116 129 159 214 249 293 305 320 332 336 413 422 447 495 622 641 653 681 693 737 742 748 848 877 879 924 968 993 
2 14 36 39 64 124 178 186 213 235 311 368 390 396 415 420 423 490 513 533 594 602 661 679 740 753 780 836 843 899 939 
29 59 91 139 182 226 245 263 269 340 456 498 503 528 591 595 782 785 791 803 842 856 876 889 898 907 925 989 
7 31 101 109 113 115 121 270 272 354 435 444 455 544 625 647 712 722 729 769 820 872 874 927 970 991 995 
92 99 156 184 189 205 208 321 341 391 412 414 439 445 531 561 580 581 695 705 757 764 773 802 884 916 
43 76 95 98 102 174 252 292 364 399 407 431 514 548 593 623 640 650 680 692 714 728 869 950 953 985 
67 82 137 209 227 286 306 389 416 428 491 535 539 601 604 612 629 669 691 733 760 804 839 882 
4 54 61 111 148 151 171 201 223 279 325 334 532 534 630 642 676 730 746 774 778 941 949 962 
72 119 144 157 181 192 285 312 313 319 374 451 525 696 711 752 765 783 814 837 838 857 897 920 
100 123 222 277 297 358 408 454 562 565 652 667 694 708 721 732 749 781 865 908 921 978 
22 23 51 71 104 125 134 155 172 175 204 258 310 373 540 587 672 710 792 795 831 
44 202 203 218 230 260 324 338 536 541 551 589 631 688 754 762 788 832 929 974 998 
94 289 301 314 360 365 382 432 457 485 493 717 779 790 805 822 844 913 
