0 8 16 52 64 89 93 104 108 132 137 168 181 189 212 217 246 247 254 262 305 313 336 348 357 363 370 382 394 397 429 431 442 447 466 497 499 500 508 519 530 557 574 580 585 601 632 633 635 638 643 648 654 658 671 673 701 717 721 742 767 771 782 783 787 789 800 818 826 832 840 863 869 878 890 898 906 913 932 950 968 971 975 983 993 997 
11 49 68 81 100 146 171 175 196 210 231 237 241 250 259 296 311 329 337 344 349 358 388 448 461 506 510 619 634 649 694 747 769 774 799 813 816 835 842 856 924 933 946 947 951 
91 121 151 182 192 223 272 345 408 439 458 477 487 496 525 551 577 609 669 697 704 846 881 927 948 
17 56 73 398 485 583 592 653 680 750 779 955 
1 24 39 48 69 105 172 176 177 188 195 198 213 216 220 225 243 255 258 274 276 282 284 309 321 324 330 332 334 339 359 368 373 378 380 381 383 387 413 452 478 495 503 521 538 564 575 576 590 594 610 628 629 637 645 664 666 675 720 724 729 730 738 758 776 798 817 824 853 857 859 880 892 894 922 931 937 943 964 987 992 
2 12 15 20 23 25 31 37 83 84 101 124 127 179 190 218 260 261 287 291 298 314 315 379 386 391 420 424 436 450 467 469 476 502 505 507 533 549 556 559 593 595 626 641 678 681 703 719 792 796 839 852 883 905 921 941 962 963 984 985 989 
27 87 200 207 242 299 307 346 417 473 513 517 663 723 760 801 844 920 
9 53 65 139 159 162 178 199 268 280 376 389 402 526 627 743 757 862 875 885 899 900 909 959 977 
3 40 54 60 61 79 92 94 96 102 111 134 154 156 185 211 219 224 228 239 248 279 304 306 317 320 341 343 369 403 404 406 419 435 449 509 515 516 532 554 562 563 687 689 696 698 732 754 762 803 811 814 819 823 825 833 834 836 864 884 887 907 916 938 
66 112 140 153 160 167 197 227 244 273 283 286 294 323 326 395 434 484 522 541 544 550 558 586 650 702 708 711 775 810 850 904 910 
6 19 26 32 45 97 98 122 158 184 252 253 290 302 338 371 390 400 425 480 482 494 542 561 608 625 651 691 727 745 746 748 752 770 781 860 926 953 
4 30 34 109 116 133 163 191 193 263 289 295 463 512 566 692 706 715 734 753 790 871 873 925 952 957 973 
38 71 76 78 110 125 148 312 401 427 459 468 582 598 668 677 690 716 733 791 809 838 858 865 868 870 897 969 981 
5 18 29 55 58 75 150 203 234 266 281 288 292 367 393 421 475 492 520 547 584 710 712 725 765 772 936 944 960 961 
22 50 107 170 209 245 399 528 529 555 569 571 607 672 674 695 737 764 912 954 
270 297 410 444 591 665 667 828 
10 41 95 103 118 130 141 161 165 180 235 256 265 278 310 327 333 354 407 432 456 460 489 560 567 612 616 624 679 735 744 795 827 849 901 942 945 990 999 
144 145 155 277 285 300 340 356 385 441 443 445 457 464 472 479 498 539 548 613 615 630 644 699 707 759 766 784 793 855 866 889 917 928 974 994 
7 13 43 72 85 86 90 115 128 205 257 264 269 352 384 418 430 454 490 491 537 553 568 618 642 726 761 802 807 815 829 830 893 934 
42 57 62 74 114 123 142 183 226 396 405 414 423 446 451 470 573 581 603 611 622 639 640 685 700 773 788 806 821 872 891 908 918 935 976 986 
28 33 67 80 99 117 120 194 214 238 240 331 351 355 360 364 365 372 415 474 488 504 527 536 578 587 631 655 714 722 739 740 756 778 820 841 874 919 923 967 970 972 979 991 
36 63 70 136 143 152 229 301 377 465 481 483 511 531 570 600 646 686 736 749 768 777 786 794 804 812 822 831 867 877 886 903 914 915 939 988 
14 21 46 59 119 135 169 204 208 221 232 236 293 316 362 426 428 453 462 471 493 545 572 579 588 599 606 636 659 661 688 709 751 837 851 876 930 966 978 995 
47 82 88 106 131 149 166 174 186 187 215 251 347 412 565 657 741 763 808 845 882 888 929 940 
113 126 129 138 233 249 308 319 335 342 433 486 534 540 605 621 656 660 682 684 728 785 896 
51 77 147 157 164 230 275 303 318 325 375 392 409 416 438 501 596 614 647 652 670 676 755 805 879 902 949 958 980 996 
44 173 202 206 267 271 322 353 374 437 455 535 543 546 620 623 662 705 780 843 848 911 
35 201 222 328 350 361 366 411 422 440 514 518 523 524 552 589 597 602 604 617 683 693 713 718 731 797 847 854 861 895 956 965 982 998 
