57 87 144 204 222 227 230 256 298 361 381 391 462 493 496 520 592 598 630 633 700 723 763 796 815 884 921 934 960 
1 280 305 318 353 405 510 615 651 664 719 749 872 920 991 
170 172 181 233 267 408 430 476 489 546 556 578 900 932 958 
9 32 52 99 106 136 160 205 234 293 339 350 369 371 392 506 519 593 603 663 818 865 874 878 883 977 
92 121 278 300 439 580 786 813 
54 96 194 239 335 401 414 443 541 547 561 591 613 655 662 686 701 724 788 817 852 856 866 868 929 968 981 
28 88 103 119 140 176 236 306 355 374 375 413 428 429 452 477 531 533 534 537 638 658 660 695 707 708 716 743 784 834 860 864 869 887 915 974 994 
24 25 101 148 216 331 372 416 425 457 482 544 614 624 637 739 792 810 829 835 924 938 
0 4 31 39 42 131 149 168 193 226 237 259 272 299 329 404 418 447 456 465 466 488 505 594 674 688 691 696 728 740 778 802 838 871 957 
22 252 317 319 337 380 441 526 596 619 640 661 699 750 806 830 855 877 903 993 
2 446 490 623 
33 76 111 206 242 253 291 292 360 363 379 454 460 523 570 604 607 649 668 678 741 754 762 777 849 901 937 965 995 
37 129 165 208 228 235 450 525 687 
38 63 399 618 839 
5 21 116 167 249 348 349 385 406 421 436 551 563 567 577 628 672 747 761 867 935 983 
7 46 64 127 146 173 210 245 246 290 310 342 486 665 697 742 769 781 785 798 804 836 879 959 967 970 984 
105 199 287 309 498 530 572 600 890 975 
29 56 73 79 240 247 260 269 340 412 444 527 653 710 748 775 906 926 933 976 
23 49 175 184 395 410 553 680 
14 45 47 65 72 114 130 255 276 362 373 397 422 440 459 468 485 575 620 621 669 888 896 919 936 
13 53 86 142 177 189 241 321 402 409 434 438 550 566 583 585 647 654 675 684 711 717 734 767 816 911 928 942 964 971 982 998 
26 75 84 118 132 264 273 302 507 518 587 626 632 634 652 676 705 720 757 773 800 805 840 846 854 904 908 945 947 
98 203 266 351 396 398 470 642 693 709 736 756 779 831 862 909 922 
83 464 521 997 
17 102 112 294 990 
43 71 107 125 158 192 271 347 382 437 648 718 744 760 780 809 844 889 916 948 
40 108 147 174 196 251 307 320 333 389 390 473 522 543 554 565 588 589 590 641 759 892 895 898 912 940 
66 109 115 126 151 154 191 198 254 455 487 502 542 643 768 794 833 907 944 
113 141 186 220 357 383 738 821 
19 41 91 124 128 258 314 354 359 442 484 500 509 517 535 538 608 682 797 858 899 913 925 939 
11 60 133 162 270 281 336 377 384 504 511 635 725 729 746 765 782 790 808 850 893 931 952 953 
34 51 59 80 89 150 282 367 419 427 568 571 599 605 631 690 764 799 824 842 853 972 
48 62 81 122 143 153 261 323 393 431 475 512 559 609 673 685 715 732 758 795 811 822 841 949 
3 27 58 77 145 157 166 169 182 212 217 338 341 356 432 479 497 573 584 659 670 703 772 793 807 859 885 897 980 996 
50 93 95 134 161 164 178 179 202 209 219 224 232 250 322 387 388 403 417 474 478 480 492 540 557 576 579 616 694 704 722 726 789 820 826 828 951 
44 68 78 85 155 185 187 289 316 426 471 582 636 730 751 783 843 851 876 880 881 943 988 
104 303 311 467 549 656 666 671 679 683 727 731 863 
123 195 423 449 472 552 737 776 837 845 966 969 
36 90 156 201 215 262 284 286 288 296 330 343 345 400 407 481 560 657 681 733 752 766 771 832 861 954 961 962 989 
8 213 214 223 229 244 297 315 325 558 564 650 702 753 814 963 999 
61 197 211 221 304 313 346 451 529 555 562 667 706 819 825 870 905 
16 18 30 74 82 171 231 238 243 265 312 469 491 545 581 586 774 917 930 
139 188 248 274 328 364 378 435 848 873 891 978 
12 55 69 97 135 180 277 285 327 352 394 415 453 483 495 499 508 536 606 612 622 639 646 677 713 714 801 803 875 941 
20 67 70 138 183 190 218 225 257 263 301 324 334 461 494 516 524 625 827 847 923 946 950 956 973 986 
152 159 268 308 370 424 617 698 712 787 910 918 927 979 
6 94 365 501 532 692 
117 120 163 326 514 985 
10 35 100 295 386 411 420 448 503 513 601 611 629 644 791 812 823 882 902 
15 110 137 200 207 275 279 283 332 344 358 366 368 376 433 548 569 574 597 610 627 689 735 755 770 886 894 914 955 987 992 
445 458 463 515 528 539 595 602 645 721 745 857 
