0 17 47 97 102 126 163 186 211 224 370 423 454 520 532 697 721 744 748 779 809 933 
266 432 
2 71 243 267 346 384 421 426 482 519 534 613 693 732 940 965 984 
3 241 498 674 768 885 971 
4 116 158 299 578 843 908 
46 69 74 76 100 109 149 187 298 302 319 329 332 441 452 453 462 481 537 562 565 615 638 688 689 743 749 769 791 861 870 926 927 935 
197 464 528 650 
7 19 38 42 132 140 147 276 315 403 447 570 614 666 673 737 760 799 801 811 863 868 886 900 959 
23 59 106 151 341 548 764 775 
66 99 105 121 124 128 136 150 167 201 228 245 289 331 333 362 417 427 459 475 523 671 677 709 756 829 831 854 880 958 
15 57 81 169 238 246 261 263 389 397 442 552 586 589 648 675 716 738 783 813 913 985 
16 30 64 133 312 337 366 396 476 514 540 560 593 602 616 681 708 725 747 767 817 867 924 934 995 
21 104 216 381 410 416 480 511 545 573 620 652 695 745 800 814 857 892 903 914 975 981 
120 314 630 992 
189 284 907 
27 61 70 108 141 160 203 229 272 303 323 368 369 390 395 497 612 633 683 780 872 873 977 
6 58 98 118 119 131 138 179 185 205 206 217 230 240 262 288 345 351 377 385 428 436 491 492 568 611 696 707 816 894 902 904 941 978 
279 325 848 
40 164 270 360 440 651 659 766 964 
43 80 107 114 143 159 251 268 290 413 524 530 566 577 629 706 773 846 883 893 916 919 930 946 
48 162 433 437 494 544 710 715 740 794 833 852 997 
25 89 309 338 429 583 640 660 724 753 838 987 
9 44 49 79 139 174 249 316 320 321 361 405 448 473 554 622 657 661 685 765 770 786 853 888 
52 68 83 173 175 250 277 407 409 461 479 549 580 594 604 772 858 889 
33 72 188 192 196 215 247 286 295 343 364 374 411 474 493 529 559 600 601 647 694 750 832 915 951 990 
85 86 93 96 157 273 313 327 359 414 485 506 516 531 597 599 669 691 728 792 803 871 898 952 969 983 
32 45 190 269 355 415 431 478 505 518 574 820 988 
31 35 88 92 110 165 281 339 382 404 424 515 555 617 639 664 667 812 865 939 979 980 
78 244 328 354 606 625 658 663 719 828 850 859 896 947 
112 182 191 253 254 264 371 392 460 513 525 567 569 584 628 644 655 698 717 723 735 754 807 808 844 874 957 
87 232 311 376 635 703 727 741 970 
54 90 137 145 153 214 310 335 375 394 412 438 456 468 542 547 595 621 771 781 830 849 918 
29 144 193 199 271 367 388 477 752 826 876 
103 123 372 483 734 763 
77 84 111 148 171 208 226 237 439 444 451 500 503 510 512 551 587 591 618 656 692 776 797 822 851 905 911 923 945 
166 999 
223 588 
18 225 349 895 
65 122 398 435 495 757 
11 14 125 146 304 418 420 449 522 526 785 805 839 845 866 909 920 921 
22 55 134 210 233 275 344 358 401 509 581 590 686 778 834 925 929 
63 135 168 575 649 842 
184 278 282 336 342 383 472 585 605 636 643 722 784 788 802 825 879 937 968 982 994 
41 101 152 198 252 274 287 465 731 912 
20 94 156 181 222 308 330 357 380 470 484 508 517 582 631 700 755 793 884 897 922 928 953 
161 248 334 466 499 507 653 678 684 798 804 824 841 855 956 974 998 
73 212 759 836 
56 172 347 353 527 572 576 623 646 665 712 818 827 860 
36 53 95 127 176 177 218 234 265 294 373 425 443 539 557 596 609 634 642 672 701 702 720 774 782 806 810 821 840 942 954 962 963 
60 75 130 154 170 180 242 256 291 305 318 399 434 455 487 496 502 546 563 564 603 761 762 910 960 961 986 991 
62 195 207 363 378 387 463 469 490 550 790 966 996 
194 209 231 348 457 458 486 488 501 538 553 556 607 610 641 670 705 789 837 847 877 882 901 949 
258 297 301 632 
117 219 239 906 976 
12 13 50 82 113 255 259 260 283 293 300 324 402 504 558 571 608 619 668 679 699 739 746 864 890 932 936 944 948 989 993 
26 34 37 67 183 200 235 306 352 400 430 729 736 787 819 899 
521 662 758 862 938 
129 326 391 561 713 742 
5 24 51 178 220 221 296 307 317 365 406 422 445 471 535 592 627 637 654 726 751 777 835 856 881 891 955 
142 379 467 676 730 
292 350 393 450 690 733 917 
8 10 91 322 446 541 704 796 815 869 931 943 950 973 
115 155 213 227 236 257 280 340 356 408 489 533 543 579 598 626 680 682 711 718 875 967 972 
1 386 419 624 687 714 795 823 878 887 
28 39 202 204 285 536 645 
