1 48 105 172 213 225 373 594 637 664 666 720 824 859 964 
5 18 29 55 58 75 150 203 234 266 281 288 292 367 393 421 475 520 547 584 710 712 725 765 772 936 944 960 961 
104 117 397 841 
132 135 208 221 293 316 426 462 471 606 636 659 661 709 837 851 995 
2 15 23 101 124 127 179 261 287 291 298 315 379 391 420 436 450 502 505 549 556 559 595 678 681 796 839 941 962 963 985 989 
8 16 64 137 189 217 348 357 370 394 442 500 508 519 648 654 701 717 721 767 782 789 818 840 863 898 913 993 
240 282 324 576 628 894 
67 80 120 214 331 355 492 527 655 820 874 923 979 
21 46 59 119 236 290 301 428 456 572 751 930 978 
22 50 107 170 209 245 399 528 529 555 569 571 607 672 674 695 737 764 912 937 954 983 
24 69 176 255 258 330 332 334 368 380 381 383 387 413 452 564 575 675 724 738 798 880 892 931 943 987 992 
28 61 238 369 488 847 999 
4 30 34 109 116 133 163 191 193 263 289 295 463 512 566 692 706 715 734 753 790 871 873 925 952 957 973 
20 31 37 83 84 190 218 260 386 424 467 469 507 533 593 626 703 719 731 792 852 883 921 984 
13 39 177 284 474 645 853 
36 70 136 143 152 229 377 465 481 483 511 531 570 600 646 686 736 749 768 777 786 794 804 812 822 831 867 877 886 903 914 915 939 988 
363 378 658 733 884 
74 183 423 573 581 611 640 700 788 835 872 935 
25 111 168 341 563 698 916 
57 62 142 226 296 396 405 414 446 451 470 603 622 639 685 773 806 821 891 908 918 976 
11 60 92 96 134 156 211 219 224 228 250 304 317 382 404 419 435 516 532 554 696 754 803 834 
95 103 310 407 432 489 560 612 616 624 735 740 744 827 849 
9 53 65 139 159 162 178 199 268 280 376 389 402 526 627 743 757 862 875 885 899 900 909 959 977 
66 153 197 212 227 294 323 395 434 484 541 544 550 558 586 650 708 775 850 904 906 
38 71 76 78 110 125 148 312 401 427 459 468 598 668 677 690 716 791 809 838 865 868 870 897 969 981 
40 63 79 94 239 306 343 403 449 515 687 811 814 887 938 
27 87 200 207 242 299 346 417 448 473 513 517 663 723 760 801 844 919 920 
12 42 262 314 530 905 
33 99 194 351 360 364 365 372 415 466 504 536 578 631 714 722 739 778 967 970 972 991 
49 68 146 175 210 231 237 241 259 329 337 344 349 358 388 461 506 510 634 649 694 769 774 799 813 816 842 933 946 947 951 
14 81 100 171 222 311 619 747 856 924 
321 729 
35 93 247 328 350 366 411 422 514 518 523 552 589 597 602 604 617 638 683 693 713 718 797 854 861 895 956 965 982 998 
123 141 180 256 278 990 
113 126 129 138 233 249 308 319 335 342 433 486 534 540 605 610 621 656 660 682 684 728 785 896 
114 313 333 460 901 986 
3 54 102 154 185 248 320 406 509 562 732 762 819 825 833 836 864 907 
51 77 147 157 164 230 275 303 318 325 375 392 409 416 438 501 596 614 647 652 670 676 755 805 879 902 949 958 980 996 
112 140 160 167 244 273 279 283 286 326 522 702 711 810 910 
10 161 165 204 265 276 327 478 629 679 
169 362 453 493 545 579 756 876 966 
232 582 588 599 688 997 
108 181 305 429 503 643 832 
91 121 151 182 192 223 272 345 408 439 458 477 487 496 525 551 577 609 669 697 704 846 881 927 948 
26 32 158 338 440 480 482 542 574 608 625 651 748 953 
47 82 88 106 131 149 166 174 186 187 215 251 347 412 565 657 741 763 808 845 882 888 929 940 
44 89 173 202 206 267 271 322 353 374 437 455 535 543 546 620 623 662 705 780 843 848 911 
7 43 72 85 86 90 115 128 205 257 264 269 352 361 384 418 430 454 490 491 537 553 568 618 641 642 726 761 802 807 815 829 830 893 934 
195 198 216 243 274 307 309 339 359 521 580 590 730 758 817 857 922 
17 56 73 220 246 270 297 398 410 444 485 495 538 583 591 592 653 665 667 680 689 750 776 779 828 955 975 
188 201 524 587 823 
6 19 45 97 98 122 184 252 253 302 371 390 400 425 431 476 494 561 691 727 745 746 752 770 781 860 926 
41 118 130 235 354 567 795 858 942 945 
144 145 155 277 285 300 340 356 385 441 443 445 457 464 472 479 498 539 548 613 615 630 644 699 707 759 766 784 793 855 866 889 917 928 974 994 
0 52 196 254 336 447 497 499 557 585 601 632 633 635 671 673 742 771 783 787 800 826 869 878 890 932 950 968 971 
