13 67 98 143 186 195 299 372 542 575 582 659 680 686 696 703 742 838 877 881 973 986 990 
101 328 398 420 426 557 569 760 960 
30 142 165 253 264 309 335 347 497 548 579 621 638 643 723 863 908 928 943 962 
40 61 103 114 222 259 261 272 282 350 375 402 408 513 528 533 546 598 646 673 717 806 809 821 823 830 874 922 982 
12 25 77 148 194 250 276 490 531 541 553 722 767 768 803 804 814 852 890 909 961 975 983 
15 129 134 200 203 236 243 269 300 306 331 482 519 538 581 619 639 711 713 875 911 942 989 
80 128 139 175 189 275 343 351 361 434 449 467 489 550 596 612 641 650 657 730 732 788 794 867 937 941 964 
23 59 130 159 168 478 481 568 620 648 726 808 813 855 
4 17 56 210 220 255 284 424 430 556 618 660 697 714 752 784 876 896 924 958 984 
26 39 115 135 237 266 279 290 311 357 359 364 390 417 465 661 674 688 694 715 731 754 988 
1 28 177 180 213 270 340 370 403 479 537 577 677 734 743 825 831 851 884 893 913 938 966 992 994 998 999 
14 20 33 60 191 192 193 211 301 346 506 532 547 610 627 636 666 669 740 771 774 802 810 818 885 927 
55 122 201 207 218 238 246 385 438 439 446 502 508 540 608 667 718 719 805 832 848 894 963 991 
35 166 258 283 314 316 326 329 428 470 485 494 500 614 684 707 741 758 880 886 917 
42 515 
62 73 87 131 157 167 205 229 280 315 493 495 534 567 578 647 695 709 728 746 765 789 827 878 931 976 
52 105 116 119 251 273 373 460 
36 84 106 137 170 176 383 521 601 663 
171 198 232 318 341 355 363 381 445 451 471 498 499 509 545 561 597 628 629 633 656 763 773 807 859 889 902 956 
43 51 58 102 141 235 333 344 397 427 431 432 435 466 472 488 525 527 607 609 658 701 712 751 860 861 978 979 980 997 
172 475 624 769 899 949 
68 223 404 736 
31 54 72 86 108 310 395 411 530 572 606 617 651 662 704 705 840 849 936 970 
78 262 286 418 454 592 637 649 800 985 
65 85 104 121 153 226 312 443 476 748 945 
19 81 93 94 169 178 199 216 293 322 356 405 423 543 555 571 664 682 822 841 846 901 930 969 993 
95 247 271 291 337 377 535 
206 334 338 342 458 469 551 683 778 817 833 905 959 
3 32 110 151 227 241 267 389 394 635 671 725 727 756 777 837 853 929 
9 112 127 156 188 215 225 265 462 464 484 514 516 570 594 681 749 882 898 915 925 946 981 
113 124 294 320 345 368 382 415 616 912 
8 120 125 277 369 764 780 
123 287 391 399 442 450 453 562 589 593 623 679 755 782 812 824 844 864 903 932 
57 90 204 360 967 
2 10 22 64 145 173 214 240 254 358 505 523 574 599 613 622 630 644 668 795 816 826 921 926 954 
7 21 97 146 202 281 396 400 413 491 511 576 602 632 687 689 692 776 843 879 948 974 
18 96 118 144 158 182 221 296 374 456 564 672 698 708 757 762 798 820 829 839 866 904 919 947 952 996 
38 45 260 292 297 319 517 549 590 603 615 645 678 699 815 845 850 856 857 900 935 951 971 
11 47 233 339 380 384 444 611 873 
70 82 136 140 196 298 302 307 327 422 468 474 529 625 634 706 733 854 987 
0 37 63 66 83 109 111 150 197 242 332 362 401 563 573 676 710 766 779 801 836 865 872 944 972 
16 24 34 41 88 91 126 164 181 303 349 352 366 371 412 416 433 483 496 503 559 605 642 654 702 716 745 761 787 796 835 847 883 
27 29 89 117 161 212 245 348 365 378 406 409 421 473 526 583 665 735 739 753 793 819 862 869 871 888 939 
74 138 149 219 230 252 268 295 304 313 388 437 463 566 588 652 690 759 785 910 918 
46 75 76 100 133 163 174 249 256 263 278 336 376 410 414 440 448 524 544 585 640 737 781 799 834 887 891 907 916 953 
69 147 231 274 289 305 436 441 536 552 721 729 750 770 775 783 892 950 
6 44 71 79 107 183 234 248 317 321 425 447 455 477 510 520 653 685 700 720 790 797 828 842 897 923 934 955 
504 518 560 
155 160 187 190 208 367 393 429 480 492 512 586 675 691 744 772 858 906 933 968 
48 132 179 184 209 244 323 324 452 558 565 584 591 631 693 724 738 870 914 977 995 
53 92 154 228 239 285 308 325 354 379 386 387 392 419 457 486 522 580 791 792 811 868 940 957 
162 185 217 330 461 487 554 920 
5 49 50 99 152 224 257 288 353 407 459 501 507 539 587 595 600 604 626 655 670 747 786 895 965 
