0 63 90 143 156 471 477 478 494 524 592 674 675 846 870 964 994 
87 129 293 337 622 737 993 
2 221 566 703 984 
4 54 61 111 148 151 171 201 223 279 325 334 532 534 630 642 676 730 746 774 778 941 949 962 
77 117 207 466 686 736 
10 53 159 267 487 841 999 
16 246 690 713 817 
17 98 170 217 318 341 352 412 414 439 916 
290 321 328 391 531 561 756 757 764 773 802 
94 204 289 301 360 365 382 432 457 485 493 717 779 790 805 822 844 913 
25 100 176 256 294 297 454 554 570 637 775 830 
20 213 273 282 415 862 
160 346 427 965 
42 130 184 263 380 867 
75 158 180 264 266 329 429 603 632 689 747 786 800 825 840 887 896 903 905 935 958 987 
13 305 681 705 968 
149 216 236 309 355 400 504 660 702 720 777 895 899 931 952 982 
21 150 469 506 912 980 
22 48 114 166 194 215 276 287 323 418 443 450 527 652 700 718 751 943 957 
32 35 88 222 320 333 518 556 646 883 
165 262 330 359 405 682 888 910 918 919 
185 234 357 367 410 499 538 706 794 893 
105 110 211 288 295 369 448 644 687 738 981 
135 280 281 419 433 480 516 549 564 584 638 663 673 766 810 853 960 
40 268 445 465 513 784 
5 24 26 45 50 93 127 188 225 248 394 467 577 611 615 643 716 741 799 850 890 922 930 942 967 988 
47 336 413 422 641 742 748 879 924 
128 152 214 249 307 332 568 653 848 877 
52 73 142 342 486 489 619 727 
19 126 132 141 164 203 253 426 578 658 854 973 
57 58 79 84 108 136 411 509 563 569 659 798 801 860 881 906 923 959 963 969 
72 119 144 157 181 192 285 312 313 319 374 451 525 696 711 752 765 783 814 837 838 857 897 920 
7 31 101 109 115 121 270 354 435 444 455 544 625 647 712 722 729 769 820 872 874 927 970 991 995 
66 173 193 232 520 530 585 739 761 771 904 956 
1 9 56 245 316 375 381 484 812 
81 146 219 298 393 511 526 651 707 767 809 861 979 997 
33 167 244 315 347 425 437 865 878 
27 92 177 200 240 473 474 519 579 664 871 911 914 946 
277 326 358 500 547 562 565 605 610 616 667 708 721 732 921 978 
12 34 60 68 97 122 138 145 161 163 179 183 206 224 265 335 507 575 583 613 657 677 715 731 763 789 821 827 855 917 928 933 940 
123 190 291 322 383 396 490 560 597 617 723 725 951 
99 580 835 989 
49 257 408 694 749 886 908 
11 162 251 303 704 726 758 819 823 847 858 901 986 
238 250 259 434 463 523 671 807 936 
30 62 255 283 363 900 
14 39 124 235 420 533 602 661 740 753 780 
153 168 403 684 724 975 
220 228 311 390 594 679 836 
44 202 218 230 260 324 338 536 541 551 589 631 688 754 762 788 832 929 974 998 
237 620 635 649 833 849 868 996 
3 6 133 372 395 755 
23 51 64 71 104 125 134 155 172 175 241 258 310 373 540 587 614 672 710 792 795 831 
80 96 198 231 331 362 398 479 497 512 522 621 645 683 699 701 759 824 845 909 915 971 
74 78 89 199 308 351 379 417 446 453 483 550 571 618 624 685 776 816 828 902 938 954 
85 191 314 447 508 574 834 
118 178 186 233 361 370 376 406 423 459 582 781 843 939 
120 475 588 698 768 826 885 976 
366 596 666 772 866 875 
182 196 210 229 421 430 648 709 891 
438 502 590 813 
8 197 271 317 353 356 409 441 452 464 470 517 542 558 586 599 851 892 977 
37 70 131 147 254 348 424 436 442 543 627 668 735 796 797 863 873 932 937 
29 59 91 139 226 269 340 456 498 503 528 591 595 782 785 791 803 842 856 876 889 898 907 925 
83 107 242 339 345 349 386 505 567 670 719 743 864 
195 247 302 304 633 695 990 
113 272 274 284 482 488 654 
278 368 371 384 387 492 495 552 581 598 607 665 744 787 808 859 948 961 
18 55 300 378 392 501 559 573 750 815 852 934 944 
41 140 169 212 261 343 350 468 472 515 529 600 628 636 655 745 793 880 894 947 966 
243 252 458 546 553 692 869 926 
103 112 205 344 476 555 639 884 992 
67 82 137 209 227 286 306 389 416 428 491 535 539 601 604 612 629 669 678 691 733 760 804 839 882 
43 76 95 102 174 292 364 399 407 431 514 545 548 593 623 640 650 680 714 728 734 950 953 985 
38 327 388 401 402 440 460 461 462 770 811 955 983 
116 299 404 449 693 
36 189 208 239 377 510 521 818 
46 65 187 385 397 481 537 576 606 626 
15 69 106 275 557 572 634 656 806 829 945 
28 86 154 296 496 608 609 662 697 972 
