4 54 61 111 148 151 171 201 223 279 325 334 532 534 630 642 676 730 746 774 778 941 949 962 
69 106 275 346 572 634 656 829 945 
75 132 158 180 264 266 329 429 603 632 689 747 786 800 825 840 887 896 903 905 935 958 987 
11 49 162 251 257 303 413 682 704 723 726 758 819 823 847 886 901 986 
207 295 357 367 371 384 387 404 434 442 476 492 552 598 607 665 744 787 794 808 859 948 961 
152 156 170 196 361 468 497 506 581 
12 34 68 97 122 138 145 161 163 206 335 507 575 583 613 657 677 715 731 763 789 809 821 827 855 917 928 933 940 
96 178 187 211 265 448 626 683 738 
9 21 33 150 283 386 469 540 912 984 
107 114 166 194 215 276 418 499 557 700 751 943 
48 56 102 176 545 570 637 775 
105 128 288 305 369 446 
27 57 58 79 84 108 110 136 177 411 473 474 509 519 563 569 579 659 664 798 801 860 871 881 906 911 914 923 946 959 963 969 
7 31 101 109 115 121 270 354 435 444 455 544 625 647 712 722 729 769 820 872 874 927 970 991 995 
220 238 259 379 635 807 
15 390 396 490 602 679 725 836 899 
36 40 83 239 268 465 513 521 784 
100 437 500 562 605 610 616 620 732 849 866 878 
35 87 92 116 129 205 214 249 293 307 320 332 336 345 447 495 622 653 693 737 748 848 877 879 968 971 993 
5 24 26 50 93 126 188 225 248 253 262 337 394 426 467 482 577 611 615 643 716 741 799 850 890 922 930 942 967 988 
30 62 80 200 232 255 317 377 453 466 854 
6 77 117 372 395 460 628 736 
224 425 614 639 816 900 
190 234 267 353 560 817 
88 131 147 339 385 424 481 543 576 627 690 713 735 743 772 932 
8 169 197 246 271 299 356 409 441 452 508 517 542 547 558 586 599 706 745 851 892 926 977 
67 82 137 209 227 286 306 389 416 428 491 535 539 601 604 612 629 669 678 691 733 760 804 839 882 
154 244 296 347 496 574 608 609 645 662 697 834 972 
74 78 89 199 282 322 351 417 427 483 571 618 658 685 776 828 862 902 938 954 
70 86 165 167 183 221 359 366 405 458 666 858 875 888 910 918 919 
25 65 85 113 130 191 198 231 241 256 272 318 362 398 522 554 621 654 699 701 759 824 830 845 909 915 
2 316 375 381 433 484 518 806 812 
94 289 301 360 365 382 432 457 485 493 717 734 779 790 805 822 844 913 
90 99 184 189 208 321 391 414 439 445 510 531 561 580 757 764 773 802 884 989 
3 38 135 142 149 287 314 323 333 342 443 450 486 527 718 957 
37 103 112 242 344 348 470 555 596 649 797 863 864 868 992 
16 18 28 55 173 193 243 300 378 392 501 520 553 556 559 573 585 646 739 750 761 771 815 852 904 934 944 956 
29 47 52 73 273 422 438 489 619 641 742 796 924 
17 217 341 350 352 401 412 695 
13 141 297 454 523 694 727 749 
20 46 153 168 250 397 403 668 684 724 975 
22 23 51 71 104 125 134 155 172 175 204 258 261 310 373 587 672 710 792 795 831 
19 81 146 160 164 298 315 327 393 505 511 526 578 617 651 655 671 707 767 861 883 936 951 965 973 979 997 
328 516 681 705 719 835 916 999 
219 280 281 461 462 480 549 564 584 638 663 766 810 955 960 
0 63 143 330 471 477 478 494 524 537 592 606 644 674 675 686 687 755 846 870 964 981 994 
284 294 326 475 488 502 590 698 768 813 818 826 976 
32 185 216 236 309 355 400 410 504 538 660 702 720 777 893 895 931 952 980 982 
43 76 95 98 174 252 292 364 399 407 431 514 546 548 593 623 640 650 680 692 714 728 869 950 953 985 
72 119 144 157 181 192 285 312 313 319 374 451 525 550 696 711 752 765 783 814 837 838 857 897 920 
60 120 123 228 229 233 349 363 430 459 588 648 673 709 885 891 
44 202 203 218 230 260 324 338 536 541 551 589 631 688 754 762 788 832 929 974 998 
59 91 139 182 226 269 274 340 456 464 498 503 528 591 595 782 785 791 803 842 856 876 889 898 907 925 
64 66 118 186 210 278 311 368 370 376 406 415 423 436 440 530 582 594 843 939 
10 53 159 195 247 302 304 487 566 568 633 841 990 
14 39 124 235 420 533 624 740 753 780 873 
290 291 383 597 756 
1 42 213 263 308 331 380 388 479 512 811 867 
408 670 937 
222 240 277 358 463 565 652 667 708 721 781 865 908 921 978 
45 127 245 402 419 421 661 703 770 853 983 
41 133 140 179 212 237 254 343 449 472 515 529 567 600 636 793 833 880 894 947 966 996 
