0 63 143 478 994 
1 48 56 152 346 545 568 652 812 
198 331 479 699 701 888 909 
3 287 718 957 
330 471 674 686 755 756 870 
7 263 270 354 544 729 820 874 970 
74 157 262 308 404 446 550 685 
11 162 251 704 758 901 
79 108 311 509 594 860 969 
92 205 228 253 265 462 
390 679 899 
139 182 782 791 876 898 
17 217 425 437 605 881 
154 296 496 609 662 697 972 
306 389 428 491 535 601 612 691 733 760 839 
40 187 261 268 397 481 606 784 
24 379 635 942 
22 199 294 398 569 681 
25 30 65 231 255 512 522 537 621 759 915 
186 376 423 
27 58 473 519 579 664 911 946 959 
29 42 73 183 203 380 422 539 867 
28 339 424 713 743 864 
2 36 291 347 396 513 597 602 836 
212 239 391 419 433 521 564 673 
136 147 220 226 436 627 668 735 796 
120 193 204 310 459 475 502 588 885 976 
145 321 613 757 763 789 827 
34 50 93 127 225 394 577 643 716 741 967 
43 95 98 102 174 252 292 364 431 548 593 640 650 692 714 728 869 950 953 985 
44 230 260 324 338 536 541 551 589 631 688 754 762 788 832 929 974 998 
45 879 988 
96 129 188 214 249 271 307 332 877 
274 282 726 862 
68 122 161 179 583 657 677 715 917 933 
59 82 416 986 
165 682 910 
52 196 197 356 489 558 619 
160 315 505 883 
55 103 112 344 555 992 
109 444 625 712 722 769 872 927 995 
114 166 276 527 700 751 943 
124 624 648 780 955 
158 377 381 786 800 818 905 
62 115 243 295 317 553 599 739 934 
273 438 654 742 924 
190 560 617 725 936 
222 610 849 978 
15 69 83 322 490 634 829 
71 817 965 
46 284 488 603 665 
89 483 546 828 938 954 
173 353 586 761 771 
78 116 250 351 447 590 
417 571 618 776 902 
343 411 472 515 529 600 628 636 793 880 
19 146 298 511 651 861 997 
75 180 264 266 329 429 632 689 747 825 840 887 896 903 935 958 987 
84 293 303 937 
399 434 442 
477 494 524 592 644 675 846 964 981 
91 456 591 595 785 803 
12 138 206 335 507 575 731 809 821 855 928 940 
76 200 547 921 
221 666 819 847 858 
465 616 620 690 
611 843 894 
297 454 523 694 721 749 868 
38 86 210 316 323 333 450 653 878 
240 427 563 798 906 914 963 
125 142 342 375 484 486 
105 128 288 305 369 383 
106 275 501 557 572 656 806 
238 259 327 402 671 770 807 811 983 
194 215 418 801 999 
149 223 443 455 534 
117 460 581 736 744 948 
26 80 119 283 687 787 
33 604 865 866 
131 201 213 388 641 
87 244 487 748 
167 366 543 875 919 945 
81 140 361 506 947 
132 141 164 426 578 658 973 
144 312 313 319 451 752 783 814 857 897 
97 278 368 415 723 
70 257 348 932 
4 54 61 111 151 279 334 532 630 642 676 730 746 774 778 941 949 962 
23 155 172 175 258 373 587 672 710 792 795 831 
170 468 497 980 
49 100 163 413 498 565 683 
20 126 153 168 403 684 724 975 
171 314 325 401 574 
60 177 871 
113 176 272 570 637 775 
178 409 661 939 
21 150 469 540 853 912 
31 121 647 810 991 
10 53 90 159 184 267 341 414 439 445 841 884 
185 216 236 309 355 400 410 504 538 702 720 777 893 895 952 982 
85 191 241 256 318 362 554 614 645 824 830 845 
352 412 670 719 835 916 
181 192 374 435 525 552 696 711 765 838 920 
94 289 301 360 365 382 432 457 485 493 717 779 790 805 822 844 913 
135 218 248 326 518 698 768 813 826 
8 169 441 452 517 542 745 851 977 
72 101 202 285 463 837 
77 458 823 918 
123 209 237 359 500 562 
229 233 421 430 709 891 
110 211 448 626 738 
35 495 848 968 
224 615 639 816 900 
245 269 340 503 528 842 856 889 907 925 
6 242 931 
64 195 247 302 304 516 633 990 
67 137 227 286 629 669 678 804 882 
254 328 449 531 567 693 996 
372 395 833 966 
99 350 561 580 695 773 989 
393 526 707 767 951 979 
130 219 277 667 708 732 
300 378 392 573 596 750 852 944 
384 387 598 859 961 
13 47 336 363 464 727 
207 234 357 367 371 476 499 607 794 808 
156 189 208 290 406 510 764 802 
280 281 480 549 584 638 663 766 960 
320 622 737 971 
246 508 608 834 892 926 
32 66 88 530 556 559 646 815 956 
14 39 133 235 420 533 740 753 873 
41 57 923 
5 337 467 474 482 799 850 890 922 930 
16 461 705 
104 107 134 148 520 585 649 904 
9 18 345 349 386 566 703 984 
660 706 993 
232 453 466 659 854 
37 385 405 576 772 797 863 
118 299 358 370 582 781 
407 514 623 680 
408 440 492 886 908 
51 470 655 734 
