0 63 674 870 994 
250 643 708 732 
3 287 443 450 527 718 957 
262 330 919 
49 498 542 986 
116 214 438 590 693 813 
99 561 580 773 989 
7 113 173 234 270 353 354 544 729 820 874 970 
308 404 446 499 559 
34 87 145 613 763 789 827 
14 28 39 420 477 502 533 602 740 753 
13 16 321 681 705 968 
19 132 141 164 203 426 578 658 973 
21 469 912 980 
55 199 282 750 766 954 
40 261 268 481 784 
24 220 226 379 635 
25 256 294 395 398 554 830 
94 105 289 301 360 365 382 432 457 485 493 717 734 779 790 805 822 844 913 
65 362 522 621 915 
27 695 835 873 
231 701 759 771 
32 35 88 339 424 504 556 646 743 
29 42 73 539 867 
291 741 922 
17 142 169 217 223 342 343 350 411 534 600 628 881 
37 797 863 
43 650 692 953 
318 399 425 434 442 614 
44 230 260 324 338 536 541 551 589 631 688 754 762 788 832 929 974 998 
20 224 464 546 
1 48 56 263 346 479 545 
297 454 694 749 868 
50 205 228 253 311 394 462 652 716 
51 185 201 213 367 410 538 706 893 
103 112 242 344 555 713 864 992 
58 152 848 860 963 
60 174 177 337 871 
120 459 588 976 
61 453 624 816 
158 232 603 632 786 800 887 905 958 
295 317 599 739 
30 62 255 363 557 727 943 
9 86 316 375 381 484 812 
66 96 307 392 501 530 585 761 815 852 956 
123 190 463 523 560 617 936 
81 146 298 393 511 651 861 979 
222 408 437 610 849 908 978 
104 134 649 904 
274 340 528 782 791 801 889 898 925 
75 180 264 329 429 689 747 825 840 896 903 935 987 
76 407 514 623 680 
160 327 526 671 707 767 883 951 965 997 
78 89 237 828 996 
26 124 235 284 436 488 668 687 796 809 
59 67 82 137 227 286 406 416 629 669 804 882 
15 83 139 322 396 490 719 
18 345 566 703 984 
84 293 303 937 
22 170 269 842 856 876 
202 218 326 331 683 
524 592 678 981 
91 456 503 591 657 785 803 907 
46 80 200 377 466 552 607 665 854 948 
45 93 126 127 188 225 577 611 942 967 988 
391 531 757 802 
95 98 102 252 364 431 548 593 640 728 869 950 985 
38 97 135 323 333 465 616 
415 584 723 725 
8 249 397 478 537 586 606 714 846 
77 257 276 371 823 886 918 
277 615 639 866 900 
128 288 305 369 433 518 806 819 
101 193 290 636 764 
266 272 654 952 
114 166 700 751 
243 300 458 553 573 934 944 
119 283 529 787 
72 144 157 285 312 313 319 451 711 752 783 814 837 857 897 
440 492 521 595 673 
118 130 219 233 370 582 781 
70 131 147 348 543 627 735 932 
366 596 666 772 858 875 
400 605 667 721 780 865 
10 53 90 267 568 841 
149 216 660 720 777 895 899 931 982 
236 702 726 
153 168 403 684 724 975 
154 244 296 347 574 609 645 834 972 
212 468 472 515 793 880 894 
248 467 474 482 799 850 890 930 
306 389 491 535 604 612 733 760 839 
68 122 161 583 677 715 917 933 
92 110 240 473 519 579 664 798 911 914 946 
85 191 497 512 824 845 
207 357 794 808 
12 108 163 562 565 731 921 
176 570 637 775 
178 186 409 513 661 843 939 
143 156 181 471 494 644 675 964 
187 211 385 405 448 576 626 738 
189 208 487 510 818 
71 133 383 597 817 
182 192 374 435 525 696 765 838 920 
69 106 275 572 634 656 829 945 
195 247 302 304 633 990 
107 194 215 238 259 418 807 
138 206 265 335 507 575 821 855 928 940 
196 210 428 601 648 691 
2 209 221 358 359 500 
336 879 993 
204 475 698 768 826 885 
320 622 737 971 
229 421 430 709 891 
197 271 356 452 470 517 558 851 892 977 
165 682 910 
245 281 401 419 516 549 638 663 853 983 
100 246 309 620 690 
57 136 441 569 659 906 923 959 
376 423 594 
11 162 251 704 758 847 901 
47 332 413 422 447 641 653 742 748 877 924 
254 299 328 355 449 520 567 999 
496 608 655 662 697 745 
41 140 179 361 506 833 947 966 
5 23 64 125 155 172 175 241 258 310 373 540 587 672 710 792 795 831 
129 183 198 380 699 888 909 
159 278 315 349 352 368 386 505 670 
384 387 495 598 859 961 
4 54 111 148 151 279 334 532 630 642 676 730 746 774 778 941 949 962 
33 167 280 564 960 
6 292 372 476 480 486 
117 460 483 581 736 744 
378 461 810 
74 351 550 685 938 
150 171 314 325 563 
184 341 412 414 439 445 884 916 
686 755 756 878 
508 547 926 
79 509 969 
36 239 390 679 836 
52 388 402 489 619 770 811 955 
273 417 427 571 618 776 862 902 
31 109 115 121 444 455 625 647 712 722 769 872 927 991 995 
