48 56 102 116 502 545 590 
453 867 938 
57 79 108 441 509 569 659 860 923 959 969 
17 222 437 463 605 667 708 721 732 781 865 908 978 
14 35 39 64 178 186 213 217 376 406 415 420 423 459 533 594 602 661 740 753 843 939 
24 26 45 93 126 127 225 248 253 337 394 426 467 482 577 611 643 716 741 799 850 890 922 930 942 967 988 
4 54 89 148 151 201 279 334 439 532 626 630 642 676 730 746 774 778 941 949 962 
34 114 166 194 215 276 418 527 700 751 943 
28 88 188 339 424 481 743 
67 82 137 209 227 286 306 389 416 491 535 539 601 612 629 669 678 691 733 760 804 839 882 
21 33 167 469 912 
16 47 273 336 508 705 
11 165 251 359 682 704 758 819 847 858 901 910 986 
205 228 270 280 281 462 564 652 
37 53 234 267 331 388 414 553 568 
159 247 304 378 566 670 703 990 
44 202 218 230 260 324 338 536 541 551 589 631 688 754 762 788 832 929 974 998 
254 449 567 693 996 
68 122 161 163 583 657 677 715 789 917 933 
50 150 311 540 853 904 
5 38 135 149 323 333 443 450 465 486 615 616 
20 224 282 427 546 750 862 954 
9 60 120 386 475 588 633 885 976 984 
2 86 316 375 381 484 812 
1 42 263 274 303 479 726 823 888 
51 62 235 299 363 428 464 520 585 706 745 
198 231 398 522 699 701 815 909 915 971 
70 131 147 348 436 442 543 627 668 735 796 873 932 937 
261 298 393 511 526 651 655 707 767 861 951 979 
96 100 130 297 328 638 683 
78 417 446 571 618 776 816 828 902 
250 293 351 422 641 737 742 968 
41 81 146 179 212 343 468 472 515 529 600 636 793 833 880 894 947 966 
84 177 240 411 473 474 519 563 579 664 798 801 871 881 906 911 914 946 963 
65 87 320 332 413 622 748 924 993 
145 241 318 613 614 763 
154 244 246 296 347 496 608 609 662 697 834 926 972 
59 91 139 226 269 340 456 498 503 528 591 595 782 785 791 803 842 856 876 889 898 907 925 
30 46 80 200 255 377 466 552 581 607 665 744 787 854 859 948 
43 76 95 98 174 252 292 364 407 431 514 548 593 623 640 650 680 692 714 728 869 950 953 985 
19 141 164 203 578 658 973 
99 580 681 835 989 
195 283 620 649 849 900 
49 123 237 257 408 562 749 886 921 
143 181 187 397 477 478 494 524 592 606 675 784 846 964 981 
103 112 242 344 358 470 500 690 713 797 864 868 992 
15 69 106 275 501 557 572 634 656 806 829 945 
107 259 300 573 934 944 
29 52 73 433 480 489 549 619 663 673 766 770 811 960 
110 133 211 295 448 738 
72 119 144 157 192 221 285 312 313 319 374 451 696 711 752 765 783 814 837 838 857 897 920 
77 516 576 584 736 
152 156 262 330 346 471 755 919 
136 555 639 719 
128 129 220 288 291 302 305 369 383 597 635 877 
71 132 160 238 315 505 671 817 883 965 
113 272 284 488 654 
140 169 223 350 361 534 
239 497 506 512 521 621 759 824 845 
66 173 193 204 232 243 307 530 556 628 739 761 771 852 956 
22 23 104 125 134 155 172 175 199 258 310 373 587 672 710 792 795 831 
170 182 229 233 421 430 435 525 709 891 
10 90 111 183 184 380 445 547 884 
185 216 236 309 355 400 410 504 538 660 702 720 777 893 895 952 980 982 
162 219 277 425 434 565 
189 208 326 399 487 510 518 698 768 813 818 826 999 
58 214 249 438 848 
13 55 61 124 624 727 780 
12 138 206 265 335 507 575 731 809 821 827 855 928 940 
75 158 180 264 266 329 429 603 632 689 747 786 800 825 840 887 896 903 905 935 958 987 
85 191 392 447 653 
245 327 419 983 
74 153 168 308 403 404 550 684 685 724 975 
190 560 617 725 936 
25 256 294 554 610 830 
8 197 271 317 353 356 409 452 517 542 558 586 599 851 892 977 
32 278 368 384 387 495 499 559 598 646 961 
176 207 357 367 371 402 476 570 637 775 794 808 
97 117 460 483 723 
94 105 289 301 360 365 382 432 457 485 493 717 734 779 790 805 822 844 913 
3 142 287 314 325 342 718 957 
6 372 385 395 931 
454 523 604 694 
0 63 537 644 674 686 687 870 878 994 
40 83 171 268 322 352 401 
27 290 321 341 391 412 531 561 695 756 757 764 773 802 916 
18 92 345 349 879 
362 574 645 841 997 
366 405 458 596 666 772 863 866 875 918 
196 210 379 461 648 807 810 955 
7 31 101 109 115 121 354 444 455 544 625 647 712 722 729 769 820 872 874 927 970 991 995 
36 118 370 390 396 440 490 492 513 582 679 836 899 
