1 48 90 967 
13 67 98 143 186 195 299 372 575 582 659 680 686 696 703 742 838 881 973 986 990 
38 45 260 289 292 297 319 517 549 590 603 615 645 678 699 815 845 850 856 857 900 935 951 971 
234 321 510 653 685 700 828 842 897 
14 20 33 60 191 193 211 346 506 532 547 610 627 636 666 669 740 771 774 802 810 818 885 927 
403 452 504 518 851 893 992 
42 338 461 515 833 905 
16 34 89 129 349 416 796 
163 278 336 440 448 524 737 891 916 
12 25 77 148 194 250 276 490 531 541 553 722 767 768 803 804 814 852 890 909 961 975 983 
28 180 340 370 479 537 677 743 825 831 884 913 938 966 998 999 
55 122 201 218 238 246 385 438 439 446 502 508 540 608 667 719 805 832 848 894 963 991 
31 54 72 86 108 310 395 411 530 572 606 617 651 662 704 705 840 849 936 970 
69 226 274 436 728 892 
15 104 177 270 345 734 994 
80 128 175 189 343 351 361 434 467 489 550 596 612 641 657 730 732 788 794 867 937 941 964 
9 112 127 156 188 215 217 225 265 462 464 484 514 516 570 594 681 882 898 915 920 925 946 981 
277 332 401 836 870 972 
27 43 51 161 344 427 435 526 607 997 
68 101 328 398 420 426 505 557 569 630 760 926 960 
23 168 568 620 648 726 
74 138 149 219 230 252 268 295 304 313 388 437 463 566 588 652 690 759 785 910 918 
40 61 103 114 222 259 368 375 402 408 513 528 533 546 598 646 673 717 806 809 821 823 830 874 922 982 
63 202 632 
70 82 140 196 212 245 854 
35 100 166 258 283 314 316 326 329 428 470 485 494 500 614 684 707 741 758 880 886 917 
75 133 192 249 256 263 376 410 414 544 585 640 781 799 834 887 907 953 
59 147 301 422 481 718 855 
0 83 111 150 350 362 444 563 573 710 779 944 
22 57 145 173 523 574 599 613 622 644 668 795 826 954 
24 88 126 164 303 366 412 433 702 761 787 835 
92 130 159 237 457 808 940 
19 81 93 94 120 169 178 199 216 293 322 356 405 423 543 555 571 664 682 822 841 846 901 930 969 993 
46 76 206 266 290 311 342 357 359 417 469 551 688 694 715 817 959 
142 165 253 264 309 335 347 497 548 579 621 638 643 723 863 908 928 943 962 
53 239 308 325 354 379 386 387 392 419 486 522 791 811 868 957 
58 102 141 235 333 397 431 466 472 487 488 525 527 609 658 701 712 751 860 861 978 979 980 
113 119 124 228 272 285 294 320 382 415 503 580 616 792 912 
18 286 432 454 560 
134 200 203 236 243 269 300 306 331 482 519 538 581 619 639 711 713 875 911 942 989 
172 207 478 624 813 949 
132 179 184 185 209 244 323 324 330 554 558 565 584 591 631 693 724 738 914 977 995 
84 383 601 663 
8 49 125 369 764 780 
3 32 110 151 227 241 267 389 394 635 671 725 727 756 777 837 853 929 
139 213 988 
233 254 339 380 605 642 873 
155 160 187 190 208 367 393 429 480 492 512 586 675 691 744 772 858 906 933 968 
62 73 87 131 157 167 205 229 280 315 493 495 534 567 578 647 695 709 746 765 789 827 878 931 976 
36 106 137 170 176 341 498 499 521 629 956 
171 198 232 318 355 363 381 445 451 471 509 545 561 597 628 633 656 763 773 807 859 889 902 
174 365 406 409 421 473 583 735 739 749 753 793 888 
30 154 877 
37 65 109 121 153 197 242 312 384 443 476 676 748 801 865 872 945 
162 231 305 475 536 552 721 729 750 769 770 775 783 899 950 
44 66 107 183 425 455 720 923 955 
11 41 47 91 181 261 352 371 496 559 611 654 716 745 847 883 
4 17 56 210 220 255 284 424 430 556 618 660 697 714 752 784 876 896 924 958 984 
307 592 637 649 650 733 800 819 
78 247 262 271 291 337 377 418 985 
52 105 251 373 460 
95 223 275 404 449 458 736 778 
6 71 116 248 273 282 317 447 477 520 790 797 934 
441 483 577 
136 298 302 327 468 474 529 625 634 706 987 
26 39 79 115 135 279 334 364 390 465 542 661 674 683 731 754 
2 10 64 85 204 214 240 358 360 535 816 921 
29 117 348 378 665 766 862 869 871 
123 287 391 399 442 450 453 562 589 593 623 679 755 782 812 824 844 864 903 932 
7 21 97 146 281 396 400 413 491 511 576 602 687 689 692 776 843 879 948 974 
96 118 144 158 182 221 296 374 456 564 672 698 708 757 762 798 820 829 839 866 904 919 947 952 996 
5 50 99 152 224 257 288 353 407 459 501 507 539 587 595 600 604 626 655 670 747 786 895 939 965 
