34 100 194 215 297 418 
5 182 224 615 639 816 900 
8 169 246 508 517 547 586 662 745 892 926 977 
256 395 454 554 566 686 703 984 
10 158 487 786 800 818 841 
145 613 763 789 827 
124 502 533 584 624 661 753 780 
18 300 392 501 556 573 596 815 852 944 
21 469 506 912 980 
24 379 635 942 
27 128 198 288 341 695 756 
81 146 298 393 511 526 651 861 979 
28 86 88 339 424 524 608 697 743 
388 461 810 811 955 
30 80 117 200 255 377 466 552 598 607 736 744 854 859 948 
75 180 264 266 329 429 603 632 689 747 825 840 887 896 903 905 935 958 987 
0 63 330 471 755 870 994 
60 120 475 588 698 768 826 976 
45 47 127 320 336 495 622 741 879 993 
39 105 420 477 674 
326 438 590 721 727 749 813 
2 40 221 261 268 385 405 481 666 784 
46 96 129 214 249 271 307 332 877 
500 562 616 878 
70 348 436 442 627 668 796 873 932 937 
23 150 177 241 540 792 831 871 
394 408 413 670 716 
50 247 282 304 311 415 559 594 750 
53 131 147 159 234 267 315 353 
26 113 272 284 488 687 
20 273 274 417 427 465 546 618 862 902 
66 232 238 259 530 807 956 
6 41 140 343 350 372 515 636 947 966 
68 122 161 179 583 657 677 715 917 933 
163 212 468 472 497 529 600 793 880 894 
57 58 79 108 136 509 563 569 659 860 906 923 959 963 969 
77 257 458 726 823 886 918 
1 48 56 545 565 610 652 781 921 978 
90 119 283 319 592 
91 456 591 595 785 803 
153 157 168 308 403 550 684 724 975 
12 138 206 265 335 507 575 731 809 821 855 928 940 
93 225 643 667 708 732 967 
173 193 243 520 553 585 739 761 771 904 934 
97 358 361 723 801 
37 55 103 112 344 555 797 863 992 
84 172 293 303 305 369 373 383 445 968 
62 116 299 404 447 449 693 
51 132 280 434 665 734 
32 384 433 518 646 656 806 
9 316 323 333 375 381 450 484 812 
118 178 186 370 376 406 409 459 513 582 843 939 
35 220 390 396 602 679 836 
44 202 218 230 260 324 338 536 541 551 589 631 688 754 762 788 832 929 974 998 
52 197 252 452 489 558 619 735 851 
437 605 694 865 866 908 
16 33 262 291 347 597 817 
160 446 655 671 776 883 965 
36 165 189 208 239 510 521 864 
306 491 535 612 733 760 
19 141 164 203 578 658 682 973 
72 144 192 285 312 313 374 435 451 525 696 711 752 765 783 814 837 838 857 897 920 
74 89 199 483 685 828 938 954 
49 107 242 498 564 567 
154 244 296 496 571 574 609 645 834 972 
71 104 125 134 155 175 204 258 310 587 672 710 795 
190 327 560 617 707 725 767 936 951 997 
43 76 95 98 102 174 364 399 407 431 514 548 593 623 640 650 680 692 714 728 869 950 953 985 
15 64 69 83 123 322 346 490 634 829 
7 31 101 109 115 121 263 270 354 444 544 625 647 712 722 729 769 820 872 874 927 970 991 995 
292 480 486 
183 184 331 380 479 683 699 701 888 909 
149 185 216 236 309 400 410 504 538 660 702 720 777 893 895 899 931 952 982 
254 328 355 423 681 705 999 
99 290 321 561 580 764 773 884 989 
65 231 362 398 522 621 766 915 971 
143 181 295 317 397 478 494 537 606 644 675 846 964 981 
14 133 201 211 213 389 448 626 738 740 
207 235 357 367 371 428 476 499 706 775 794 808 
11 162 251 359 704 758 819 847 858 901 910 986 
210 228 229 233 363 421 430 648 709 885 891 
61 78 250 351 443 922 
85 191 512 654 824 830 845 
156 196 391 531 581 757 802 
94 289 301 360 365 382 432 457 485 493 717 779 790 805 822 844 913 
38 135 245 281 402 419 516 549 638 663 770 853 960 983 
195 302 633 990 
188 248 253 337 426 467 474 482 577 799 850 890 930 988 
25 205 275 278 368 387 462 463 470 572 690 961 
126 187 412 414 439 576 611 713 
318 356 441 464 542 599 
22 114 166 276 527 700 751 943 
170 345 349 386 505 557 
4 54 111 148 151 279 334 532 534 630 642 676 730 746 774 778 941 949 962 
67 82 137 209 227 286 416 539 601 629 669 678 691 804 839 882 
3 142 287 314 342 718 957 
237 455 833 868 996 
29 42 73 130 171 219 277 325 401 867 
59 139 226 269 340 503 528 782 791 842 856 876 889 898 907 925 
87 106 152 568 653 748 848 
176 294 440 492 570 637 673 787 
92 110 240 473 519 579 664 759 798 911 914 946 
167 366 543 737 875 919 945 
352 719 772 835 916 
422 523 604 641 742 924 
222 620 649 849 
13 17 217 223 411 425 460 614 628 881 
378 453 
