2 65 143 287 339 476 515 521 533 540 676 678 683 688 761 816 840 901 919 985 
15 16 37 76 90 101 127 223 227 263 264 419 423 455 467 479 517 567 580 641 643 648 650 730 756 908 931 942 955 977 
78 154 180 367 377 456 597 622 637 698 731 748 768 930 
3 5 13 52 113 160 168 181 242 250 327 404 454 587 625 665 703 764 775 801 815 819 830 
69 72 141 161 179 182 192 204 234 236 288 406 441 443 555 592 619 631 640 782 803 868 870 899 903 938 946 963 989 993 
8 19 60 174 210 213 280 291 332 361 518 570 656 729 787 853 902 924 
11 21 22 41 71 238 254 281 323 360 384 412 416 424 535 542 598 684 706 822 824 854 925 
32 34 35 36 48 106 153 163 169 237 247 278 279 282 321 407 448 462 466 544 620 672 718 751 754 769 774 802 813 836 937 975 
18 94 232 261 266 309 336 340 430 481 514 554 628 668 696 705 743 753 763 789 843 850 876 
9 145 173 308 310 438 478 593 603 691 694 740 900 943 948 
25 33 61 226 295 368 471 493 581 586 599 629 826 906 917 929 944 
318 427 831 
38 219 666 
20 55 63 84 195 338 364 373 381 422 444 458 473 482 513 582 611 664 721 733 749 778 845 904 952 970 972 
27 199 244 714 727 848 898 932 939 997 
0 23 59 124 129 201 257 333 343 403 460 474 539 591 613 614 618 687 690 766 784 833 837 844 888 
128 218 221 296 328 353 386 387 432 459 492 564 590 632 638 680 738 772 798 856 987 996 
62 64 96 97 125 216 235 239 289 415 436 480 494 502 509 510 534 561 589 663 673 682 746 758 827 864 907 920 922 928 966 978 
24 87 91 92 117 135 188 211 217 270 271 315 345 352 358 365 366 369 408 464 470 545 552 568 601 624 654 675 697 707 724 728 777 786 823 834 911 926 995 
75 105 109 130 164 172 251 285 293 298 303 347 355 402 417 468 488 526 532 574 607 621 627 658 667 745 755 773 838 861 886 918 941 951 973 990 
57 79 123 175 185 190 241 290 297 314 388 421 496 499 505 543 577 608 626 639 660 692 732 757 759 807 832 884 891 916 956 984 998 
28 29 58 82 89 102 122 149 150 165 171 260 272 283 329 344 351 461 477 498 508 528 546 578 602 635 762 770 771 794 796 859 954 964 
12 203 275 389 524 711 806 809 
51 88 98 99 222 229 259 341 372 418 442 453 522 573 583 642 651 657 760 797 810 869 
70 720 
148 400 516 988 
319 490 940 
114 121 189 231 356 399 433 519 553 584 610 653 736 855 863 
45 50 131 144 152 193 313 335 469 472 507 556 563 604 615 677 723 776 791 811 889 893 914 934 959 
1 46 116 132 136 140 156 197 256 258 300 302 378 393 409 425 484 572 600 744 808 841 873 890 953 
42 133 414 439 634 905 983 
54 85 112 191 248 325 363 396 566 616 645 704 866 897 921 961 
30 73 120 137 142 158 170 176 177 331 337 374 413 465 520 529 549 550 612 695 780 795 799 814 872 881 957 
66 83 146 147 151 252 265 269 276 306 349 385 440 463 483 504 536 571 575 606 646 661 702 710 747 812 852 878 949 958 
44 205 208 262 394 397 405 435 511 617 800 847 849 894 
4 184 420 630 741 
7 110 138 162 401 451 576 595 717 895 980 
103 178 284 501 538 644 685 689 713 716 750 788 842 858 865 927 945 950 
186 194 214 274 316 354 357 370 548 623 708 785 825 892 923 933 969 994 
31 68 108 155 202 233 246 277 292 322 326 342 371 380 495 512 525 537 569 585 649 652 659 670 671 701 709 781 783 792 805 846 882 913 915 935 992 
115 187 200 206 209 376 391 428 434 523 558 594 596 742 765 839 883 909 
100 111 166 390 449 559 739 
43 47 74 139 230 245 253 294 320 383 431 450 452 485 486 531 579 686 693 719 793 874 910 974 
26 40 118 157 159 215 240 249 255 273 346 375 382 475 487 551 560 588 647 674 681 715 734 835 862 885 912 971 981 
126 207 312 429 500 503 804 879 968 
17 53 56 77 81 107 183 198 228 243 286 334 491 497 541 547 609 700 722 725 726 828 875 880 960 962 986 991 
80 220 299 317 437 445 446 457 489 565 679 752 767 779 851 871 976 
737 
49 67 93 95 104 134 196 224 225 305 311 330 350 410 426 506 530 557 562 605 633 655 669 699 712 817 818 820 829 860 887 967 979 
6 14 167 212 307 324 359 362 379 392 527 636 821 867 947 965 999 
268 398 
10 39 86 119 267 301 304 348 395 411 447 662 735 790 857 877 896 936 982 
