1 48 172 213 216 225 637 666 729 824 859 
7 13 39 43 72 85 86 115 128 205 257 264 269 352 384 418 430 454 490 491 537 553 568 618 641 642 726 761 802 807 829 830 893 934 
10 118 123 161 180 256 333 355 407 432 460 616 624 827 849 901 942 945 
8 16 137 189 217 357 370 394 429 442 500 519 648 654 701 717 721 767 782 789 818 840 863 898 913 993 
6 17 56 73 188 220 246 270 282 297 313 398 410 444 485 495 538 583 591 592 653 665 667 680 689 750 776 779 828 894 955 975 
19 104 117 397 415 841 
21 46 119 221 236 316 453 456 572 612 751 978 
28 33 67 80 214 240 331 351 474 527 714 740 820 874 923 972 979 
35 222 328 350 361 366 411 440 514 523 524 552 589 597 602 604 617 683 693 713 718 797 861 895 956 965 982 998 
40 79 94 239 301 306 343 403 449 508 515 687 811 814 887 938 
44 89 173 202 206 267 271 322 353 374 437 455 535 543 546 620 623 662 705 780 843 848 911 
95 103 130 235 310 488 489 560 735 744 795 999 
47 82 88 106 131 149 166 174 186 187 215 251 347 412 565 657 741 763 808 845 882 888 929 940 
9 53 65 139 159 162 178 199 268 280 376 389 402 526 627 743 757 862 875 885 899 900 909 959 977 
11 49 68 146 175 210 231 237 241 250 259 329 337 344 349 358 388 461 506 510 634 649 694 769 774 799 813 816 842 924 933 946 947 951 
247 354 422 518 567 638 854 858 
60 92 96 134 156 211 219 224 228 304 317 382 404 419 435 516 532 554 696 754 803 834 
61 196 385 
62 446 622 639 986 
57 74 142 183 226 296 396 405 414 423 451 470 573 581 603 611 640 685 700 773 788 806 821 835 872 891 908 918 935 976 
20 31 37 83 84 190 218 260 386 424 467 469 476 507 533 593 626 703 719 731 792 852 883 921 984 
580 582 997 
64 90 144 348 815 
5 18 29 55 58 75 150 203 234 266 281 288 292 367 393 421 475 520 547 584 710 712 725 765 772 936 944 960 961 
0 254 262 336 447 497 499 557 585 601 632 633 635 671 673 742 771 783 787 800 826 869 878 890 932 950 968 971 
81 100 171 311 359 619 747 856 
3 54 102 154 185 248 273 320 406 509 562 732 762 819 825 833 836 864 907 
42 108 181 305 530 574 643 832 
4 30 34 109 116 133 163 191 193 263 289 295 463 512 566 692 706 715 734 753 790 871 873 925 952 957 973 
25 52 111 168 307 341 563 698 916 
120 492 
14 59 132 135 169 204 208 232 293 362 426 428 462 471 579 588 599 606 636 659 661 688 709 837 851 876 930 966 995 
113 126 129 138 233 249 308 319 335 342 433 486 534 540 605 610 621 656 660 682 684 728 785 896 
66 112 140 153 160 167 197 227 244 279 283 286 294 323 326 369 395 434 484 522 541 544 550 558 586 650 702 708 711 775 810 850 904 906 910 
38 71 76 78 110 125 148 312 401 427 459 468 598 668 677 690 716 791 809 838 865 868 870 897 969 981 
105 177 195 198 243 274 284 309 321 339 373 521 590 645 664 758 817 853 857 922 964 
26 32 45 97 98 122 158 184 252 253 290 302 338 371 390 400 425 480 494 542 561 608 625 651 691 727 745 746 748 752 770 781 860 926 953 
2 12 15 23 101 124 127 179 261 287 291 298 314 315 379 391 420 436 450 502 505 549 556 559 595 678 681 796 839 905 941 962 963 985 989 
41 165 265 276 327 478 482 629 679 
201 238 372 587 823 847 
27 87 200 207 242 299 346 417 448 473 513 517 663 723 760 801 844 919 920 
91 121 151 182 192 223 272 345 408 439 458 477 487 496 525 551 577 609 669 697 704 846 881 927 948 
51 77 147 157 164 230 275 303 318 325 375 392 409 416 438 501 596 614 647 652 670 676 755 805 879 902 949 958 980 996 
93 363 378 594 658 720 730 733 884 
212 493 545 756 
24 69 176 255 258 324 330 332 334 368 380 381 383 387 413 452 503 564 575 576 628 675 724 738 798 880 892 931 943 987 992 
99 194 360 364 365 504 536 578 631 655 722 739 778 967 970 991 
141 278 990 
36 63 70 136 143 152 229 377 465 466 481 483 511 531 570 600 646 686 736 749 768 777 786 794 804 812 822 831 867 877 886 903 914 915 939 988 
22 50 107 114 170 209 245 399 528 529 555 569 571 607 672 674 695 737 764 912 937 954 983 
145 155 277 285 300 340 356 431 441 443 445 457 464 472 479 498 539 548 613 615 630 644 699 707 759 766 784 793 855 866 889 917 928 974 994 
