21 46 119 236 290 301 453 456 572 751 978 
97 184 252 253 313 371 400 425 494 561 691 733 745 746 770 860 
80 503 655 
44 89 173 202 206 267 271 322 353 374 437 455 535 543 546 620 623 662 705 780 843 848 911 
16 25 100 394 429 500 580 648 701 993 
19 26 32 98 158 302 338 390 480 542 608 625 651 727 748 781 926 953 
197 248 294 369 395 544 650 708 906 
20 31 37 83 84 218 260 424 467 469 476 507 533 593 626 703 719 792 852 883 921 984 
63 152 481 483 511 570 686 794 804 877 988 
42 57 62 142 226 305 405 446 451 470 603 622 639 685 773 908 976 
2 15 23 101 124 127 179 261 287 291 298 315 379 391 420 436 450 502 505 549 556 559 595 678 681 796 839 941 962 963 985 989 
9 53 65 139 159 162 178 199 268 280 376 389 402 526 627 743 757 862 875 899 900 909 959 977 
74 114 183 396 414 423 573 581 611 700 788 806 821 872 891 918 935 
11 49 210 250 259 337 349 388 397 694 769 774 842 947 951 
51 161 629 
169 201 221 316 582 636 731 
5 18 29 55 58 75 150 203 234 266 281 288 292 367 393 421 475 520 547 584 710 725 765 772 936 944 960 961 
28 238 847 
33 214 216 331 351 355 488 527 714 820 874 923 
13 39 177 284 474 645 853 
7 43 72 85 86 115 128 205 257 264 269 352 384 418 430 454 490 491 537 553 568 618 641 642 726 761 802 807 829 830 893 934 
6 17 56 73 246 270 282 297 398 410 444 485 495 538 583 591 592 653 665 667 680 750 776 779 828 885 894 955 
40 79 94 306 307 320 329 341 403 449 515 687 811 814 887 938 
122 340 431 443 445 574 613 644 784 974 
24 69 176 255 258 324 330 332 334 368 380 381 383 387 413 452 564 575 576 628 675 724 738 798 880 892 931 943 987 992 
22 50 107 170 209 245 399 528 529 555 569 571 607 672 674 695 737 764 912 937 954 983 
64 90 137 217 689 815 
99 194 360 364 365 372 504 536 578 631 722 739 778 967 970 972 991 
171 180 237 278 311 619 640 747 835 856 
3 54 102 111 154 168 185 343 406 509 562 563 698 732 762 819 825 833 836 864 907 916 
104 190 415 767 782 905 
108 181 530 643 832 975 
0 52 81 254 363 447 497 585 601 632 633 671 673 771 787 826 932 971 
113 126 129 138 233 249 308 319 335 342 433 486 534 540 605 610 621 656 660 682 684 728 785 896 
265 333 407 460 489 624 679 740 827 849 901 986 
1 48 105 172 213 225 293 635 637 729 824 859 964 
91 121 151 182 192 223 272 345 408 439 458 477 487 496 525 551 609 669 697 704 846 881 927 948 
41 130 235 256 354 567 795 858 945 
60 92 96 134 156 211 219 224 228 304 317 382 404 419 435 516 532 554 696 754 803 834 
144 300 441 464 472 479 531 539 548 615 630 766 793 866 889 917 994 
59 132 135 165 204 208 362 426 428 462 471 579 588 606 659 661 688 709 837 851 876 930 966 995 
12 262 314 
120 140 153 283 484 492 775 
77 147 157 164 230 275 303 318 325 375 392 409 416 438 501 596 614 647 652 670 676 755 805 879 902 949 958 980 996 
112 160 167 244 273 279 326 522 702 711 810 910 
27 87 200 207 242 299 346 417 448 473 513 517 663 723 760 801 844 919 920 
10 118 123 141 327 359 712 942 
45 482 752 
47 82 88 106 131 149 166 174 186 187 215 251 347 412 565 657 741 763 808 845 882 888 929 940 
188 220 587 823 
4 30 34 109 116 133 163 191 193 263 289 295 463 512 566 692 706 715 734 753 790 871 925 952 957 973 
66 227 286 323 434 541 550 558 586 850 904 990 
68 146 175 231 241 344 358 461 506 510 634 649 799 813 816 924 933 946 
67 117 212 240 493 545 756 841 979 
232 386 599 997 
195 198 243 274 309 321 339 521 590 666 758 817 857 922 
61 196 239 385 
136 377 465 600 646 812 822 831 867 886 915 
276 478 873 
336 499 557 742 783 800 869 878 890 950 968 
8 189 348 357 370 442 508 519 654 717 721 789 818 840 863 898 913 
95 103 310 432 560 612 616 735 744 999 
145 155 277 356 457 498 699 707 759 855 928 
14 296 577 
35 93 247 328 350 422 518 523 597 602 604 638 854 861 956 965 
36 70 143 229 285 466 736 749 768 777 786 903 914 939 
222 361 366 411 440 514 524 552 589 617 683 693 713 718 797 895 982 998 
373 378 594 658 664 720 730 884 
38 71 76 78 110 125 148 312 401 427 459 468 598 668 677 690 716 791 809 838 865 868 870 897 969 981 
