427 571 618 902 938 
75 180 232 264 266 288 329 429 632 689 747 825 840 896 903 935 958 987 
33 142 167 342 486 865 
24 188 248 253 337 426 467 482 799 850 890 930 988 
9 182 386 984 
158 603 786 800 818 887 905 
149 216 236 309 355 400 504 660 702 720 777 895 899 931 952 982 
66 76 307 417 530 921 
14 39 64 178 186 406 420 459 533 661 740 753 843 939 
69 106 275 431 656 714 728 829 945 
13 17 217 881 
345 349 670 703 743 
99 580 773 884 989 
19 26 132 141 164 203 578 658 898 973 
245 498 842 925 
5 23 51 71 104 125 128 134 155 172 175 241 258 373 540 587 614 672 710 792 795 831 
52 220 226 379 489 509 619 635 
25 294 302 395 481 554 633 830 833 
29 73 183 184 380 867 
30 46 80 200 255 377 466 512 552 607 665 744 787 854 859 948 
34 194 215 418 
173 193 520 585 739 761 771 904 
40 83 268 445 465 513 784 
32 84 87 293 303 424 863 937 
16 133 817 
15 111 322 433 490 518 572 634 806 
162 163 202 218 411 425 434 565 600 628 683 
90 143 156 471 477 494 524 592 964 994 
189 208 281 480 510 549 638 663 960 
8 517 586 862 
437 605 610 849 866 878 
44 230 260 324 338 536 541 551 589 631 688 754 762 788 832 929 974 998 
102 150 171 314 325 563 
407 514 623 680 
0 63 249 397 478 537 606 846 
27 92 110 240 473 519 579 664 798 911 914 946 
48 116 219 280 308 404 462 545 564 652 
1 56 61 568 922 
291 352 383 396 597 602 835 836 
177 358 500 923 
60 120 204 310 475 502 588 885 976 
22 59 170 199 497 503 876 
2 86 316 375 381 484 812 
38 97 135 323 333 616 
43 95 98 174 252 292 364 399 548 593 640 650 692 869 950 953 985 
47 336 441 461 464 879 
77 401 402 419 476 516 598 736 770 853 983 
315 327 505 671 883 997 
298 511 526 767 861 979 
58 79 108 474 569 659 801 871 906 959 963 969 
36 37 165 234 239 521 682 
45 96 127 195 326 698 768 826 
50 93 126 225 577 611 716 942 967 
20 297 675 868 
105 369 644 674 687 870 981 
254 449 567 693 996 
49 257 276 371 886 918 
62 295 299 317 442 460 
94 289 301 360 365 382 432 457 485 493 717 734 779 790 805 822 844 913 
113 272 284 488 
114 166 363 499 557 700 751 943 
42 243 263 458 823 
70 118 130 348 370 582 873 932 
28 117 169 508 547 608 745 926 
21 283 469 506 529 912 980 
72 119 144 157 181 192 285 312 313 319 374 435 451 525 550 696 711 752 765 783 814 837 838 857 897 920 
68 122 161 179 583 657 677 715 917 933 
78 123 237 250 351 562 
74 341 412 561 695 764 916 
196 210 353 581 648 
213 388 422 641 742 955 
223 269 534 
67 82 137 209 227 286 416 539 601 629 669 678 691 804 839 882 
41 140 212 343 350 468 472 515 636 793 880 894 947 966 
145 613 763 789 827 
3 287 443 450 527 718 957 
154 244 296 347 496 574 609 645 662 697 834 972 
160 261 617 655 707 951 965 
153 168 403 684 724 975 
35 205 228 495 848 968 
321 391 531 757 802 
584 807 810 811 
89 446 483 546 685 776 828 954 
100 197 271 409 452 470 542 558 732 851 892 977 
176 277 570 637 643 667 708 775 
81 146 393 651 809 
65 198 231 362 394 398 479 522 621 654 699 701 759 766 909 915 971 
190 247 304 560 649 725 990 
6 131 290 346 372 454 686 694 755 756 
12 138 206 265 335 389 507 575 731 821 855 928 940 
185 201 207 235 357 367 410 428 538 706 794 808 893 
332 447 604 653 748 877 924 
229 233 421 430 487 709 841 891 
214 273 390 438 440 492 590 673 813 
103 112 242 344 555 713 797 864 992 
224 615 639 816 900 
91 305 456 591 785 
129 152 320 622 737 741 993 
11 251 413 704 723 758 819 847 901 986 
10 328 681 705 999 
57 88 311 339 376 423 594 679 719 860 
262 274 330 359 726 888 910 919 
53 159 267 414 553 
18 107 238 259 300 392 501 556 559 573 646 815 852 934 944 956 
278 368 384 387 415 961 
7 31 101 109 115 121 270 354 444 455 544 625 647 712 722 729 769 820 872 874 927 970 991 995 
306 491 535 612 733 760 
55 124 282 378 453 624 750 780 
463 523 936 
85 191 318 331 356 599 824 845 
139 256 340 528 595 782 791 803 856 889 907 
4 54 148 151 279 334 439 532 630 642 676 730 746 774 778 941 949 962 
187 211 361 385 405 448 543 576 626 738 
221 366 596 666 772 858 875 
222 408 721 727 749 781 908 978 
136 147 436 627 668 735 796 
246 566 620 690 
