1 11 48 276 298 373 478 666 
3 40 54 79 102 154 185 248 320 406 509 732 762 819 825 833 836 864 907 938 
74 114 183 296 396 414 423 573 581 611 700 788 806 821 872 891 918 935 
19 104 117 415 841 
10 41 132 204 327 606 
169 426 453 493 545 751 756 876 966 
7 43 85 115 128 171 205 257 264 361 384 418 430 454 490 491 618 642 645 807 829 893 934 
13 33 39 67 80 214 331 351 474 527 655 714 820 874 923 979 
14 481 483 511 570 804 
2 12 15 23 101 124 127 179 261 287 291 314 315 379 391 420 436 450 502 505 549 556 559 595 678 681 796 839 905 941 962 963 985 989 
20 31 37 83 84 190 218 260 386 424 467 469 507 533 593 626 703 719 731 792 852 883 921 984 
28 310 364 536 778 972 999 
44 173 202 206 267 271 322 353 374 437 455 535 543 546 620 623 662 705 780 843 848 911 
27 87 200 207 242 299 307 346 417 448 473 513 517 663 723 760 801 844 919 920 
45 97 98 122 184 252 253 302 328 371 390 400 425 494 561 691 727 745 746 748 752 770 781 860 926 
165 256 560 624 679 740 901 
21 46 89 254 363 447 497 671 673 771 932 971 
63 136 152 686 729 794 877 988 
93 247 523 638 684 873 
100 195 311 580 856 
201 238 587 823 847 
42 57 62 142 226 405 446 451 470 603 622 639 640 685 773 908 976 
135 208 221 293 362 428 462 471 572 579 582 588 636 659 661 688 709 837 851 859 930 995 
61 239 369 385 
144 145 155 277 285 300 340 356 441 445 457 464 472 479 498 548 615 630 644 699 707 759 766 784 793 855 866 889 917 928 974 994 
64 137 189 217 313 348 508 717 863 
66 153 227 244 286 323 541 550 586 850 904 906 990 
49 68 81 146 175 196 231 241 250 337 344 358 397 506 510 619 649 694 769 813 842 924 946 947 
38 71 76 78 110 125 148 312 401 427 459 468 598 668 677 690 716 791 809 838 865 868 870 897 969 981 
6 17 56 73 188 220 246 262 270 282 297 398 410 444 485 495 538 583 591 592 653 665 667 680 750 776 779 828 955 975 
273 274 309 339 378 658 733 884 
59 119 172 236 290 301 456 978 
91 121 151 182 192 223 272 345 408 439 458 477 487 496 525 551 577 609 669 697 704 846 881 927 948 
95 103 118 130 161 235 265 354 407 432 489 567 612 616 735 744 795 827 849 858 942 945 
99 194 360 365 372 504 578 631 722 739 967 970 991 
52 94 111 168 306 341 343 403 449 515 562 563 687 689 698 811 814 887 916 
123 180 278 349 835 
333 366 460 986 
72 86 90 269 352 537 553 633 641 726 761 802 815 830 
113 126 129 138 233 249 308 319 335 342 433 486 534 540 605 610 621 656 660 682 728 785 896 
120 434 492 
4 30 34 109 116 133 163 191 193 263 289 295 463 512 566 692 706 715 734 753 790 871 925 952 957 973 
36 70 143 229 377 465 531 600 646 736 749 768 777 786 812 822 831 867 886 903 914 915 939 
112 140 141 160 167 197 212 279 283 294 326 395 484 522 544 558 650 702 708 711 775 810 910 
9 53 65 139 159 162 178 199 268 280 376 389 402 526 627 743 757 862 875 885 899 900 909 959 977 
51 77 147 157 164 230 275 303 318 325 375 392 409 416 438 501 596 614 647 652 670 676 755 805 879 902 949 958 980 996 
108 181 305 530 643 832 
47 82 88 106 131 149 166 174 186 187 215 251 347 412 565 657 741 763 808 845 882 888 929 940 
431 443 539 613 
60 92 96 134 156 211 219 224 228 304 317 382 404 419 435 516 532 554 696 754 803 834 
22 50 107 170 209 245 399 528 529 555 569 571 607 672 674 695 737 764 912 937 954 983 
210 237 259 329 388 461 634 747 774 799 816 933 951 
0 336 499 557 585 601 632 635 742 783 787 800 826 869 878 890 950 968 
232 316 568 599 997 
240 476 
105 177 198 213 216 225 243 284 321 359 521 590 594 637 664 720 730 758 817 824 853 857 922 964 
8 16 25 357 370 394 429 442 500 519 648 654 701 721 767 782 789 818 840 898 913 993 
5 18 29 55 58 75 150 203 234 266 281 288 292 367 393 421 475 520 547 584 710 712 725 765 772 936 944 960 961 
24 69 176 255 258 324 330 332 334 368 380 381 383 387 413 452 503 564 575 576 628 629 675 724 738 798 880 892 894 931 943 987 992 
35 222 350 411 422 514 518 524 552 589 597 602 604 617 683 693 713 718 797 854 861 895 956 965 982 998 
26 32 158 338 440 480 482 542 574 608 625 651 953 
355 466 488 
