1 48 172 213 216 225 637 666 729 824 859 
3 94 154 168 320 343 406 482 509 515 562 563 698 732 762 819 825 836 864 887 907 916 
5 18 29 55 58 75 150 203 234 266 281 288 292 367 393 421 475 520 547 584 710 712 725 765 772 936 944 960 961 
8 117 397 841 
10 41 95 103 118 123 130 180 235 327 354 407 432 489 567 612 616 735 744 795 827 849 942 945 
161 165 256 265 560 624 629 679 740 901 
16 25 104 137 217 394 429 500 530 574 701 767 782 905 993 
20 31 37 83 84 190 218 260 379 386 424 467 469 476 507 533 593 626 703 719 731 792 852 883 921 984 
21 46 59 119 236 428 456 493 545 572 751 756 930 978 
19 98 196 
24 69 176 255 258 324 330 332 334 368 380 381 383 387 413 452 503 564 575 576 628 675 724 738 798 880 892 931 943 987 992 
188 201 587 823 
28 61 197 238 279 369 847 999 
4 30 34 109 116 133 163 191 193 263 289 295 463 512 566 692 706 715 734 753 790 871 925 952 957 973 
47 82 88 106 131 149 166 174 186 187 215 251 347 412 565 657 741 763 808 845 882 888 929 940 
49 68 146 175 210 231 237 241 259 296 329 344 349 358 388 461 506 510 634 649 694 769 774 799 813 816 835 842 933 946 947 951 
9 53 65 139 159 162 178 199 268 280 376 389 402 526 627 743 757 862 875 885 899 900 909 959 977 
60 92 96 134 156 211 219 224 228 304 317 382 404 419 435 516 532 554 696 754 803 834 
17 56 73 220 246 270 282 297 398 410 444 485 495 538 583 591 592 653 665 667 680 689 750 776 779 828 894 955 975 
11 81 100 171 222 250 311 337 619 747 856 924 
122 445 498 699 
39 105 177 198 243 274 284 309 321 339 359 373 521 590 594 645 664 720 730 758 817 853 857 922 964 
195 580 
366 411 440 514 552 589 602 617 683 693 713 718 797 895 982 998 
113 126 129 138 233 249 308 319 335 342 433 486 534 540 605 610 621 656 660 682 684 728 785 896 
120 492 
40 54 63 79 102 185 239 306 370 403 449 687 811 814 833 938 
276 378 478 658 733 884 
14 132 135 169 204 293 362 426 453 462 471 579 606 659 661 688 709 837 876 966 995 
114 313 333 460 986 
111 307 341 
144 145 155 277 285 300 340 356 372 385 441 443 457 464 472 479 539 548 613 615 630 644 707 759 766 784 793 855 866 889 917 928 974 994 
33 67 80 214 331 351 355 415 474 527 631 655 714 722 820 874 923 979 
38 71 76 78 110 125 148 312 401 427 459 468 598 668 677 690 716 791 809 838 858 865 868 870 897 969 981 
6 26 32 45 97 158 184 252 253 290 301 302 338 371 390 400 425 480 494 542 561 608 625 651 691 727 745 746 748 752 770 781 860 926 953 
91 121 151 182 192 223 272 345 408 439 458 477 487 496 525 551 577 609 669 697 704 846 881 927 948 
66 112 140 141 153 160 167 208 212 227 244 248 273 283 286 294 323 326 395 434 484 522 541 544 550 558 586 650 702 708 711 775 810 850 904 906 910 990 
2 12 15 23 101 124 127 179 261 287 291 298 314 315 391 420 436 450 502 505 549 556 559 595 678 681 796 839 941 962 963 985 989 
64 108 181 189 305 348 357 442 508 519 643 648 654 717 721 789 818 832 840 863 898 913 
44 89 173 202 206 267 271 322 353 374 437 455 535 543 546 620 623 662 705 780 843 848 911 
7 13 43 72 85 86 90 115 128 205 257 264 269 352 384 418 430 454 490 491 537 553 568 618 641 642 726 761 802 807 815 829 830 893 934 
0 52 254 262 336 363 431 447 497 499 557 585 601 632 633 635 671 673 742 771 783 787 800 826 869 878 890 932 950 968 971 
27 87 200 207 242 299 346 417 448 473 513 517 663 723 760 801 844 919 920 
35 93 247 328 350 361 422 518 523 524 597 604 638 854 861 873 956 965 
36 70 136 143 152 229 377 465 481 483 511 531 570 600 646 686 736 749 768 777 786 794 804 812 822 831 867 877 886 903 914 915 939 988 
51 77 147 157 164 230 275 303 318 325 375 392 409 416 438 501 596 614 647 652 670 676 755 805 879 902 949 958 980 996 
42 57 62 74 142 183 226 396 405 414 423 446 451 470 573 581 603 611 622 639 640 685 700 773 788 806 821 872 891 908 918 935 976 
22 50 107 170 209 245 399 528 529 555 569 571 607 672 674 695 737 764 912 937 954 983 
99 194 240 278 310 360 364 365 466 488 504 536 578 739 778 967 970 972 991 
221 232 316 582 588 599 636 851 997 
