0 63 105 143 330 369 471 477 478 494 524 592 644 674 675 686 687 755 846 870 964 981 994 
114 166 499 557 700 751 943 
356 437 605 610 849 866 878 
11 86 162 362 458 621 704 758 875 901 
128 145 183 613 763 789 827 
67 82 137 227 286 306 389 416 428 491 523 535 601 604 612 629 669 678 691 733 760 804 839 882 
1 48 56 116 316 346 375 381 427 484 545 812 
15 290 490 634 899 
196 238 259 461 512 807 810 811 
26 205 207 357 462 492 787 794 808 961 
154 169 244 246 296 496 508 608 609 662 697 745 834 926 972 
40 51 132 268 734 784 
25 33 85 88 167 191 294 469 830 845 
113 198 231 272 398 479 654 699 701 759 909 915 971 
165 269 276 371 453 682 888 910 918 919 
21 41 140 150 179 212 283 343 472 515 529 600 636 793 833 880 894 912 947 966 
49 284 488 796 886 
124 214 235 249 336 440 624 780 809 879 
24 45 50 93 127 188 189 225 318 379 522 577 635 930 942 967 
46 110 211 397 448 481 626 738 
12 34 68 97 122 138 161 206 265 507 575 583 657 677 715 731 821 855 917 928 933 940 
52 73 199 425 480 483 489 549 584 619 663 673 766 954 960 
8 100 197 271 317 353 409 441 452 464 517 542 558 586 599 732 851 892 977 
27 92 177 240 411 473 474 519 871 911 914 923 946 
32 83 339 352 366 424 555 596 670 719 743 772 
7 31 101 109 115 121 270 354 435 444 455 544 625 647 712 722 729 769 820 872 874 927 970 991 995 
222 408 667 694 708 721 727 749 781 865 908 978 
78 417 571 618 776 816 828 902 
35 47 159 293 332 422 447 495 641 653 742 748 848 877 924 968 
37 87 331 388 863 
90 184 321 341 414 439 445 757 884 
16 221 273 303 305 405 666 705 726 823 847 858 986 
70 131 147 543 627 735 932 937 
280 295 404 434 442 552 581 607 665 744 859 948 
99 208 257 263 561 580 681 764 773 835 916 989 
94 289 301 360 365 382 432 457 485 493 717 779 790 805 822 844 913 
3 142 287 323 335 342 443 450 486 527 652 718 957 
30 62 118 255 299 370 582 
103 112 242 344 358 470 500 649 690 713 864 868 992 
57 58 79 84 108 136 509 563 569 659 664 798 801 860 906 959 963 969 
38 135 333 438 502 590 813 
96 117 307 413 460 530 628 683 
274 314 383 574 645 
66 190 219 277 617 639 955 
126 248 253 394 426 467 482 560 643 668 716 799 850 890 988 
13 17 28 217 223 350 412 579 695 881 
348 361 597 723 797 873 
176 570 637 775 
20 69 224 322 465 546 616 862 
80 141 203 250 658 724 854 
254 328 449 531 567 693 996 
281 391 510 521 564 756 802 
29 59 91 139 226 256 340 456 498 503 528 591 595 782 785 791 803 842 856 876 889 898 907 925 
170 468 497 506 980 
123 163 200 237 326 547 562 565 921 
4 54 61 111 148 151 171 201 279 325 334 532 534 630 642 676 730 746 774 778 941 949 962 
18 55 173 193 243 300 378 392 501 520 553 556 559 573 585 739 750 761 771 815 852 904 934 944 956 
22 23 71 104 125 134 155 172 175 204 241 258 310 373 540 587 614 672 710 792 795 831 
14 39 64 178 186 213 376 396 406 420 423 459 513 533 602 661 740 753 843 939 
5 182 615 
149 185 216 236 309 355 400 410 504 538 660 702 720 777 893 895 952 982 
72 119 144 157 181 192 285 312 313 319 374 451 525 696 711 752 765 783 814 837 838 857 897 920 
65 133 262 537 606 817 
107 194 215 297 418 454 824 
74 89 153 168 251 308 351 403 446 550 684 685 938 975 
130 380 638 867 
129 291 320 337 367 622 706 737 741 922 993 
158 377 786 800 818 
10 53 152 156 234 267 487 568 841 999 
77 245 327 401 402 419 466 476 516 598 736 770 853 983 
210 228 229 233 363 421 430 620 648 709 885 891 900 
278 282 315 368 387 415 
42 187 539 576 611 829 
433 518 806 819 
2 6 347 372 395 554 566 703 984 
19 81 146 160 164 261 298 393 511 526 578 651 655 671 707 767 861 883 936 951 965 973 979 997 
60 120 195 247 302 304 475 588 633 698 768 826 976 990 
209 345 349 359 386 505 
36 220 239 311 390 436 594 679 836 
43 76 95 98 102 174 252 292 364 399 407 431 514 548 593 623 640 650 680 692 714 728 869 950 953 985 
44 202 218 230 260 324 338 536 541 551 589 631 688 754 762 788 832 929 974 998 
75 180 232 264 266 288 329 385 429 603 632 689 747 825 840 887 896 903 905 931 935 958 987 
9 106 275 384 463 572 646 656 725 945 
