8 75 369 422 764 780 
1 69 70 196 280 728 
365 465 481 694 739 749 793 949 
67 98 143 186 195 299 372 575 582 680 696 703 742 881 973 986 990 
15 177 213 270 340 370 734 966 992 
348 406 409 421 473 583 735 753 871 888 
16 34 89 129 349 416 796 
68 223 292 718 736 
22 64 82 168 207 452 613 954 
12 25 77 194 250 276 490 531 541 553 722 767 768 803 804 814 852 890 909 961 975 983 
29 117 378 526 862 869 939 
35 100 166 258 283 314 316 326 329 428 470 485 494 500 614 684 707 741 758 880 886 917 
55 122 201 218 238 246 385 438 439 446 502 508 540 608 667 719 805 832 848 894 963 991 
3 32 110 151 227 241 267 389 394 635 671 725 727 756 777 837 853 929 
31 54 72 86 108 310 395 411 530 572 606 617 651 662 704 705 840 849 936 970 
183 234 321 510 653 685 700 828 897 923 
274 436 892 
39 247 271 291 337 377 
142 165 253 264 309 335 347 497 548 579 621 638 643 723 863 908 928 943 962 
13 170 199 686 838 
44 658 994 
58 141 235 472 527 701 712 751 860 861 980 
47 91 352 371 559 677 716 745 847 
179 185 209 323 554 724 920 995 
5 49 50 99 224 257 288 353 407 459 501 507 539 587 600 626 655 670 747 786 895 965 
27 41 51 90 152 161 344 624 997 
4 17 56 210 220 255 284 424 556 618 660 697 714 752 784 876 896 924 958 984 
74 138 149 219 230 252 268 295 304 313 388 437 463 566 588 652 690 759 785 910 918 
2 10 240 535 921 
148 181 231 305 721 729 750 783 950 
62 73 87 131 157 167 205 229 315 493 495 534 567 578 647 695 709 746 765 789 827 878 931 976 
48 57 254 967 
78 262 418 985 
245 478 689 770 779 813 855 
66 350 710 944 
84 176 383 580 
37 65 109 121 153 312 443 476 748 872 945 
140 212 592 649 650 800 819 854 
24 88 126 164 303 366 412 433 496 654 702 761 787 835 883 
95 404 458 518 778 913 999 
102 397 431 435 466 525 607 978 979 
43 104 137 427 609 
52 105 251 373 460 
18 225 286 432 454 560 733 
111 905 
6 36 71 106 116 273 317 447 520 521 790 842 934 
380 605 642 873 
113 119 124 221 294 320 368 382 415 912 
120 125 237 277 659 665 
133 249 256 263 376 410 414 585 640 781 799 834 887 907 
85 173 214 358 359 523 542 816 
23 59 345 430 568 620 648 726 
11 130 145 159 188 604 611 
132 324 558 565 584 591 631 693 738 870 914 977 
28 403 504 537 743 831 851 884 893 938 
184 206 233 338 339 817 825 833 959 
79 248 302 364 468 797 
63 202 285 503 573 632 
46 128 191 311 444 788 
30 154 180 307 877 
9 112 127 150 156 215 265 462 464 484 514 516 536 570 594 601 681 882 898 915 925 946 981 
96 118 144 158 182 296 456 564 672 698 708 757 762 798 820 829 839 866 904 919 947 952 996 
139 175 351 449 766 941 
53 239 308 325 354 379 386 419 486 522 791 811 868 957 
19 81 93 94 169 178 216 293 322 356 405 423 543 555 571 664 682 822 841 846 901 930 969 993 
171 198 232 318 355 360 363 381 445 471 509 545 561 597 628 633 656 763 773 807 859 889 902 
172 475 552 769 775 808 899 
136 298 327 396 474 529 625 634 706 987 
341 451 498 499 629 956 
574 599 622 644 668 795 826 
155 160 187 190 208 367 393 429 480 492 512 586 675 691 744 772 858 906 933 968 
26 115 135 279 390 661 663 674 754 
197 242 332 384 401 676 801 836 865 972 
134 200 203 236 243 269 300 306 331 482 519 538 581 619 639 711 713 875 911 942 989 
14 20 33 60 147 192 193 211 272 301 346 506 532 547 610 627 636 666 669 740 771 774 802 810 818 885 927 
334 477 487 683 731 
107 217 425 455 720 955 
40 61 103 114 222 259 261 282 375 402 408 513 528 533 546 598 646 673 717 806 809 821 823 830 874 922 982 
0 83 226 362 563 637 
92 228 387 392 457 616 792 940 
163 278 290 336 440 448 524 737 891 916 953 
174 266 469 688 988 
101 328 374 398 420 426 505 557 569 595 630 760 926 960 
441 483 577 
76 162 330 461 479 544 998 
42 333 488 515 
342 357 417 551 715 
80 189 204 275 343 361 434 467 489 550 596 612 641 657 730 732 794 867 937 964 
123 287 391 399 442 450 453 562 589 593 623 679 755 782 812 824 844 864 903 932 
7 21 97 146 281 400 413 491 511 576 602 687 692 776 843 879 948 974 
38 45 244 260 289 297 319 517 549 590 603 615 645 678 699 815 845 850 856 857 900 935 951 971 
