2 165 253 254 274 360 386 446 490 
20 67 70 138 183 190 218 225 257 263 301 324 334 461 494 516 524 625 827 847 923 946 950 956 973 986 
143 434 682 816 
8 546 564 578 627 
113 220 357 882 
13 86 241 550 566 647 654 675 734 928 942 964 971 
36 90 156 201 215 262 284 286 288 296 330 343 345 400 407 481 560 643 657 681 733 752 766 771 832 861 954 961 962 989 
15 110 137 200 207 275 279 283 332 344 358 366 368 376 433 548 569 574 597 610 689 735 755 770 886 894 914 955 987 992 
54 96 194 239 335 401 414 443 541 547 561 591 613 655 662 686 701 724 788 817 852 856 866 868 929 968 981 
94 178 501 532 692 
172 181 233 267 408 430 476 489 556 721 900 932 958 
6 28 63 105 199 208 252 268 287 337 399 526 661 750 830 890 993 
580 997 
16 18 30 74 82 112 171 231 238 243 265 312 469 491 545 581 586 774 917 930 
318 325 409 711 
33 111 188 364 379 435 523 649 678 741 762 777 849 873 891 978 
158 458 515 539 595 602 645 745 
37 228 450 525 528 552 
23 184 410 553 680 
0 31 39 49 168 170 193 259 272 404 418 447 456 465 466 488 505 594 623 674 688 691 696 728 740 778 802 957 
7 46 83 146 173 210 246 310 342 486 521 697 769 785 804 836 959 967 970 984 
4 64 149 226 299 326 329 464 838 
355 374 383 413 429 572 658 743 871 887 
175 317 319 395 438 441 596 619 640 699 806 839 855 877 
3 27 58 77 145 157 166 169 182 212 217 338 341 356 432 479 497 573 584 659 670 703 772 793 807 859 885 897 980 996 
14 45 47 65 72 114 130 255 276 362 373 397 422 440 459 468 485 620 621 669 888 896 919 936 
62 66 126 151 191 198 237 393 431 455 542 559 609 715 768 794 795 811 841 907 944 
44 61 68 78 85 155 185 187 289 316 426 471 582 636 730 751 783 843 851 876 880 881 943 988 
12 55 69 97 121 135 180 277 285 300 327 352 394 415 439 453 483 495 499 508 536 606 612 622 639 646 677 713 714 786 801 803 813 875 941 
56 73 79 247 269 412 444 527 653 709 710 748 775 926 933 976 
206 328 363 454 460 570 604 607 668 901 965 
34 51 59 80 89 150 282 419 427 568 571 599 605 631 690 764 799 824 842 853 972 
115 123 154 189 845 
88 103 119 140 176 236 306 428 452 477 531 533 537 638 660 695 707 708 716 784 834 860 864 869 915 974 994 
48 81 122 131 153 261 323 475 512 575 673 685 732 758 822 949 
53 92 142 177 186 321 402 583 684 717 738 767 911 982 998 
5 21 116 167 249 348 349 385 406 421 436 551 563 577 628 672 747 761 867 935 983 
9 32 52 99 106 136 160 205 234 293 339 350 369 371 392 506 519 593 603 663 818 865 874 878 977 
102 294 375 729 
104 227 303 467 549 656 666 671 679 683 727 731 863 
38 40 108 147 196 251 320 333 389 390 522 554 565 588 589 590 618 641 759 883 892 895 898 912 940 
84 98 163 309 351 760 862 990 
50 93 95 134 161 164 179 202 209 219 224 232 250 311 322 387 388 403 417 474 478 492 540 557 576 579 616 694 704 722 726 789 820 826 828 951 
127 245 290 665 742 781 798 879 904 
22 174 235 307 308 473 543 687 975 
11 60 133 162 270 281 336 377 384 504 511 635 725 746 765 782 790 808 850 893 931 952 953 
24 25 101 148 216 331 372 416 425 457 482 544 614 624 637 739 792 810 829 835 924 938 
214 315 999 
17 26 29 75 118 132 221 264 273 278 302 507 518 567 587 626 632 634 652 676 705 720 757 773 800 805 840 846 854 908 945 947 
353 498 530 585 600 651 
10 35 42 100 125 129 192 295 347 367 411 420 448 503 513 601 611 629 791 812 823 902 948 
120 152 159 370 423 424 472 510 617 698 787 837 910 918 927 979 
117 305 449 615 664 712 719 737 749 776 872 966 969 985 
197 211 229 240 260 304 313 340 346 365 451 529 555 562 667 706 819 825 870 905 906 
109 380 487 502 833 903 
76 139 242 248 291 292 378 445 463 848 857 937 995 
43 71 107 141 271 382 437 480 644 648 718 744 780 809 821 844 889 916 
1 195 280 405 514 754 920 991 
203 213 223 244 266 297 396 398 470 558 642 650 693 702 736 753 756 779 814 831 909 922 963 
19 41 91 124 128 258 314 354 359 442 484 500 509 517 535 538 608 797 858 899 913 925 939 
57 87 144 204 222 230 256 298 361 381 391 462 493 496 520 534 592 598 630 633 700 723 763 796 815 884 921 934 960 
