0 27 51 66 83 152 161 344 997 
111 150 350 362 444 563 710 779 944 
57 69 184 330 728 738 
348 365 378 406 421 473 583 735 753 871 888 
48 132 179 209 244 323 324 452 554 558 565 584 591 693 724 914 977 995 
8 85 358 369 764 780 
23 59 274 436 481 568 620 648 726 813 855 892 
10 64 145 214 240 360 420 505 535 668 795 816 921 960 
307 592 637 649 650 733 800 819 
134 200 203 236 243 269 300 306 331 482 519 538 581 619 639 711 713 875 911 942 989 
163 278 336 440 448 737 891 916 
22 189 523 599 613 622 644 826 954 
12 25 77 148 194 250 276 490 531 541 553 722 767 768 803 804 814 852 890 909 961 975 983 
26 115 266 279 390 465 661 674 694 731 754 
1 43 101 280 398 427 435 557 607 
29 117 245 409 526 739 793 862 869 939 
18 78 262 286 418 432 454 560 985 
30 140 154 180 212 877 
3 32 110 151 227 241 267 389 394 635 671 725 727 756 777 837 853 929 
31 54 72 86 108 310 395 411 530 572 606 617 651 662 704 705 840 849 936 970 
38 261 546 
231 305 721 729 750 950 
11 47 185 233 339 384 611 873 
44 121 658 994 
53 239 308 325 354 379 386 419 486 522 791 811 868 957 
92 104 137 168 237 457 609 808 940 
359 364 503 536 552 770 775 
9 112 127 156 188 215 217 225 265 462 464 484 514 516 570 594 681 882 898 915 920 925 946 981 
58 102 141 235 397 466 472 487 525 527 701 712 751 860 861 978 979 980 
172 475 624 769 899 949 
37 65 109 153 197 242 312 443 476 676 748 801 865 872 945 
16 34 89 129 349 416 796 
80 204 343 461 550 657 794 867 967 
24 88 126 164 303 366 412 433 496 702 787 835 847 
441 483 577 
52 105 162 251 268 373 460 474 
19 81 93 94 120 169 178 216 293 322 356 405 423 543 555 571 664 682 822 841 846 901 930 969 993 
40 61 103 114 222 259 282 375 408 513 528 533 598 646 673 806 809 821 823 830 922 982 
6 71 107 317 425 455 720 790 923 955 
332 401 836 870 972 
311 357 417 601 663 715 
113 119 124 228 272 320 415 616 792 912 
76 206 290 334 338 342 551 683 817 833 905 959 
139 175 377 380 562 766 
36 106 170 176 199 521 838 
68 223 631 718 736 
136 298 327 396 529 625 634 689 706 987 
96 118 144 158 182 296 374 456 564 672 698 708 757 762 798 820 829 839 866 904 919 947 952 996 
234 321 510 653 685 700 828 842 897 
28 90 403 537 743 831 851 884 893 938 998 
2 155 393 524 
62 73 87 91 131 157 167 205 315 493 495 534 567 647 695 709 746 765 789 827 878 931 976 
63 84 221 285 294 368 382 383 573 580 
160 187 190 208 367 429 480 492 512 586 675 691 744 772 858 906 933 968 
45 260 292 297 319 517 549 590 603 615 645 678 699 815 845 850 856 857 900 935 951 971 
142 165 253 264 309 335 347 497 548 579 621 638 643 723 863 908 928 943 962 
35 100 166 258 283 314 316 326 329 428 470 485 494 500 614 684 707 741 758 880 886 917 
171 198 232 318 355 363 381 445 451 471 509 545 561 597 628 633 656 763 773 807 859 889 902 
13 67 98 143 186 195 299 372 542 575 582 680 686 696 703 742 881 973 986 990 
46 128 226 275 351 361 434 449 467 489 596 612 641 730 732 788 937 941 964 
328 426 569 630 760 926 
341 498 499 629 956 
4 14 20 192 211 532 547 610 636 740 771 774 818 885 
254 352 371 559 605 642 677 716 761 
125 135 174 469 578 688 988 
5 49 50 99 224 257 288 353 407 459 501 507 539 587 595 600 604 626 655 670 747 786 895 965 
39 229 247 271 291 337 
130 159 478 
17 56 210 220 255 284 424 430 556 618 660 697 714 752 784 876 896 924 958 984 
75 133 249 256 376 410 414 544 585 640 781 799 834 887 907 953 
15 177 213 270 340 345 370 479 734 825 966 992 
82 263 302 422 468 854 
123 287 391 399 442 450 453 589 593 623 679 755 782 812 824 844 864 903 932 
79 116 183 248 273 447 477 520 797 934 
181 289 504 518 783 883 
55 122 201 207 218 238 246 385 438 439 446 502 508 540 608 667 719 805 832 848 894 963 991 
33 60 147 191 193 301 346 506 627 666 669 802 810 927 
41 202 632 654 745 776 
42 333 431 488 515 
70 196 277 659 665 
387 392 749 
95 404 458 778 913 999 
7 21 97 146 281 400 413 491 511 576 602 687 692 843 879 948 974 
173 402 574 717 874 
74 138 149 219 230 252 295 304 313 388 437 463 566 588 652 690 759 785 910 918 
