0 4 31 39 149 168 193 226 237 259 272 299 329 404 418 447 456 465 466 488 505 594 623 674 688 691 696 727 728 740 778 802 838 957 
84 378 754 
16 18 30 74 82 112 171 231 238 243 265 312 469 491 545 581 586 774 917 930 
14 45 47 65 72 114 130 255 276 362 373 397 422 440 459 468 485 620 621 669 888 896 919 936 
118 134 227 311 557 
24 25 101 148 216 331 372 416 425 457 482 544 614 624 637 739 792 810 829 835 924 938 
26 75 132 264 273 278 302 507 518 587 626 632 634 652 676 705 720 757 773 800 805 840 846 854 908 945 947 
3 27 58 77 145 157 166 169 182 212 217 338 341 356 432 479 497 573 584 659 670 703 772 793 807 859 885 897 980 996 
28 63 105 199 252 337 399 441 526 750 890 993 
17 163 325 351 862 990 
36 90 156 184 201 215 262 284 286 288 296 330 343 345 400 407 410 481 553 560 657 680 681 733 752 766 771 832 861 954 961 962 989 
83 464 521 
48 81 102 122 131 143 153 261 294 323 475 512 575 673 685 732 758 822 949 
62 66 126 151 191 198 254 393 431 455 487 502 542 559 609 715 768 794 795 811 833 841 907 944 
20 67 70 138 183 190 218 225 257 263 301 324 334 461 494 516 524 625 738 827 847 923 946 950 956 973 986 
104 303 467 549 645 656 666 671 679 683 731 745 863 
76 111 188 206 242 248 253 274 291 292 328 360 363 364 379 435 445 460 523 570 604 607 649 668 678 741 762 777 848 849 873 891 901 937 965 978 995 
34 51 59 80 89 150 282 419 427 568 571 599 605 631 690 764 799 824 842 853 972 
8 13 203 213 214 223 229 244 266 297 315 396 398 558 564 642 650 693 702 736 753 756 779 814 831 909 922 963 999 
6 22 88 94 178 236 365 450 501 532 692 
287 353 530 600 651 
170 172 181 233 267 408 430 476 489 556 900 932 958 
98 109 115 154 158 643 718 760 
10 220 228 357 420 882 
33 44 61 68 78 85 155 185 187 289 316 426 471 582 636 730 751 783 843 851 876 880 881 943 988 
5 21 116 167 249 348 349 385 406 421 436 551 563 567 577 628 672 747 761 867 935 983 
11 60 133 162 270 281 336 377 384 504 511 635 725 729 746 765 782 790 808 850 893 931 952 953 
9 32 52 99 106 136 160 205 234 293 339 350 369 371 392 506 519 593 603 663 818 865 874 878 883 977 
123 152 195 370 423 472 617 712 737 776 837 845 910 927 966 
12 55 69 97 121 135 180 277 285 300 327 352 394 415 439 453 483 495 499 508 536 606 612 622 639 646 677 713 714 786 801 803 813 875 941 
355 374 383 413 572 658 743 871 887 
159 189 438 525 839 918 979 
103 119 140 176 306 375 428 452 477 531 533 537 638 660 695 707 708 716 784 834 860 864 869 915 974 994 
161 202 322 367 474 492 
35 42 43 100 125 129 165 192 208 295 309 386 411 448 503 513 611 629 744 791 812 823 902 916 948 
308 470 709 
117 120 326 514 985 
37 50 93 95 164 179 209 219 224 232 250 387 388 403 417 454 478 480 528 540 552 576 579 616 694 704 722 726 789 820 826 828 951 
57 87 144 204 222 230 256 298 361 381 391 462 493 496 520 534 592 598 630 633 700 723 763 796 815 884 921 934 960 
174 235 268 307 543 648 687 975 
29 56 73 79 197 211 221 240 247 260 269 304 313 340 346 412 444 451 527 529 555 562 653 667 706 710 748 775 819 825 870 905 906 926 933 976 
7 46 64 113 127 146 173 210 245 246 290 310 318 342 429 486 665 697 742 769 781 785 798 804 836 879 904 959 967 970 984 
2 446 490 580 997 
71 107 141 271 347 382 437 601 644 780 809 821 844 889 
23 53 86 92 142 177 186 241 321 402 409 434 550 566 583 585 647 654 675 684 711 717 734 767 816 911 928 942 964 971 982 998 
175 317 319 380 395 498 596 619 640 661 699 806 830 855 877 903 
15 110 137 200 207 275 279 283 332 344 358 366 368 376 433 548 569 574 597 610 627 689 735 755 770 886 894 914 955 987 992 
19 41 91 124 128 258 314 354 359 442 484 500 509 517 535 538 608 682 797 858 899 913 925 939 
38 40 108 147 196 251 320 333 389 390 473 522 554 565 588 589 590 618 641 759 892 895 898 912 940 
54 96 194 239 335 401 414 443 541 547 561 591 613 655 662 686 701 724 788 817 852 856 866 868 929 968 981 
1 49 280 305 405 424 449 510 615 664 698 719 749 787 872 920 969 991 
139 458 463 515 539 546 578 595 602 721 857 
