0 43 51 83 104 137 235 344 427 435 609 997 
8 369 764 780 
14 20 33 60 147 191 192 193 211 301 346 506 532 547 610 627 636 666 669 740 771 774 802 810 818 885 927 
270 734 994 
16 34 177 348 349 796 
18 88 432 560 607 
68 328 398 420 426 505 557 630 760 926 960 
36 84 106 170 176 199 521 739 838 
117 233 339 380 476 873 
26 115 279 364 390 465 477 487 661 674 731 754 
28 180 370 479 537 677 743 825 831 884 938 966 998 999 
31 54 72 86 108 310 395 411 530 572 606 617 651 662 704 705 840 849 936 970 
74 138 149 219 230 252 268 295 304 313 388 437 463 566 588 652 690 759 785 910 918 
13 67 98 143 186 195 299 372 542 575 582 680 686 696 703 742 881 973 986 990 
38 45 260 292 297 319 517 549 590 603 615 645 678 699 815 845 850 856 857 900 935 951 971 
29 207 526 766 869 
6 44 66 71 116 183 188 273 317 790 923 934 
1 11 47 90 185 254 261 611 967 
40 61 103 114 222 259 272 282 375 402 408 513 528 533 546 598 646 673 717 806 809 821 823 830 874 922 982 
53 239 308 325 354 379 382 386 419 486 522 580 791 811 868 957 
171 198 232 318 355 363 381 383 445 471 509 545 561 597 628 633 656 763 773 807 859 889 902 
215 217 920 
35 100 166 258 283 314 316 326 329 428 470 485 494 500 614 684 707 741 758 880 886 917 
63 202 285 573 632 
223 404 736 
294 340 368 458 778 913 
42 70 196 237 277 365 659 665 
82 140 263 302 468 854 
12 25 77 148 194 250 276 490 531 541 553 722 767 768 803 804 814 852 890 909 961 975 983 
19 81 93 94 120 169 178 216 293 322 356 405 423 543 555 571 664 682 822 841 846 901 930 969 993 
111 150 350 362 444 563 710 779 944 
27 89 161 174 212 245 378 406 409 421 473 583 735 753 793 862 871 888 
85 101 153 226 569 870 
62 69 73 87 131 157 167 205 229 280 315 493 495 534 567 578 647 695 709 728 746 765 789 827 878 931 976 
24 41 91 126 164 181 303 352 366 371 412 433 496 503 559 605 642 654 702 716 745 761 787 835 847 883 
52 105 119 251 373 415 460 
234 321 447 510 653 685 700 828 842 897 
9 112 127 156 225 265 462 464 484 514 516 536 570 594 681 749 882 898 915 925 946 981 
123 287 391 399 442 450 453 562 589 593 623 679 755 782 812 824 844 864 903 932 
46 80 128 175 275 343 351 361 434 449 467 489 550 596 612 641 657 730 732 788 794 867 937 941 964 
58 102 141 333 397 431 466 472 488 525 527 658 701 712 751 860 861 978 979 980 
57 129 416 668 
135 206 266 290 311 334 338 342 359 469 551 683 688 694 817 833 959 
159 162 172 422 478 552 624 770 775 808 813 855 899 
96 118 144 158 182 221 296 374 456 564 672 698 708 757 762 798 820 829 839 866 904 919 947 952 996 
22 64 145 173 189 204 214 358 360 523 574 599 613 622 644 795 816 826 954 
75 76 133 163 249 256 336 376 410 414 440 448 515 544 585 640 737 781 799 834 887 891 907 916 953 
136 139 307 592 625 637 649 650 733 800 819 
155 160 187 190 208 367 393 429 480 492 512 586 675 691 744 772 858 906 933 968 
441 483 577 
37 65 109 121 197 242 312 332 384 401 443 676 748 801 836 865 872 945 972 
10 95 240 535 921 
231 274 289 305 436 721 729 750 783 892 950 
4 17 56 210 220 255 284 424 430 556 618 660 697 714 752 784 876 896 924 958 984 
357 417 601 663 715 
49 79 107 248 425 455 520 720 797 955 
3 32 110 151 227 241 267 389 394 635 671 725 727 756 777 837 853 929 
92 228 387 392 457 616 792 940 
15 134 200 203 236 243 269 300 306 331 482 519 538 581 619 639 711 713 875 911 942 989 
5 50 99 152 224 257 288 353 407 459 501 507 539 587 595 600 604 626 655 670 747 786 895 939 965 
30 142 165 253 264 309 335 347 497 548 579 621 638 643 723 863 908 928 943 962 
78 125 154 213 262 418 529 985 988 
341 451 498 499 629 956 
39 247 271 291 337 377 
59 475 481 769 949 
286 298 327 454 474 634 706 877 987 
23 168 568 620 648 726 
55 122 201 218 238 246 385 438 439 446 502 508 540 608 667 718 719 805 832 848 894 963 991 
48 132 179 184 209 244 323 324 330 461 554 558 565 584 591 631 693 724 738 905 914 977 995 
2 278 524 
403 452 504 518 851 893 992 
113 124 130 320 345 912 
7 21 97 146 281 396 400 413 491 511 576 602 687 689 692 776 843 879 948 974 
