2 10 22 64 68 95 101 145 173 204 214 223 240 254 328 358 360 398 420 505 523 535 557 574 599 613 622 630 644 668 760 795 816 826 921 926 954 960 
11 47 57 185 369 611 967 
155 160 187 190 208 367 393 429 480 492 512 569 586 675 691 744 764 772 858 906 933 968 
12 25 77 148 194 250 276 490 531 541 553 722 767 768 803 804 814 852 890 909 961 975 983 
23 59 345 430 481 568 620 648 726 
31 54 72 86 108 310 395 411 530 572 606 617 651 662 704 705 840 849 936 970 
1 28 104 140 177 180 213 270 340 370 403 479 518 537 677 734 743 825 831 851 884 893 913 938 966 992 994 998 999 
27 29 117 161 207 212 245 348 365 378 406 409 421 473 526 583 665 735 739 753 793 862 869 871 888 949 
55 122 201 218 238 246 385 438 439 446 502 504 508 540 608 667 718 719 805 832 848 894 963 991 
30 142 165 253 264 309 335 347 497 548 579 621 638 643 723 863 908 928 943 962 
84 154 383 663 988 
26 184 279 339 390 444 754 
24 34 41 88 91 126 164 181 303 349 352 366 371 412 433 496 503 559 605 642 654 702 716 745 761 787 796 835 847 873 883 
43 51 58 102 141 235 333 344 397 427 431 432 435 466 472 487 488 525 527 607 609 658 701 712 751 860 861 978 979 980 997 
6 18 36 44 66 71 106 183 234 248 272 282 317 321 447 477 510 520 521 653 700 790 797 828 842 897 923 934 
52 268 307 474 592 649 650 733 800 819 
70 78 82 196 247 262 263 377 404 418 422 560 736 854 985 
74 125 138 149 219 230 295 304 313 388 437 463 566 588 652 690 759 785 910 918 
13 42 67 98 143 186 195 277 299 372 542 575 582 659 680 686 696 703 742 838 877 881 973 986 990 
62 73 87 131 157 167 205 229 280 315 493 495 534 567 578 647 695 709 728 746 765 789 827 878 931 976 
105 119 251 373 460 
53 92 113 124 228 237 239 308 320 325 354 379 386 387 392 415 419 457 486 522 616 791 792 808 811 868 912 940 957 
9 112 127 156 188 215 217 225 265 462 464 484 514 516 570 594 601 681 749 882 898 915 920 925 946 981 
48 132 179 209 244 252 323 324 330 452 461 554 558 565 584 591 631 693 724 738 870 914 977 995 
15 89 129 134 200 203 236 243 269 300 306 331 482 519 538 581 619 639 711 713 875 911 942 989 
90 130 159 172 441 478 483 577 624 
123 287 391 399 442 450 453 562 589 593 623 679 755 782 812 824 844 864 903 932 
40 61 103 114 222 259 261 375 382 402 408 513 528 533 546 580 598 646 673 717 806 809 821 823 830 874 922 982 
85 153 226 380 476 
0 37 63 65 83 109 111 121 150 197 242 285 312 332 362 384 401 443 563 573 676 710 748 779 801 836 865 872 944 945 972 
16 46 115 135 206 233 266 290 311 334 338 342 359 416 469 661 674 683 688 694 731 817 833 905 959 
69 162 231 274 289 305 436 475 536 552 721 729 750 770 775 783 813 855 892 899 950 
5 8 49 50 99 152 224 257 288 353 407 459 501 507 539 587 595 600 604 626 655 670 747 786 895 939 965 
75 76 133 163 174 249 256 278 336 376 410 414 426 440 448 515 524 544 585 640 737 781 799 834 887 891 907 916 953 
3 32 110 151 227 241 267 389 394 465 635 671 725 727 756 777 837 853 929 
4 17 56 210 220 255 284 424 556 618 660 697 714 752 780 784 876 896 924 958 984 
39 79 107 168 271 291 337 364 425 455 720 955 
19 81 93 94 120 169 178 199 216 293 322 356 405 423 543 555 571 664 682 822 841 846 901 930 969 993 
116 273 294 357 368 417 458 551 715 778 
96 118 144 158 182 221 296 374 456 564 672 698 708 757 762 798 820 829 839 866 904 919 947 952 996 
14 20 33 60 147 191 192 193 211 301 346 506 532 547 610 627 636 666 669 685 740 771 774 802 810 818 885 927 
136 286 298 302 327 350 396 454 468 529 625 634 637 706 987 
137 170 171 176 198 232 318 341 355 363 381 445 451 471 498 499 509 545 561 597 628 629 633 656 763 773 807 859 889 902 956 
80 128 139 175 189 275 343 351 361 434 449 467 489 550 596 612 641 657 730 732 766 769 788 794 867 937 941 964 
7 21 97 146 202 281 400 413 491 511 576 602 632 687 689 692 776 843 879 948 974 
35 100 166 258 283 314 316 326 329 428 470 485 494 500 614 684 707 741 758 880 886 917 
38 45 260 292 297 319 517 549 590 603 615 645 678 699 815 845 850 856 857 900 935 951 971 
