0 63 644 870 994 
2 123 221 237 358 359 500 562 888 
273 417 427 618 776 862 902 
5 26 182 337 346 615 898 922 
67 82 209 227 286 306 389 416 428 491 535 539 601 612 629 669 691 733 760 804 839 882 
11 162 251 413 704 723 758 819 847 901 986 
104 125 134 649 
35 169 321 447 461 508 534 705 
19 81 137 146 393 651 861 979 997 
17 126 153 217 236 425 881 
154 244 296 347 496 574 609 645 834 972 
21 469 506 912 980 
114 166 363 557 700 727 751 943 
397 481 537 606 
24 109 142 348 379 603 635 942 
25 85 88 191 294 362 512 621 759 824 830 845 
34 60 87 145 613 763 827 
211 361 448 626 738 873 
70 262 274 330 726 791 919 
12 138 161 206 335 507 575 677 731 809 821 855 928 940 
69 106 194 215 275 418 656 829 945 
37 318 797 863 
366 596 666 772 858 875 
178 201 213 513 939 
10 487 841 
40 268 287 784 
42 77 276 371 823 918 
107 242 254 328 449 567 693 996 
93 97 225 465 577 616 967 
96 129 214 249 307 405 440 492 877 
326 399 698 768 813 826 999 
45 879 988 
127 245 327 401 402 419 661 770 853 983 
280 433 480 516 518 584 663 673 766 960 
152 298 511 568 641 653 748 848 
58 79 108 177 509 563 569 659 801 860 871 923 959 963 969 
61 246 453 470 624 690 816 
158 377 786 800 818 887 905 
105 128 149 288 369 446 674 
62 115 243 299 300 458 573 934 
171 314 325 342 486 
686 755 756 
190 505 524 560 617 678 936 
75 180 264 329 429 689 747 825 840 896 903 935 987 
1 208 263 479 
3 16 71 133 817 
118 189 391 445 510 531 757 802 
343 411 472 529 600 628 636 793 880 
74 78 89 250 351 483 550 685 828 938 954 
100 163 297 331 620 683 
232 385 502 590 632 931 958 
293 303 305 737 968 
28 86 253 265 394 608 716 
49 257 408 749 886 
90 283 592 900 
91 226 340 456 498 503 591 785 803 842 889 907 925 
92 110 240 473 519 579 664 798 911 914 946 
56 200 545 547 565 652 921 978 
205 278 315 368 384 387 462 961 
94 289 301 360 365 382 432 457 485 493 717 779 790 805 822 844 913 
95 102 174 292 431 593 640 734 950 985 
38 135 333 375 381 812 
99 580 773 884 989 
6 372 395 554 566 703 984 
103 112 344 436 476 555 627 937 992 
48 438 604 718 725 
68 122 583 657 715 917 933 
66 238 259 530 807 956 
7 544 712 722 769 820 872 874 927 970 
295 317 981 
57 113 224 266 272 654 729 
466 598 736 
30 46 80 255 552 607 665 744 787 854 859 948 
233 370 383 781 789 932 
168 403 684 724 975 
8 84 131 136 147 353 543 586 735 906 
132 141 164 426 578 658 973 
29 52 73 203 422 489 619 
72 101 119 144 157 192 285 312 313 319 374 435 451 525 696 711 752 765 783 814 837 838 857 897 920 
316 323 443 450 484 527 572 806 957 
4 111 148 151 279 334 439 532 630 642 676 730 746 774 778 941 949 962 
143 156 181 471 477 478 494 675 846 964 
65 332 336 495 622 924 993 
23 155 172 175 204 241 258 310 373 540 587 614 672 710 792 795 831 
356 437 605 610 849 866 878 
13 22 55 199 220 681 780 
248 467 474 482 643 741 799 850 890 930 
20 53 159 721 868 
160 261 526 655 671 707 767 951 965 
120 459 588 976 
51 139 517 662 706 745 
207 234 357 367 599 742 794 808 
176 570 637 775 
197 271 409 441 452 542 558 697 851 892 977 
130 183 380 388 638 811 867 
185 216 309 354 355 400 410 504 538 660 702 720 777 893 895 952 982 
15 83 290 322 396 490 634 899 
170 188 196 468 497 581 
198 231 398 522 699 701 909 915 971 
173 193 520 585 739 761 771 904 
195 302 633 990 
27 341 352 412 561 695 764 835 916 
41 140 150 179 212 350 515 571 833 894 947 966 
219 277 639 955 
9 116 247 308 404 499 559 
31 121 304 455 625 647 810 991 995 
98 184 187 267 414 475 576 611 713 
252 546 553 692 869 926 
124 235 284 488 548 668 687 
59 223 256 269 528 595 782 856 876 
454 463 523 667 694 708 732 865 908 
47 54 291 464 597 796 
36 239 270 281 521 564 
33 165 167 682 910 
222 320 646 883 
117 434 442 460 
18 378 392 501 556 750 815 852 944 
14 39 420 533 740 753 
43 76 364 407 514 623 650 680 714 728 953 
32 339 345 349 386 424 549 670 719 743 864 
44 202 218 230 260 324 338 536 541 551 589 631 688 754 762 788 832 929 974 998 
64 186 376 406 423 444 582 843 
50 282 311 390 415 594 602 679 836 
210 228 229 421 430 648 709 885 891 
