2 22 68 95 189 204 254 613 622 926 954 
10 64 101 173 240 360 398 420 505 535 557 574 630 668 760 816 921 960 
1 177 213 270 340 370 677 734 913 966 992 994 
16 24 34 88 126 164 181 303 349 366 412 433 496 605 642 654 702 761 787 796 835 883 
26 135 206 279 359 364 390 465 674 694 731 754 959 
147 274 301 436 568 718 855 892 
23 59 168 345 481 620 648 726 808 
12 25 77 148 194 250 276 490 531 541 553 722 767 768 803 804 814 852 890 909 961 975 983 
31 54 72 86 108 310 395 411 530 572 606 617 651 662 704 705 840 849 936 970 
28 403 504 537 743 831 851 884 893 938 
27 29 99 117 161 348 378 526 665 766 862 869 871 939 
30 142 165 253 264 309 335 347 497 548 579 621 638 643 723 863 908 928 943 962 
11 41 47 73 91 261 352 371 559 611 716 745 847 
39 79 234 248 282 321 447 477 510 520 653 685 700 797 828 842 897 934 
78 247 262 271 291 337 377 418 985 
69 162 185 330 554 728 
40 61 103 114 222 259 368 375 402 408 513 528 533 546 598 646 673 717 806 809 821 823 830 874 922 982 
42 70 120 125 196 237 277 659 
76 154 518 544 560 607 998 
48 90 967 
74 138 149 219 230 252 268 295 304 313 388 437 463 566 588 652 690 759 785 910 918 
63 66 202 632 710 
35 100 166 258 283 314 316 326 329 428 470 485 494 500 614 684 707 741 758 880 886 917 
46 80 104 128 175 226 275 343 361 434 449 467 489 550 596 612 641 657 730 732 788 794 867 937 941 964 
19 81 93 94 169 178 216 293 322 356 405 423 543 555 571 664 682 822 841 846 901 930 969 993 
38 45 260 292 297 319 517 549 590 603 615 645 678 699 815 845 850 856 857 900 935 951 971 
43 51 58 102 141 235 333 344 397 426 427 431 432 435 466 472 487 488 525 527 609 658 701 712 751 860 861 978 979 980 997 
0 83 85 111 150 332 351 362 380 384 401 563 573 779 801 836 870 944 972 
52 105 119 251 294 373 382 415 460 
8 369 764 780 
171 198 232 318 341 355 363 381 445 451 471 498 499 509 545 561 597 628 629 633 656 763 773 807 859 889 902 
130 159 184 233 339 873 
172 207 478 624 813 949 
62 87 131 157 167 205 229 280 315 493 495 534 567 578 647 695 709 746 765 789 827 878 931 976 
57 132 179 209 244 323 324 452 558 565 584 591 631 693 724 738 914 977 995 
137 290 311 342 357 417 551 715 817 
36 106 170 176 199 521 739 838 
145 192 214 328 358 523 599 795 826 
3 32 110 151 227 241 267 389 394 635 671 725 727 756 777 837 853 929 
307 592 637 649 650 733 800 819 
18 96 118 144 158 182 221 296 374 456 564 672 698 708 757 762 798 820 829 839 866 904 919 947 952 996 
155 160 187 190 208 367 393 429 480 492 512 569 586 675 691 744 772 858 906 933 968 
115 334 338 416 461 661 683 833 905 
37 65 109 121 153 197 242 312 443 476 676 748 865 872 945 
6 44 71 107 139 183 317 425 455 720 790 923 955 
5 49 50 224 257 288 353 407 459 501 507 539 587 595 600 604 626 655 670 747 786 895 965 
15 89 129 134 200 203 236 243 269 272 300 306 331 482 519 538 581 619 639 711 713 875 911 942 989 
75 133 152 163 249 256 278 336 376 410 414 440 448 515 524 585 640 737 781 799 834 887 891 907 916 953 
13 67 98 143 186 195 299 372 542 575 582 680 686 696 703 742 877 881 973 986 990 
116 273 444 778 
9 112 127 156 188 215 217 225 265 462 464 484 514 516 570 594 681 882 898 915 920 925 946 981 
266 469 688 956 988 
4 17 56 210 220 255 284 424 430 556 618 660 697 714 752 784 876 896 924 958 984 
82 263 302 422 468 854 
231 289 305 536 552 721 729 750 770 775 783 950 
123 287 391 399 442 450 453 562 589 593 623 679 755 782 812 824 844 864 903 932 
92 113 124 228 239 308 320 325 354 379 386 387 392 419 457 522 580 616 791 792 811 868 912 940 957 
140 180 404 458 479 825 999 
14 20 33 60 191 193 211 346 506 532 547 610 627 636 666 669 740 771 774 802 810 818 885 927 
136 286 298 327 350 396 454 474 529 625 634 706 987 
174 212 245 365 406 409 421 473 583 735 749 753 793 888 
53 223 285 486 503 644 736 
55 122 201 218 238 246 385 438 439 446 502 508 540 608 667 719 805 832 848 894 963 991 
475 769 899 
7 21 97 146 281 400 413 491 511 576 602 687 689 692 776 843 879 948 974 
441 483 577 
84 383 601 663 
