6 94 147 175 189 196 199 365 438 441 501 532 855 
10 113 220 357 420 882 
11 60 133 162 270 281 336 377 504 511 635 725 746 765 782 790 808 850 893 931 952 953 
13 229 564 814 856 
71 86 271 347 411 437 629 809 889 916 
19 41 91 124 128 258 314 354 359 442 484 500 509 517 535 538 797 858 899 913 925 939 
8 546 578 
26 75 118 302 507 567 587 626 652 773 800 846 908 947 
3 27 58 77 145 157 166 169 182 212 217 338 341 356 432 479 497 573 584 659 670 703 772 793 807 859 885 897 980 996 
268 278 661 
29 117 120 757 985 
31 237 259 404 456 464 505 594 623 696 727 728 778 802 838 
234 463 731 
23 241 550 566 654 675 734 964 971 998 
22 105 208 287 337 619 640 692 699 750 830 993 
184 284 330 343 407 410 451 553 643 657 766 771 962 
0 39 168 193 272 273 299 418 447 465 466 488 674 688 691 740 957 
15 110 137 200 275 279 283 332 344 358 366 368 376 433 548 569 597 689 735 755 770 886 894 914 955 987 992 
14 45 47 65 72 114 130 255 276 362 373 397 422 440 459 468 485 620 621 669 888 896 919 936 
7 46 246 429 486 769 804 836 984 
353 600 651 
49 395 596 787 839 
308 380 384 903 
163 295 309 386 448 513 601 611 718 791 812 823 902 
53 402 434 647 682 684 942 
197 211 221 304 313 346 529 555 562 667 706 819 825 870 905 
204 227 311 388 520 557 
4 25 64 149 226 329 476 
62 66 126 151 191 198 431 487 502 609 715 768 794 811 841 907 944 
63 615 712 911 
104 303 467 549 656 666 671 679 683 863 
20 67 70 138 183 190 218 225 257 263 301 324 334 461 494 516 524 625 827 847 923 946 950 956 973 986 
44 68 78 85 155 185 187 289 316 426 471 582 636 730 751 783 851 876 880 881 943 988 
132 134 161 202 322 474 492 
76 242 253 292 360 937 995 
458 515 539 595 602 622 645 745 
88 103 119 375 452 531 533 537 660 695 707 716 784 834 860 869 974 994 
98 760 862 
16 18 30 74 82 171 231 243 265 312 469 491 545 581 586 774 917 930 
203 213 223 266 297 351 398 470 642 650 693 702 736 753 756 779 831 909 922 963 
84 378 754 
141 711 821 
37 228 236 450 525 638 
34 51 59 80 89 150 282 419 427 568 571 599 605 631 690 764 799 824 842 853 972 
102 294 709 748 
55 69 97 135 180 277 285 327 394 415 483 499 508 612 714 803 875 941 
9 32 52 92 99 106 136 160 205 293 339 350 369 371 392 506 519 593 603 663 818 865 874 878 977 
24 101 148 216 331 372 416 425 457 482 544 614 624 637 739 792 810 829 835 924 938 
112 238 244 325 558 990 
111 649 762 777 
33 363 379 445 460 570 607 678 741 849 873 
122 261 528 653 
423 737 776 837 
12 121 300 439 453 495 536 606 646 677 713 786 801 813 
123 152 195 472 617 845 927 966 
127 245 290 665 742 781 798 879 904 
129 158 165 503 575 687 
35 42 367 644 
139 188 274 364 435 857 891 978 
291 370 561 580 
142 318 409 816 928 
57 61 87 100 144 222 230 256 298 361 381 391 462 493 496 592 598 630 633 700 723 763 796 815 884 921 934 960 
146 310 498 959 997 
48 81 131 143 153 323 393 455 475 512 542 673 685 732 758 795 822 949 
36 90 156 201 215 262 286 288 296 345 400 481 560 681 733 752 832 861 954 961 989 
50 93 95 164 179 209 219 224 232 250 387 403 417 454 478 480 540 576 579 616 694 704 722 726 789 820 826 828 951 
2 254 446 490 843 
355 374 383 413 572 658 743 871 887 
1 430 608 935 
83 173 210 342 521 697 785 967 970 
38 40 108 174 320 473 590 618 641 759 883 895 
140 176 306 428 477 534 708 864 915 
56 73 79 177 240 260 269 340 412 444 527 710 775 906 926 933 976 
305 449 510 664 719 749 872 991 
186 559 738 
43 107 125 192 382 648 744 780 844 948 
17 264 518 632 634 676 705 720 805 840 854 945 
352 639 680 
159 424 552 698 918 969 979 
206 248 328 523 604 668 848 901 965 
214 315 729 999 
109 115 154 247 326 514 833 
170 172 181 233 267 408 489 556 721 900 932 958 
321 396 583 585 717 767 982 
280 405 910 920 
28 252 317 319 399 526 530 806 877 890 
207 574 610 627 
5 21 116 167 249 348 349 385 406 421 436 551 563 577 628 672 747 761 867 983 
54 96 194 239 335 401 414 443 541 547 591 613 655 662 686 701 724 788 817 852 866 868 929 968 981 
178 235 251 307 333 389 390 522 543 554 565 588 589 892 898 912 940 975 
