5 49 50 99 152 224 257 288 353 407 459 501 507 539 587 595 600 604 626 655 670 747 786 895 939 965 
9 112 127 156 188 215 217 225 265 462 464 484 514 516 570 594 681 749 882 898 915 920 925 946 981 
12 25 77 148 194 250 276 490 531 541 553 722 767 768 803 804 814 852 890 909 961 975 983 
23 59 168 568 620 648 726 
1 28 140 177 180 213 270 340 370 403 479 518 537 677 734 743 825 831 851 884 893 913 938 966 992 994 998 999 
27 29 89 129 161 174 212 245 348 365 378 406 409 421 473 526 583 665 735 739 753 766 793 862 869 871 888 
55 122 201 207 218 238 246 385 438 439 446 502 508 540 608 667 718 719 805 832 848 894 963 991 
30 142 165 253 264 309 335 347 497 548 579 621 638 643 723 863 908 928 943 962 
36 106 137 170 199 521 838 
223 404 458 736 
39 46 135 206 266 279 290 311 342 359 390 465 674 688 694 731 754 959 
40 61 103 114 222 259 272 368 375 402 408 504 513 528 533 546 598 646 673 717 806 809 821 823 830 874 922 982 
357 417 441 483 551 577 715 
6 44 71 183 234 282 317 321 425 447 455 477 510 653 685 700 790 797 828 842 897 923 934 
105 116 251 273 373 460 778 
171 176 198 232 318 341 355 363 381 445 451 471 481 498 499 509 545 561 597 628 629 633 656 763 773 807 859 889 902 956 
14 20 26 33 60 191 192 193 211 301 346 506 532 547 610 627 636 666 669 740 771 774 802 810 818 885 927 
62 69 73 87 131 157 167 205 229 280 315 493 495 534 567 578 647 695 709 728 746 765 789 827 878 931 976 
78 247 262 307 377 418 560 592 649 650 733 800 819 854 985 
84 139 154 383 601 663 988 
159 172 478 624 808 813 949 
43 51 58 102 141 235 333 344 397 427 431 432 435 466 472 487 488 525 527 607 609 658 701 712 751 860 861 978 979 980 997 
155 160 187 190 208 367 393 429 480 492 512 569 586 675 691 744 772 858 906 933 968 
3 32 110 151 227 241 267 389 394 635 671 725 727 756 777 837 853 929 
53 92 113 119 124 130 228 239 285 294 308 320 325 345 354 379 382 386 387 392 415 419 457 486 522 580 616 791 792 811 868 912 940 957 
18 96 118 144 158 182 221 296 374 456 564 672 698 708 757 762 798 820 829 839 866 904 919 947 952 996 
42 70 196 237 277 659 
48 132 179 185 209 244 323 324 330 452 461 554 558 565 584 591 631 693 724 738 870 914 977 995 
117 184 233 271 339 380 444 873 
136 286 298 302 327 350 396 454 468 474 529 625 634 637 706 987 
13 67 98 143 186 195 263 299 372 542 575 582 680 686 696 703 742 877 881 973 986 990 
0 37 63 65 66 83 85 104 109 111 121 150 153 197 242 312 332 362 384 401 443 476 563 573 676 710 748 779 801 836 865 872 944 945 972 
2 10 22 52 64 68 95 101 145 173 204 214 240 254 328 358 360 398 420 426 505 523 535 557 574 599 613 622 630 644 668 760 795 816 826 921 926 954 960 
57 82 369 967 
115 334 338 416 469 661 683 817 833 905 
31 54 72 86 108 310 395 411 530 572 606 617 651 662 704 705 840 849 936 970 
4 17 56 210 220 255 284 424 430 556 618 660 697 714 752 784 876 896 911 924 958 984 
74 138 149 219 230 252 268 291 295 304 313 337 388 437 463 566 588 652 690 759 785 910 918 
79 107 162 248 364 422 520 720 855 899 955 
11 16 24 34 41 47 88 91 126 147 164 181 261 303 349 352 366 371 412 496 503 559 605 611 642 654 702 716 745 761 787 796 835 847 883 
75 76 90 133 163 249 256 278 336 376 410 414 440 448 515 524 544 585 640 737 781 799 834 887 891 907 916 953 
226 231 274 289 305 436 475 536 552 721 729 750 770 775 783 892 950 
35 100 166 258 283 314 316 326 329 428 433 470 485 494 500 614 684 707 741 758 880 886 917 
80 128 175 189 275 343 351 361 434 449 467 489 550 596 612 641 657 730 732 769 788 794 867 937 941 964 
19 81 93 94 120 169 178 216 293 322 356 405 423 543 555 571 664 682 822 841 846 901 930 969 993 
15 134 200 203 236 243 269 300 306 331 482 519 538 581 619 639 711 713 875 942 989 
7 21 97 146 202 281 400 413 491 511 576 602 632 687 689 692 776 843 879 948 974 
123 287 391 399 442 450 453 562 589 593 623 679 755 782 812 824 844 864 903 932 
8 125 764 780 
38 45 260 292 297 319 517 549 590 603 615 645 678 699 815 845 850 856 857 900 935 951 971 
