0 39 49 168 259 299 404 418 447 465 488 505 594 674 688 691 740 802 838 957 
54 146 580 997 
141 353 651 776 
64 123 226 395 476 843 
23 132 134 161 202 322 474 492 
376 449 510 719 737 749 872 991 
9 32 52 99 106 136 160 205 234 293 339 350 369 371 392 519 593 603 663 818 865 874 878 977 
43 71 107 125 129 192 367 382 437 644 648 744 780 809 844 889 916 948 
92 96 194 239 335 401 414 443 541 547 561 591 613 655 662 686 701 724 731 788 817 852 856 866 868 929 968 981 
20 67 70 138 183 190 218 225 257 263 301 324 334 461 494 516 524 625 827 847 923 946 950 956 973 986 
8 58 564 574 578 610 627 892 
22 122 307 503 575 
26 75 118 302 507 567 587 626 652 705 773 800 846 908 947 
29 264 273 278 518 632 634 720 757 805 840 854 945 
38 244 325 389 454 460 618 
355 374 413 429 572 658 743 871 887 
16 18 30 74 82 171 231 238 243 265 312 469 491 545 581 586 774 917 930 
246 290 464 486 521 665 697 879 967 
33 210 379 445 570 678 741 873 
35 42 100 163 295 309 347 386 411 448 513 601 611 629 791 812 823 902 
15 110 137 200 207 275 279 283 332 344 358 368 433 548 569 597 689 735 755 770 886 894 914 955 987 992 
4 25 31 149 193 237 329 383 456 466 623 696 727 728 778 
48 81 131 153 323 393 455 475 512 542 559 673 685 732 758 795 822 949 
50 93 95 126 164 179 209 219 224 232 250 318 387 417 480 540 579 616 694 722 726 789 820 826 828 951 
186 738 821 
62 66 151 191 198 487 502 715 768 794 811 841 907 944 
34 51 59 80 89 150 282 419 427 568 571 599 605 631 690 764 799 824 842 853 972 
431 839 
14 45 47 65 72 114 130 255 276 362 373 397 422 440 459 468 485 620 621 669 888 896 919 936 
53 402 409 434 682 684 711 911 942 
76 242 253 291 292 360 937 995 
27 77 145 157 166 169 182 212 217 338 341 356 432 479 497 573 584 659 670 703 772 793 807 859 885 897 980 996 
227 311 557 
3 109 115 154 247 326 514 833 
84 271 378 754 904 
102 294 375 729 
88 165 236 345 450 525 656 
103 119 176 306 428 452 477 531 533 537 638 660 695 707 708 716 784 834 860 864 869 915 974 994 
1 280 405 920 
17 111 649 762 777 849 
120 195 423 472 837 966 
12 55 69 97 121 135 180 277 285 300 327 352 394 415 439 453 483 495 499 508 536 606 612 622 639 646 677 713 714 786 801 803 813 875 941 
261 398 558 676 814 990 
19 41 91 124 128 258 314 354 359 442 484 500 509 517 535 538 608 797 858 899 913 925 939 
142 143 321 396 583 585 767 816 982 
117 159 918 969 985 
112 139 188 274 364 435 478 891 978 
24 101 148 216 331 372 416 425 457 482 614 624 637 739 792 810 829 835 924 938 
152 268 370 424 617 698 712 787 910 927 979 
366 380 609 903 
158 718 760 
5 21 116 167 249 348 349 385 406 421 436 551 563 577 628 672 747 761 867 935 983 
174 235 333 390 473 543 554 687 759 898 975 
220 303 467 515 539 546 549 595 602 645 666 671 679 683 745 863 
63 178 305 615 664 
37 228 343 388 528 552 643 
184 410 553 680 
140 534 
44 61 68 78 85 155 185 187 289 316 426 471 582 636 730 751 783 851 876 880 881 943 988 
36 90 156 201 215 262 284 286 288 296 330 400 407 481 560 657 681 733 752 766 771 832 861 954 961 962 989 
28 105 252 399 526 750 890 
83 98 203 213 266 297 351 642 650 693 702 736 753 756 779 831 862 909 922 
206 248 328 363 523 604 607 668 848 901 965 
197 211 221 304 313 346 451 529 555 562 667 706 819 825 870 905 
13 214 229 315 963 999 
189 438 717 845 998 
10 113 357 420 882 
57 87 144 204 222 230 256 298 361 381 391 462 493 496 520 592 598 630 633 700 723 763 796 815 884 921 934 960 
223 308 470 709 
2 254 272 446 490 
86 241 403 550 566 576 647 654 675 704 734 928 964 971 
458 463 721 857 
6 94 199 365 501 532 692 
104 170 172 181 233 267 408 430 489 556 900 932 958 
11 60 133 162 270 281 336 377 384 504 511 635 725 746 765 782 790 808 850 893 931 952 953 
7 46 127 173 245 310 342 544 742 769 781 785 798 804 836 959 970 984 
175 208 287 317 319 337 441 498 506 530 596 600 619 640 661 699 806 830 855 877 993 
40 108 147 196 251 320 522 565 588 589 590 641 883 895 912 940 
56 73 79 177 240 260 269 340 412 444 527 653 710 748 775 906 926 933 976 
