0 18 63 66 83 111 150 350 362 444 563 573 710 779 944 
2 22 68 95 173 223 254 328 358 523 574 599 613 622 644 795 826 926 954 
6 36 44 71 106 116 183 234 273 317 321 447 510 520 521 653 685 700 790 828 842 897 923 934 
8 369 764 780 
10 64 101 145 214 240 360 398 420 505 535 557 630 668 760 816 921 960 
15 129 134 200 203 236 243 269 300 306 331 482 519 538 581 619 639 711 713 875 911 942 989 
1 28 177 180 213 270 340 370 403 458 479 504 518 537 677 734 743 825 831 851 884 893 913 938 966 992 994 998 999 
26 115 135 279 311 357 364 377 416 417 465 661 674 688 715 754 
23 59 159 168 231 289 478 481 552 568 620 648 726 770 775 783 808 813 855 
12 25 77 148 194 250 276 490 531 541 553 722 767 768 803 804 814 852 890 909 961 975 983 
30 104 142 165 253 264 309 335 347 426 497 548 579 621 638 643 723 863 908 928 943 962 
39 247 271 291 337 
92 154 228 239 308 325 354 379 386 387 392 419 457 522 791 792 811 868 940 957 
31 54 72 86 108 310 395 411 530 572 606 617 651 662 704 705 840 849 936 970 
35 100 166 258 283 314 316 326 329 428 470 485 494 500 614 684 707 741 758 880 886 917 
69 162 172 202 207 274 305 436 475 721 729 769 892 899 949 950 
74 138 149 219 230 252 295 304 313 388 437 463 566 588 652 690 759 785 910 918 
75 76 133 163 192 238 249 256 278 336 376 414 440 448 515 524 544 585 640 737 781 799 834 887 891 907 916 953 
78 125 262 263 286 302 410 418 454 529 592 649 985 
84 176 383 663 
11 16 24 34 41 47 91 126 147 164 181 261 303 349 352 366 371 412 433 496 503 559 605 611 642 654 702 716 745 761 787 796 835 847 873 883 
90 441 483 577 624 
49 79 107 248 425 455 720 797 955 
3 32 110 151 227 241 267 389 394 635 671 725 727 756 777 837 853 929 
113 124 130 285 294 320 345 368 382 415 430 580 616 912 
52 105 119 251 268 373 460 474 
9 80 112 127 156 188 215 217 225 265 462 464 484 514 516 570 594 601 681 749 882 898 915 920 925 946 981 
62 73 87 131 157 167 205 229 280 315 493 495 534 567 578 647 695 709 728 746 765 789 827 878 931 976 
48 57 132 179 185 209 244 323 324 330 452 461 554 558 565 584 591 631 693 724 738 870 914 967 977 995 
96 118 144 158 182 221 296 374 456 564 672 698 708 757 762 798 820 829 839 866 904 919 947 952 996 
65 109 121 153 197 242 312 332 380 384 401 443 476 676 748 766 801 836 865 872 945 972 
42 70 237 277 659 
155 160 187 190 208 367 393 429 480 492 512 569 586 675 691 744 772 858 906 933 968 
38 45 260 292 297 319 517 549 590 603 615 645 678 699 815 845 850 856 857 900 935 951 971 
5 37 50 99 152 224 257 288 353 407 459 501 507 539 587 595 600 604 626 655 670 747 786 895 965 
206 233 334 338 339 342 469 551 683 817 833 905 959 
4 17 56 210 220 255 284 424 556 618 660 697 714 752 784 876 896 924 958 984 
13 67 98 143 186 195 299 372 542 575 582 680 686 696 703 742 877 881 973 986 990 
88 307 560 650 733 800 
55 122 184 201 218 246 385 438 439 446 502 508 540 608 667 718 719 805 832 848 894 963 991 
14 20 33 60 191 193 211 301 346 506 532 547 610 627 636 666 669 740 771 774 802 810 818 885 927 
27 29 89 117 161 212 245 348 365 378 406 409 421 473 526 583 665 735 739 753 793 819 862 869 871 888 939 
137 170 199 536 778 838 
82 136 140 298 327 396 422 468 625 634 637 706 854 987 
53 85 404 486 736 
19 81 93 94 120 169 178 216 293 322 356 405 423 543 555 571 664 682 822 841 846 901 930 969 993 
123 196 287 391 399 442 450 453 562 589 593 623 679 755 782 812 824 844 864 903 932 
43 51 58 102 141 235 333 344 397 427 431 432 435 466 472 488 525 527 607 609 658 701 712 751 860 861 978 979 980 997 
46 128 175 189 204 226 275 343 351 361 434 449 467 489 550 596 612 641 657 730 732 788 794 867 937 941 964 
7 21 97 146 281 400 413 491 511 576 602 632 687 689 692 776 843 879 948 974 
40 61 103 114 222 259 272 282 375 402 408 513 528 533 546 598 646 673 717 806 809 821 823 830 874 922 982 
341 451 498 499 629 750 956 
139 174 266 290 359 390 477 487 694 731 988 
171 198 232 318 355 363 381 445 471 509 545 561 597 628 633 656 763 773 807 859 889 902 
