280 405 920 
20 67 70 138 183 190 218 225 263 301 324 334 461 494 516 524 625 827 847 923 946 950 956 973 986 
4 25 64 226 329 330 418 476 
5 21 116 167 249 348 349 385 406 421 436 551 563 577 628 672 747 761 867 935 983 
6 147 268 278 365 501 532 661 855 
7 46 173 310 429 486 769 804 836 970 984 
123 845 966 
120 985 
86 241 413 550 566 647 654 675 734 964 971 
110 137 207 275 564 569 574 610 627 770 892 992 
146 498 660 695 959 
454 460 
28 63 105 208 252 287 337 399 526 750 830 890 993 
35 42 367 411 
13 223 470 709 814 909 
26 75 118 302 587 652 773 800 846 908 947 
178 305 613 615 664 
707 738 869 
16 18 30 74 82 171 231 243 265 312 469 491 545 581 586 774 917 930 
8 58 578 
0 39 168 259 447 465 488 505 674 688 691 740 802 838 957 
19 41 91 124 128 258 314 354 359 442 484 500 509 517 535 538 608 797 858 899 913 925 939 
139 326 478 514 540 
257 506 600 
87 318 409 711 712 729 911 
22 94 199 254 441 572 692 843 
49 175 395 904 
142 291 640 717 
299 374 452 716 743 860 
40 108 230 235 307 320 333 389 390 522 543 554 565 588 898 912 940 975 
53 402 434 682 684 816 942 982 
55 69 97 135 180 277 285 327 352 394 415 483 499 508 612 622 639 714 803 875 941 
57 144 204 222 256 298 361 381 391 462 493 496 520 592 598 630 633 700 723 763 796 815 884 921 934 960 
96 194 239 335 401 414 443 541 547 561 591 655 662 686 701 724 731 788 817 852 866 868 929 968 981 
141 353 651 776 
62 66 126 151 191 198 715 768 794 811 841 907 944 
15 279 283 332 344 358 368 376 433 548 597 689 735 755 886 894 914 955 987 
71 98 203 266 297 351 398 642 693 702 736 753 756 779 831 862 922 
83 342 377 464 521 697 785 
17 29 132 264 518 632 634 676 705 720 757 805 840 854 945 
1 102 248 294 732 758 
88 103 119 236 531 638 658 784 994 
186 321 580 583 585 767 
92 195 856 
104 303 467 515 539 546 549 595 602 645 656 666 671 679 683 727 745 863 
170 172 181 233 267 408 430 489 556 900 932 958 
111 206 328 435 604 649 668 777 891 901 965 
10 113 220 357 420 821 882 
9 32 52 106 136 205 234 293 339 350 369 371 519 593 603 663 818 865 874 878 883 977 
117 210 507 969 
23 134 311 388 557 
152 370 423 472 552 617 837 910 927 
121 300 786 813 
100 125 163 295 309 386 448 513 611 812 823 902 948 
127 245 246 290 665 742 781 798 879 967 
140 176 306 428 477 534 708 864 915 
355 533 537 834 871 887 974 
112 115 154 238 247 455 487 502 542 833 
2 272 383 446 456 490 623 728 778 
48 81 122 153 261 323 393 475 512 559 575 673 795 822 949 
158 480 648 718 760 916 
90 156 201 215 262 284 286 288 296 345 400 560 681 733 752 771 832 861 954 989 
31 214 229 244 315 325 396 404 558 963 999 
129 165 347 503 629 687 791 
56 73 79 177 269 412 444 527 653 710 775 926 933 
189 438 998 
3 27 77 145 157 166 169 182 212 217 338 341 356 432 479 497 573 584 659 670 703 772 793 807 859 885 897 980 996 
36 184 343 407 410 481 553 657 680 766 961 962 
84 213 242 378 650 754 
44 68 78 85 155 185 187 289 316 426 471 582 636 730 751 783 851 876 880 881 943 988 
567 594 626 
161 188 202 219 322 474 492 576 928 
211 346 451 555 562 905 
143 197 221 240 260 304 313 340 458 529 667 706 748 819 825 870 906 976 
43 99 107 160 192 227 232 382 392 744 844 889 
50 93 95 164 179 209 224 250 375 387 403 417 579 616 694 704 722 726 789 820 826 828 951 
109 131 149 193 237 273 364 466 525 685 696 
12 439 453 495 536 606 646 677 713 801 
33 76 253 274 292 360 523 678 741 978 995 
14 45 47 65 72 114 130 255 276 362 373 397 422 440 459 468 485 620 621 669 888 896 919 936 
271 437 601 644 780 787 809 
34 51 59 80 89 150 282 380 419 427 568 571 599 605 631 690 764 799 824 842 853 972 
37 54 228 450 997 
363 379 570 607 762 849 937 
38 174 196 251 473 589 590 618 641 759 895 
61 159 308 424 698 918 979 
445 463 528 643 721 848 857 
317 319 530 596 619 699 806 839 877 
24 101 148 216 331 372 416 425 457 482 544 614 624 637 739 792 810 829 835 924 938 
200 873 990 
11 60 133 162 270 281 336 384 504 511 635 725 746 765 782 790 808 850 893 931 952 953 
449 510 719 737 749 872 991 
366 431 609 903 
