3 27 58 77 145 157 166 169 182 212 217 338 341 356 432 479 497 573 584 659 670 703 772 793 807 859 885 897 980 996 
104 303 311 467 515 539 549 595 602 645 656 666 671 679 683 745 863 
36 90 156 184 201 215 262 284 286 288 296 330 343 345 377 400 407 410 481 553 560 657 680 681 733 752 766 771 832 861 954 961 962 989 
29 178 305 664 757 985 
44 61 68 78 85 155 185 187 289 316 426 471 582 636 730 751 783 843 851 876 880 881 943 988 
9 32 52 99 106 136 160 205 234 293 339 350 369 371 392 506 519 593 603 663 818 865 874 878 883 977 
0 4 31 39 42 49 131 149 168 193 226 237 259 272 299 329 404 418 447 456 465 466 488 505 594 623 674 688 691 696 727 728 740 778 802 838 957 
12 55 69 97 121 135 180 277 285 300 327 352 394 415 439 453 483 495 499 508 536 606 612 622 639 646 677 713 714 786 801 803 813 875 941 
2 103 119 140 176 306 375 428 452 477 531 533 534 537 638 660 695 707 708 716 784 834 860 864 869 915 974 994 
54 96 194 239 335 401 414 443 541 547 561 591 613 655 662 686 701 724 788 817 852 856 866 868 929 968 981 
16 18 30 74 82 171 231 238 243 265 312 469 491 545 581 586 774 917 930 
13 53 86 92 142 177 186 241 321 365 402 409 434 550 566 583 647 654 675 684 711 717 734 767 816 911 928 942 964 971 982 998 
37 88 228 236 388 450 528 552 
141 353 585 651 776 
355 374 383 413 429 572 658 743 871 887 
1 48 62 66 81 102 122 126 143 151 153 191 198 261 323 393 455 475 476 487 502 512 542 559 575 609 673 685 715 732 758 768 794 795 811 822 841 907 944 949 
7 46 64 83 127 146 173 210 245 246 290 310 342 464 486 521 665 697 742 769 781 785 798 804 836 879 959 967 970 984 
94 254 431 490 501 532 692 839 
34 51 59 80 89 150 282 419 427 568 571 599 605 631 690 764 799 824 842 853 972 
14 45 47 65 72 114 130 255 276 362 373 397 422 440 459 468 485 620 621 669 888 896 919 936 
24 25 101 148 216 331 372 416 425 457 482 544 614 624 637 739 792 810 829 835 924 938 
170 172 181 233 267 408 430 463 489 546 556 578 643 721 731 857 900 932 958 
5 21 116 167 249 348 349 385 406 421 436 551 563 577 628 672 747 761 867 935 983 
19 41 91 124 128 258 314 354 359 442 484 500 509 517 535 538 608 682 797 858 899 913 925 939 
11 60 120 133 162 227 270 281 336 384 504 511 635 725 729 746 765 782 790 808 850 893 931 952 953 
123 152 195 280 370 405 423 472 617 737 837 845 910 920 927 966 
100 125 129 163 165 192 208 250 295 309 386 420 448 503 513 601 611 687 791 812 823 902 948 
35 132 161 202 322 367 474 492 
113 220 357 882 
17 26 75 84 117 264 273 302 507 518 567 587 626 632 634 652 676 705 720 773 800 805 840 846 854 904 908 945 947 
10 23 50 93 95 134 139 164 179 189 209 219 224 232 387 403 417 438 478 480 540 557 576 579 616 694 704 722 726 789 820 826 828 951 
38 40 108 147 174 196 235 251 307 320 333 389 390 473 522 543 554 565 588 589 590 618 641 759 892 895 898 912 940 975 
57 87 144 204 222 230 256 298 361 381 391 462 493 496 520 592 598 630 633 700 723 763 796 815 884 921 934 960 
118 159 318 424 449 510 525 615 698 712 719 749 872 918 969 979 991 
33 76 111 188 206 242 248 253 274 291 292 328 360 363 364 378 379 435 445 454 460 523 570 604 607 649 668 678 741 754 762 777 848 849 873 891 901 937 965 978 995 
56 73 79 197 211 221 240 260 269 304 313 340 346 412 444 451 458 527 529 555 562 653 667 706 709 710 748 775 819 825 870 905 906 926 933 976 
8 98 203 213 214 223 229 244 266 297 308 315 325 351 396 398 470 558 564 642 650 693 702 736 753 756 779 814 831 862 909 922 963 999 
20 67 70 138 183 190 218 225 257 263 301 324 334 446 461 494 516 524 625 738 827 847 923 946 950 956 973 986 
580 997 
43 71 107 158 271 347 382 411 437 629 644 648 718 744 760 780 787 809 821 844 889 916 
6 22 28 63 105 175 199 252 268 278 287 317 319 337 380 395 399 441 498 526 530 596 600 619 640 661 699 750 806 830 855 877 890 903 993 
109 112 115 154 247 294 326 514 833 990 
15 110 137 200 207 275 279 283 332 344 358 366 368 376 433 548 569 574 597 610 627 689 735 755 770 886 894 914 955 987 992 
