0 168 193 272 418 447 465 466 572 674 688 691 740 743 871 957 
37 228 450 528 552 
280 353 405 585 651 920 
4 25 149 226 329 476 
46 64 146 173 310 429 498 544 959 984 
10 113 357 420 882 
12 55 69 97 121 135 180 212 277 285 300 327 394 415 439 453 483 495 499 508 536 606 612 622 646 677 713 714 786 801 803 813 875 941 
13 53 142 186 229 321 396 550 767 816 928 982 
227 253 311 360 386 388 557 
16 30 74 82 171 231 243 265 312 469 491 545 581 586 774 917 930 
17 29 132 273 278 518 632 634 676 757 805 840 854 945 
117 178 210 305 507 969 
184 410 553 680 
3 27 58 77 145 157 166 169 182 217 338 341 356 432 479 497 573 584 659 670 703 772 793 807 859 885 897 980 996 
223 244 325 398 470 558 709 814 990 
7 127 245 246 290 486 665 742 769 781 798 804 836 879 904 967 970 
6 22 94 365 501 532 692 
39 141 152 370 423 472 488 617 737 776 837 910 927 
19 41 91 124 128 258 314 354 359 442 484 500 509 517 535 538 608 682 797 858 899 913 925 939 
63 199 208 252 268 287 337 399 441 526 661 750 830 890 993 
192 997 
203 213 266 297 642 650 693 702 736 753 756 779 831 909 922 963 
48 81 120 122 143 153 261 323 393 455 475 575 673 822 949 
271 352 583 639 
43 71 107 382 744 821 844 889 
14 45 47 65 72 114 130 255 276 362 373 397 422 440 459 468 485 620 621 669 888 896 919 936 
33 76 111 291 292 454 460 649 678 741 995 
34 51 59 80 89 150 282 419 427 568 571 599 605 631 690 764 799 824 842 853 972 
83 342 464 521 697 785 
54 96 105 194 247 335 401 414 443 541 547 561 580 591 613 655 662 686 701 724 731 788 817 852 866 868 929 968 981 
615 664 712 966 999 
23 134 161 202 322 474 492 
9 32 52 99 106 136 160 205 234 293 339 350 369 371 392 519 593 603 663 818 865 874 878 883 977 
38 108 174 251 308 320 473 589 590 618 641 759 895 
31 237 259 299 404 456 505 594 623 696 727 728 778 802 838 
175 317 319 380 395 506 530 596 600 619 640 699 806 855 877 903 
5 21 116 167 249 348 349 385 406 421 436 551 563 577 628 672 747 761 867 935 983 
49 449 510 719 749 872 
62 66 151 191 198 431 512 542 559 609 685 715 732 768 794 795 811 841 907 944 
26 75 264 302 567 587 626 652 705 720 773 800 846 908 947 985 
50 93 95 139 164 179 209 219 224 232 250 387 403 417 478 480 540 576 579 616 694 704 722 726 789 820 826 828 951 
18 35 42 129 165 367 411 648 687 916 948 
56 73 79 269 313 412 444 527 653 710 748 775 926 933 976 
86 177 189 241 402 409 434 438 566 647 654 675 684 711 734 911 942 964 971 998 
100 125 295 309 347 437 448 503 513 601 611 629 644 718 780 791 809 812 823 902 
123 717 738 845 
102 214 294 315 375 729 
15 110 137 200 207 275 283 332 344 366 368 376 433 548 569 597 689 735 755 770 886 894 914 955 987 992 
220 303 467 515 539 546 549 595 602 645 656 666 671 679 683 745 863 
28 88 103 119 140 176 236 306 355 413 428 452 477 531 533 534 537 638 658 660 695 707 708 716 784 834 860 864 869 887 915 974 994 
44 61 68 78 85 155 185 187 289 316 426 471 582 636 730 751 783 843 851 876 880 881 943 988 
98 158 760 862 
8 279 333 358 389 564 574 578 610 627 892 
36 90 156 201 215 262 284 286 288 296 330 343 345 400 407 481 560 657 681 733 752 766 771 832 861 954 961 962 989 
57 87 144 204 222 256 298 361 381 391 462 493 496 520 592 598 630 633 700 723 763 796 815 884 921 934 960 
24 101 148 216 239 331 372 416 425 457 482 614 624 637 739 792 810 829 835 924 938 
1 2 126 131 248 254 446 490 758 
109 112 115 154 238 451 487 502 833 
326 445 463 514 848 857 
188 274 364 378 435 873 891 978 
104 170 172 181 233 267 408 430 489 556 643 721 900 932 958 
20 67 70 138 183 190 218 225 257 263 301 324 334 461 494 516 524 625 827 847 923 946 950 956 973 986 
92 195 351 856 
206 328 363 379 523 570 604 607 668 762 777 849 901 937 965 
197 211 221 240 260 304 340 346 458 529 555 562 667 706 819 825 870 905 906 
11 60 133 162 270 281 336 377 384 504 511 635 725 746 765 782 790 808 850 893 931 952 953 
374 383 
84 163 242 754 
40 147 196 230 235 307 390 522 543 554 565 588 898 912 940 975 
118 159 318 424 525 698 787 839 918 979 991 
