11 81 100 171 175 222 311 337 619 634 747 856 924 
1 48 172 213 225 373 637 729 824 859 
7 43 72 85 115 128 205 257 264 352 361 384 418 430 454 490 491 537 553 568 618 642 726 807 829 893 934 
91 121 151 182 192 223 272 345 408 439 458 477 487 496 525 551 609 669 697 704 846 881 927 948 
59 132 135 169 204 208 293 362 426 579 588 606 636 659 661 709 837 851 876 930 966 995 
14 296 577 
120 428 434 471 582 688 
2 12 15 23 101 124 127 179 261 287 291 298 314 315 379 391 420 436 450 502 505 549 556 559 595 678 681 796 839 905 941 962 963 985 989 
82 97 98 184 252 253 302 371 400 425 431 561 691 745 746 752 770 926 
21 25 46 221 316 572 648 751 
24 69 176 255 258 324 330 332 334 368 380 381 383 387 413 452 503 564 575 576 628 675 724 738 798 880 892 894 931 943 987 992 
28 201 238 256 461 489 624 847 999 
9 53 65 139 159 162 178 199 268 280 376 389 402 526 627 743 757 862 875 899 900 909 959 977 
74 142 183 226 396 423 451 470 573 581 603 611 640 685 700 773 788 806 821 872 891 908 918 935 976 
285 363 786 
20 31 37 83 84 218 260 386 424 467 469 507 533 593 626 703 719 731 792 852 883 921 984 
67 212 240 476 493 545 756 
8 64 189 348 357 370 442 508 519 574 654 717 721 789 818 840 863 898 913 
248 524 587 823 
152 531 686 794 822 877 886 
10 278 327 990 
99 194 351 360 364 365 372 504 536 578 739 778 967 970 972 991 
41 51 161 165 265 482 560 629 679 
40 63 306 343 403 449 515 687 811 814 887 938 
0 52 254 262 447 497 601 632 633 671 673 771 787 826 932 971 
60 92 96 134 156 211 219 224 228 304 317 382 404 419 435 516 532 554 696 754 803 834 
103 235 310 453 735 740 
61 196 239 279 369 385 
70 143 229 481 511 736 749 768 777 903 939 988 
71 94 111 168 307 341 563 698 916 
86 90 269 641 761 802 815 830 
114 313 366 986 
105 177 243 274 359 478 521 645 664 666 922 964 
44 89 173 202 206 267 271 322 353 374 437 455 535 543 546 620 623 662 705 780 843 848 911 
3 54 79 102 154 185 320 406 509 562 732 762 819 825 833 836 864 907 
16 104 137 190 217 394 429 500 580 701 767 782 993 
36 136 483 492 570 600 804 812 915 
22 50 107 170 209 245 399 528 529 555 569 571 607 672 674 695 737 764 912 937 954 983 
35 350 411 422 514 552 597 602 604 617 693 713 718 797 861 895 965 982 998 
66 112 140 153 160 227 283 286 323 484 541 550 586 702 775 810 904 
123 414 712 
6 17 56 73 188 220 246 270 282 297 398 410 444 485 495 538 583 591 592 653 665 667 680 689 750 776 779 828 885 955 975 
33 80 214 331 355 415 474 488 527 631 655 714 722 820 874 923 979 
113 126 129 138 233 249 308 319 335 342 433 486 534 540 605 621 656 660 682 684 728 785 896 
95 118 130 180 333 354 407 432 460 567 612 616 744 795 827 849 858 901 942 945 
49 146 231 237 241 250 329 344 358 388 649 694 769 774 813 816 842 933 946 947 
38 76 78 110 125 148 312 401 427 459 468 598 668 677 690 716 791 809 838 865 868 870 897 969 981 
5 18 29 55 58 75 150 203 234 266 281 288 292 367 393 421 475 520 547 584 710 725 765 772 936 944 960 961 
27 87 200 207 242 299 346 417 448 473 513 517 663 723 760 801 844 919 920 
167 197 244 273 294 326 395 522 544 558 650 708 711 850 906 910 
77 147 157 164 230 275 303 318 325 375 392 409 416 438 501 596 614 647 652 670 676 755 805 879 902 949 958 980 996 
119 195 236 290 301 456 978 
19 117 328 390 727 781 841 
47 88 106 131 149 166 174 186 187 215 251 347 412 565 657 741 763 808 845 882 888 929 940 
108 181 530 643 832 
26 32 45 158 338 440 480 494 542 608 625 651 748 860 953 
198 216 276 284 309 321 339 590 610 758 817 853 857 
378 594 658 720 730 733 884 
232 599 997 
336 499 557 585 635 742 783 800 869 878 890 950 968 
68 141 210 259 305 349 506 510 799 835 951 
93 247 518 523 589 638 683 854 873 956 
13 39 
377 397 465 466 646 831 867 914 
122 340 445 644 784 
144 145 155 277 300 356 441 443 457 464 472 479 498 539 548 613 615 630 699 707 759 766 793 855 866 889 917 928 974 994 
4 30 34 109 116 133 163 191 193 263 289 295 463 512 566 692 706 715 734 753 790 871 925 952 957 973 
42 57 62 405 446 462 622 639 
