2 36 244 347 396 513 597 602 836 
323 443 450 527 572 957 
287 314 574 604 718 
86 165 359 500 682 888 910 
184 341 391 414 439 445 531 713 757 802 884 
72 119 144 157 192 285 312 313 319 374 451 696 711 752 765 783 814 837 838 857 897 920 
6 78 150 179 237 250 255 351 372 395 571 833 947 
7 31 101 109 115 121 263 270 354 444 455 544 625 647 712 722 729 769 820 872 874 927 970 991 995 
11 162 251 704 723 758 819 847 901 986 
222 358 408 463 562 565 667 708 781 865 908 921 978 
67 82 209 227 286 389 416 491 539 601 629 669 678 691 804 839 882 
3 16 71 133 134 649 817 
15 83 123 290 322 390 401 490 634 673 899 
19 141 164 203 578 658 973 
70 131 149 348 385 405 481 543 932 
142 220 379 635 
201 213 331 388 512 811 
140 223 306 350 361 412 535 612 695 733 760 
81 137 146 298 393 511 651 861 979 997 
33 167 221 262 330 366 596 666 772 858 875 919 
291 741 922 
58 152 156 471 848 
4 54 61 111 148 151 171 279 325 334 532 534 630 642 676 730 746 774 778 941 949 962 
13 273 398 420 681 705 968 
41 93 97 188 225 465 577 616 967 
37 87 113 147 234 353 735 797 863 
42 267 283 966 999 
187 516 537 576 606 
94 289 301 360 365 382 432 457 485 493 717 779 790 805 822 844 913 
49 68 303 726 823 886 
57 79 108 136 311 441 509 563 569 594 659 860 906 923 959 963 969 
29 52 73 489 619 
8 64 66 178 186 376 406 409 423 459 530 542 843 939 
9 182 386 435 525 984 
90 229 233 421 430 487 709 841 891 915 
74 153 168 308 403 404 446 550 684 685 724 975 
43 76 95 98 102 174 252 292 364 399 407 431 514 548 593 623 640 650 679 680 692 714 728 869 950 953 985 
27 105 128 198 288 305 369 383 
120 326 475 588 698 768 818 826 885 976 
143 181 477 478 494 524 592 644 675 846 964 981 
12 138 161 206 335 507 575 677 731 809 821 855 928 940 
280 281 461 480 549 584 638 663 766 807 810 960 
40 132 268 734 784 
99 208 321 561 580 764 773 989 
297 454 523 694 721 727 749 868 
26 46 96 100 211 307 397 448 626 683 687 738 
224 615 639 816 900 
55 84 103 112 344 436 555 627 937 992 
60 92 110 177 240 473 474 519 579 664 798 801 871 911 914 946 
62 295 299 317 438 502 590 813 
39 352 442 488 668 796 835 873 
17 217 342 343 411 425 486 529 600 628 636 881 
169 246 508 517 547 586 745 834 892 926 977 
336 345 349 879 993 
24 32 45 50 126 248 253 426 467 482 611 643 716 799 850 890 930 942 988 
35 47 116 129 271 332 413 422 447 641 653 742 748 877 924 
378 417 453 483 618 776 828 867 902 938 
170 243 257 458 916 918 
254 449 567 693 996 
5 23 51 104 125 155 172 175 204 241 258 310 373 540 587 614 672 710 792 795 831 
0 63 674 686 755 756 870 994 
30 80 117 200 377 460 466 552 581 607 744 854 948 
205 219 228 462 955 
160 190 261 526 560 617 655 671 707 725 767 936 951 965 
28 339 424 670 719 743 864 
25 85 88 191 256 272 284 294 554 570 654 830 845 
34 122 145 163 183 265 583 613 657 715 763 789 827 917 933 
185 216 236 309 355 400 410 504 538 660 702 720 777 893 895 931 952 982 
21 469 506 912 980 
53 159 278 315 327 368 415 505 568 883 
65 231 380 394 522 621 699 701 759 909 
242 274 362 645 824 
44 202 218 230 260 324 338 536 541 551 589 631 688 754 762 788 832 929 974 998 
77 176 207 235 357 367 371 428 476 499 637 706 736 775 794 808 
91 456 591 595 785 803 
38 135 316 333 375 381 433 484 518 806 812 
293 320 337 622 737 971 
59 139 226 269 340 498 503 528 782 791 842 856 876 889 898 907 925 
10 75 158 180 232 264 266 329 429 603 632 689 747 786 800 825 840 887 896 903 905 935 958 987 
89 127 245 402 419 661 770 853 983 
154 296 496 608 609 662 697 972 
195 196 210 247 302 304 633 648 990 
69 106 194 215 275 418 656 829 945 
197 452 558 732 851 
18 107 173 193 238 259 300 392 501 520 553 556 559 573 585 646 739 761 771 815 852 904 934 944 956 
114 166 276 363 557 700 751 943 
20 282 427 464 546 750 862 954 
328 470 566 620 690 703 
14 22 124 199 533 624 740 753 780 
189 239 277 510 521 564 
384 387 434 492 495 598 665 787 859 961 
118 130 214 249 370 440 582 
318 356 437 599 605 610 849 866 878 
1 48 56 346 479 545 652 
212 468 472 497 515 793 880 894 
