24 87 91 92 117 135 188 211 217 270 271 345 352 358 365 366 408 439 464 470 545 552 568 601 624 654 675 697 707 724 728 777 786 834 911 926 995 
319 524 586 599 680 940 
15 16 37 76 90 101 127 223 227 263 264 419 423 455 467 479 517 567 580 641 643 648 650 730 737 739 756 908 931 942 955 977 
9 103 173 178 284 310 369 438 478 501 538 593 603 644 685 689 691 694 713 716 740 788 842 858 865 900 927 943 945 948 950 
8 19 60 174 210 213 280 291 332 361 518 570 656 729 787 853 902 924 
11 21 22 41 71 238 254 281 323 360 384 412 416 424 535 542 598 684 706 822 824 854 925 
145 199 308 997 
315 318 823 831 
32 34 35 36 48 100 106 153 163 169 184 237 247 278 279 282 321 390 407 420 462 466 544 620 630 672 718 741 751 754 769 774 802 813 836 937 975 
51 88 98 99 222 229 259 341 363 372 418 442 453 522 573 583 642 651 657 760 797 810 869 
20 55 63 84 195 338 364 373 381 422 444 458 473 482 513 582 611 664 721 733 749 778 845 904 952 970 972 
6 27 133 186 194 214 244 316 354 357 370 548 623 634 708 714 727 785 825 848 898 905 923 932 933 939 969 983 994 
0 23 59 124 129 201 257 333 343 403 460 474 539 591 613 614 618 687 690 766 784 833 837 844 888 
38 62 64 96 97 125 216 219 235 239 289 304 415 436 480 494 502 509 510 534 561 589 663 666 673 682 746 758 827 864 907 920 922 928 966 978 
2 65 143 287 294 339 476 515 521 533 540 585 676 678 683 688 761 816 840 901 919 985 
49 67 93 95 104 134 196 224 225 305 311 330 350 410 426 506 530 557 562 605 633 655 669 699 712 817 818 820 829 860 887 967 979 
30 73 120 137 142 158 170 176 177 268 331 337 374 413 465 520 529 549 550 612 695 780 795 799 814 872 881 957 
43 47 74 139 230 231 245 253 320 383 395 427 431 433 450 452 485 519 531 579 584 610 686 693 719 793 874 910 974 
17 53 56 77 81 107 183 198 228 243 285 286 334 491 497 541 547 609 700 722 725 726 828 875 880 960 962 986 991 
57 79 111 123 166 175 185 190 241 290 297 314 388 421 448 496 499 505 543 577 608 626 637 639 660 732 757 759 807 884 891 916 956 984 998 
78 154 180 367 377 597 622 698 731 748 768 930 968 
61 70 720 
307 449 750 
31 54 68 108 155 202 233 246 277 292 322 326 342 371 380 495 512 525 537 569 652 659 670 671 701 709 781 783 792 805 846 882 913 915 935 992 
118 157 240 249 255 273 346 405 475 487 551 560 588 617 681 734 835 885 892 912 971 981 
75 105 109 130 164 172 251 293 298 303 347 355 398 402 417 468 486 488 526 532 574 607 621 627 658 667 745 755 773 838 861 886 918 941 951 973 990 
42 114 121 189 356 399 553 653 736 855 863 
312 382 832 
128 386 432 492 590 738 772 798 
1 46 116 132 136 140 156 197 218 256 258 300 302 378 393 409 425 484 572 600 744 808 841 873 890 953 
69 72 141 161 179 182 192 204 234 236 288 406 441 443 555 592 619 631 640 782 803 868 870 899 903 938 946 963 989 993 
148 400 516 988 
66 83 146 147 151 252 265 269 276 306 349 385 440 463 483 504 536 571 575 606 646 661 702 710 747 812 852 878 949 958 
28 29 58 82 89 102 122 149 150 165 171 260 272 283 329 344 351 461 477 498 508 528 546 578 602 635 762 770 771 794 796 859 954 964 
25 26 33 221 226 295 296 328 353 368 387 459 471 490 493 500 564 581 629 632 638 826 856 906 917 929 944 987 996 
3 5 13 52 113 160 168 181 242 250 327 404 454 587 625 665 692 703 764 775 801 815 819 830 
85 191 248 325 451 596 645 704 717 866 921 
10 12 39 80 86 119 203 220 267 275 299 301 317 348 389 411 414 437 445 446 447 457 489 565 662 679 711 735 752 767 779 790 806 809 851 857 871 877 896 936 976 982 
4 207 359 392 429 456 503 527 559 649 879 947 
40 44 159 205 208 262 394 397 435 511 647 674 715 800 847 849 862 894 
14 126 167 212 324 362 379 636 804 821 867 965 999 
7 110 112 115 138 162 187 200 206 209 376 391 396 401 428 434 523 558 566 576 594 595 616 742 765 839 883 895 897 909 961 980 
18 94 232 261 266 309 336 340 430 481 514 554 628 668 696 705 743 753 763 789 843 850 876 
215 274 375 
45 50 131 144 152 193 313 335 469 472 507 556 563 604 615 677 723 776 791 811 889 893 914 934 959 
