163 278 336 440 448 524 737 891 916 953 
17 56 210 220 255 284 424 556 618 660 697 714 752 784 876 896 924 958 984 
5 49 99 288 407 501 539 600 604 626 670 786 895 965 
130 159 168 181 783 
84 176 383 592 776 956 
9 112 127 156 217 225 265 462 464 484 514 516 570 594 681 882 898 915 925 946 981 
59 397 481 
11 41 261 611 654 883 
16 24 34 126 164 349 366 433 496 702 796 835 
601 663 
117 862 939 
36 106 170 199 521 739 838 
23 568 620 648 726 
12 25 77 194 250 490 531 541 553 722 767 768 803 804 814 852 890 909 961 975 983 
0 27 51 83 161 344 526 997 
172 478 595 624 813 949 
4 14 20 33 60 193 547 610 627 636 666 669 802 810 818 
28 370 743 831 938 966 
29 348 378 665 766 869 871 
55 201 207 218 238 385 438 439 446 502 508 540 608 667 719 805 832 848 894 963 991 
31 54 72 86 108 310 395 411 530 572 606 617 651 662 704 705 840 849 936 970 
61 173 222 350 402 408 533 673 717 874 922 
47 91 371 559 677 716 745 847 
1 70 196 237 277 280 401 659 
43 104 137 427 609 
44 107 183 425 455 720 923 955 
66 111 150 362 444 563 710 779 944 
90 254 967 
65 121 332 748 836 870 
574 599 622 644 668 795 826 
6 71 79 116 248 273 317 447 520 790 797 934 
63 202 274 436 632 892 
22 189 613 954 
64 475 769 
422 552 775 808 855 899 
268 649 718 
62 73 87 131 157 167 205 315 493 495 534 567 647 695 709 746 765 789 827 878 931 976 
403 504 537 851 893 
35 100 166 258 283 314 316 326 329 428 470 485 494 500 614 684 707 741 758 880 886 917 
8 75 125 369 764 780 
80 204 275 343 351 361 449 467 550 596 612 657 794 867 937 
53 68 154 223 457 486 736 
233 303 338 339 352 412 605 642 761 787 873 
13 30 686 877 
101 374 398 420 426 505 557 569 630 760 926 960 
177 213 270 734 992 994 
40 103 259 272 282 528 546 598 646 806 809 821 823 830 982 
52 105 119 155 251 373 393 460 
26 109 279 390 754 
206 342 551 833 959 
3 32 110 151 227 241 267 389 394 635 671 725 727 756 777 837 853 929 
285 294 382 503 580 
136 298 302 327 396 468 474 529 625 634 637 706 987 
122 171 215 359 689 770 
133 191 249 256 340 376 414 585 640 781 799 834 887 907 
85 153 328 358 523 542 
46 128 226 434 489 641 730 732 788 941 964 
15 134 200 203 236 243 269 300 306 331 482 519 538 581 619 639 711 713 875 911 942 989 
48 132 179 184 209 244 323 324 452 558 565 584 591 631 693 724 738 914 977 995 
89 129 212 245 
95 152 536 655 778 
135 311 357 364 417 578 674 688 715 
140 180 404 458 479 825 884 999 
114 148 375 513 
74 138 149 219 230 252 295 304 313 388 437 463 566 588 652 690 759 785 910 918 
307 650 733 800 819 
160 187 190 208 367 429 480 492 512 586 675 691 744 772 858 906 933 968 
92 228 387 392 469 792 817 940 
58 141 235 466 472 525 527 701 712 751 860 861 978 980 
38 45 260 292 297 319 517 549 590 603 615 645 678 699 815 845 850 856 857 900 935 951 971 
239 308 325 354 379 386 419 522 791 811 868 957 
232 341 445 498 499 628 629 633 902 
2 10 145 214 240 360 535 816 921 
67 98 143 186 195 299 372 575 582 680 696 703 742 881 973 986 990 
37 197 242 312 384 443 573 676 801 865 872 945 972 
174 465 694 749 753 793 
147 192 211 301 346 506 532 740 771 774 885 927 
82 263 410 658 854 
19 81 93 94 120 169 178 216 293 322 356 405 423 543 555 571 664 682 822 841 846 901 930 969 993 
39 229 247 271 291 337 377 
198 318 355 363 381 451 471 509 545 561 597 656 763 773 807 859 889 
234 321 510 653 685 700 828 842 897 
57 162 185 188 554 920 
50 221 224 246 257 353 368 459 507 587 747 
142 165 253 264 309 335 347 497 548 579 621 638 643 723 863 908 928 943 962 
76 175 544 998 
78 262 418 985 
139 266 290 988 
18 88 286 432 454 560 
123 287 391 399 442 450 453 589 593 623 679 755 782 812 824 844 864 903 932 
365 406 409 421 473 583 735 888 
289 518 913 
441 483 577 
113 124 320 345 415 430 616 912 
96 118 144 158 182 296 456 564 672 698 708 757 762 798 820 829 839 866 904 919 947 952 996 
115 416 661 905 
231 305 721 729 750 950 
69 330 461 728 
276 380 476 562 
7 21 97 146 281 400 413 491 511 576 602 687 692 843 879 948 974 
334 477 487 683 731 
42 102 333 431 435 488 515 607 979 
