0 17 47 97 102 126 163 186 211 224 352 370 423 454 520 532 697 721 744 748 779 809 933 
3 241 376 467 643 674 768 802 971 
5 24 51 178 220 221 296 307 317 365 406 422 445 471 535 592 621 627 637 654 726 751 777 835 856 881 891 955 
8 10 91 120 322 446 658 663 704 758 815 869 931 943 947 973 
4 21 116 195 216 258 301 381 410 511 652 695 800 814 857 892 981 
184 278 282 284 336 342 383 472 498 528 585 605 636 650 722 784 788 825 879 937 968 982 994 
39 162 202 645 997 
279 848 
31 35 41 88 92 101 110 151 152 165 198 252 281 287 292 339 350 372 382 393 404 424 450 465 515 555 617 639 664 667 731 733 812 865 912 917 939 979 980 
266 432 
2 161 248 267 329 334 346 384 421 426 441 466 482 499 507 534 613 653 678 684 693 798 804 824 841 855 940 956 965 974 984 998 
85 86 93 96 157 273 313 327 359 414 485 506 516 531 597 599 669 691 728 792 803 859 871 898 952 969 983 
18 100 103 325 332 483 690 763 895 
40 561 742 
63 65 115 122 155 166 213 227 232 236 280 299 311 340 356 408 489 533 543 579 598 626 635 680 682 703 711 718 727 875 967 970 972 
36 53 95 127 176 177 218 234 265 294 373 425 443 539 557 596 609 634 642 672 701 702 720 774 782 806 810 821 840 942 954 962 963 
1 72 192 196 215 247 295 343 364 374 411 419 474 493 495 529 559 600 601 624 647 676 687 694 714 750 795 823 832 878 887 915 951 990 
223 257 588 
46 69 74 76 109 129 149 187 298 302 319 326 452 453 462 481 537 562 565 615 638 688 689 743 749 769 791 861 870 926 927 935 
27 32 45 61 70 108 141 160 190 203 229 269 272 297 303 323 355 368 369 390 395 415 431 478 497 505 518 574 612 633 683 713 780 820 872 873 977 988 
71 243 519 741 
15 57 81 169 238 246 261 263 389 397 442 552 586 589 648 675 716 738 783 813 913 985 
77 84 111 142 144 148 171 189 208 226 237 274 439 444 451 500 503 510 512 551 587 591 618 656 692 776 797 822 851 905 911 923 945 
25 87 222 606 719 938 999 
60 75 130 154 170 180 242 256 291 305 318 391 399 434 455 487 496 502 546 563 564 603 761 762 910 960 961 986 991 
286 734 
16 29 30 64 123 133 135 193 199 271 312 337 366 367 386 388 396 476 514 540 560 575 593 602 616 681 708 725 747 752 767 817 826 867 876 924 934 995 
66 99 105 121 124 128 136 150 167 201 228 245 289 331 333 362 417 427 459 475 523 671 677 709 756 829 831 854 880 958 
11 14 28 125 146 304 418 420 449 522 526 785 805 839 845 866 909 920 921 
117 219 239 906 976 
22 34 37 55 67 134 168 183 200 210 225 233 235 275 314 344 349 358 398 400 401 430 509 581 590 649 686 729 736 778 787 819 834 842 885 899 925 929 
33 48 62 89 207 309 338 363 378 429 433 463 469 490 494 536 544 550 640 660 710 715 724 740 753 790 794 833 838 852 966 987 996 
43 80 107 114 143 159 251 268 290 413 524 530 566 577 629 706 773 846 883 893 916 919 930 946 
54 90 137 145 153 214 310 335 375 394 412 438 456 468 542 547 595 771 781 830 849 918 
23 59 104 106 158 197 212 341 360 416 464 480 545 548 573 583 620 632 745 759 764 775 836 843 903 908 914 975 
26 435 757 907 
56 172 347 353 527 572 576 623 646 665 712 730 818 827 860 
9 44 49 79 139 174 249 316 320 321 361 405 448 473 554 622 657 661 685 765 770 786 853 888 
6 58 98 118 119 131 138 179 185 205 206 217 230 240 262 288 345 351 377 385 428 436 491 492 568 611 696 707 816 894 902 904 941 978 
194 209 231 348 457 458 486 488 501 538 553 556 578 607 610 641 670 705 789 837 847 877 882 901 949 
204 285 437 
12 13 50 82 113 255 259 260 283 293 300 324 402 504 558 571 608 619 668 679 699 739 746 864 890 932 936 944 948 989 993 
83 188 594 
78 244 328 354 521 541 625 662 796 828 850 862 896 950 
630 992 
52 68 164 173 175 250 270 277 379 407 409 440 461 479 549 580 604 651 659 766 772 858 889 964 
7 19 38 42 132 140 147 276 306 315 403 447 570 614 666 673 737 760 799 801 811 863 868 886 900 959 
112 182 191 253 254 264 371 392 460 513 525 567 569 584 628 644 655 698 717 723 735 754 807 808 844 874 957 
20 73 94 156 181 308 330 357 380 387 470 477 484 508 517 582 631 700 732 755 793 884 897 922 928 953 
