404 592 
46 127 251 327 347 355 380 388 417 432 444 479 483 566 579 590 598 657 668 684 701 754 762 809 840 843 846 884 935 944 946 960 965 
14 17 66 126 135 144 217 248 262 273 335 346 377 499 538 608 636 695 706 735 737 791 794 831 845 850 852 855 893 969 
16 54 595 673 722 
19 22 31 104 150 197 215 297 333 366 397 648 661 669 719 779 820 824 870 908 
0 5 7 8 10 13 32 53 56 76 89 136 143 184 208 221 224 244 352 504 519 550 644 666 758 772 811 860 
26 68 185 195 205 246 329 331 341 348 378 394 510 525 535 596 662 736 742 812 847 867 873 881 912 939 971 983 987 994 
34 42 74 95 101 105 120 194 202 222 235 265 399 401 413 488 502 567 630 699 805 842 876 921 
3 36 48 72 88 110 116 190 192 210 267 318 353 416 462 471 512 539 544 546 559 575 587 589 597 643 692 739 864 
6 37 41 59 60 62 63 87 108 282 310 422 492 497 572 640 650 655 656 665 698 709 728 741 771 775 786 851 853 887 890 913 936 953 970 
38 45 49 61 86 92 121 142 160 173 270 272 296 312 344 362 414 421 450 461 469 500 511 518 576 588 629 639 654 679 749 766 837 886 915 940 973 
15 27 57 71 102 193 196 204 255 298 308 334 381 430 448 515 554 585 586 620 689 729 744 746 761 767 783 799 868 934 977 
9 58 80 129 131 145 164 189 234 256 276 306 309 324 339 356 415 464 487 508 545 547 583 609 626 702 707 721 795 841 857 871 874 882 903 931 941 976 982 
109 147 151 172 213 252 313 363 396 402 452 458 466 517 555 563 603 624 651 652 667 678 730 745 759 768 781 827 875 916 922 951 984 998 
100 288 
856 
29 91 148 223 266 279 290 299 307 322 336 365 441 472 484 533 573 604 628 708 723 760 839 859 914 
83 97 117 137 138 140 170 232 243 320 385 393 425 445 470 481 524 615 634 714 808 985 
77 79 113 134 159 182 187 229 317 330 342 419 435 447 468 482 625 637 694 725 747 765 788 801 815 826 901 902 928 937 959 979 991 
75 106 153 176 211 219 239 247 277 314 407 434 486 495 568 574 584 612 632 687 700 716 796 823 
30 33 70 84 94 111 167 227 321 374 398 418 443 467 498 509 607 649 675 703 711 731 832 877 888 904 948 
52 85 93 112 133 139 177 237 241 263 271 274 294 305 315 370 406 427 456 562 600 605 633 659 717 724 738 763 770 789 793 822 854 918 927 968 978 
35 51 82 125 183 233 236 250 386 473 513 514 532 553 580 593 664 670 696 720 753 785 798 816 829 909 942 943 954 962 963 966 
40 99 130 152 154 158 207 228 231 326 328 338 387 400 426 437 491 493 516 543 645 861 892 900 917 
24 55 78 90 165 166 226 254 281 291 345 376 379 424 442 548 549 591 653 681 690 726 756 834 848 880 883 891 923 929 990 
268 405 704 830 
123 169 465 889 
12 44 69 81 107 119 122 156 174 181 214 225 373 383 390 395 408 420 431 459 476 529 560 570 602 618 660 685 715 743 748 776 800 862 865 878 926 974 988 
47 65 73 103 114 118 124 128 163 168 180 188 199 209 264 360 438 485 540 557 569 617 647 663 677 752 774 778 782 817 818 879 885 894 924 945 950 955 980 
245 449 920 932 
212 777 
23 25 64 157 175 186 191 216 240 285 311 410 453 454 455 460 478 522 551 599 616 646 676 688 697 705 727 733 784 792 804 813 895 905 957 975 
20 220 230 364 440 581 610 674 764 803 896 899 956 
18 253 325 411 429 496 919 989 
50 96 115 132 178 206 238 269 295 340 358 369 391 446 451 507 606 611 621 622 642 658 671 672 680 682 686 710 713 734 757 769 810 844 938 995 
275 423 463 477 838 
21 39 43 98 146 203 242 258 286 301 302 303 361 372 389 392 503 527 528 534 542 552 571 693 863 
287 289 316 332 371 428 436 480 506 523 561 582 613 635 732 751 802 819 858 898 907 911 
179 200 257 259 292 319 337 354 357 382 384 403 409 457 474 475 494 501 520 531 537 556 565 594 623 627 631 691 712 718 740 773 807 821 833 836 906 933 947 996 997 
149 171 280 283 293 300 304 343 367 368 412 439 489 638 814 835 872 897 910 925 930 964 972 981 
541 
1 2 4 28 155 198 201 218 260 278 284 349 350 351 375 433 505 526 577 578 683 750 755 780 787 797 806 825 828 952 961 993 999 
11 67 141 161 162 249 261 323 359 490 521 530 536 558 564 601 614 619 641 790 849 866 869 949 958 967 986 992 
