25 89 207 309 338 433 640 660 724 838 987 
90 284 467 636 643 659 674 802 879 971 994 
16 30 64 133 312 337 366 396 476 514 540 593 602 616 681 708 725 747 767 817 867 924 934 995 
7 19 38 42 132 140 147 276 306 315 403 447 570 614 666 673 737 760 799 801 811 863 868 886 900 959 
21 104 106 212 341 381 416 511 545 548 573 620 652 695 745 759 764 775 800 857 892 903 914 975 
120 314 
26 184 278 282 336 342 383 432 472 498 585 605 722 768 784 788 825 937 968 982 
83 173 188 279 528 848 
31 35 88 92 110 165 281 292 339 372 404 424 450 515 555 617 639 664 667 812 865 917 979 980 
39 202 645 997 
36 53 95 117 127 176 177 218 234 265 294 373 425 443 539 557 596 609 634 642 672 701 702 720 774 782 806 810 821 840 942 954 962 963 
40 68 164 175 360 379 409 461 561 651 742 766 772 964 
15 57 81 169 238 246 261 263 389 397 442 552 586 589 648 675 716 738 783 813 913 985 
85 86 93 96 157 273 313 327 359 414 485 506 516 531 597 599 669 691 728 792 803 859 871 898 952 969 983 
22 37 134 210 233 275 358 400 401 509 581 590 686 778 834 925 929 
65 115 122 155 213 223 227 236 241 280 299 408 489 533 543 579 598 626 680 711 718 875 967 972 
60 75 130 154 170 180 242 256 291 305 318 399 434 455 487 496 502 546 563 564 603 761 762 910 960 961 986 991 
78 244 354 356 521 606 625 658 662 719 758 828 850 862 896 947 
43 80 107 114 143 159 251 268 290 413 524 530 566 577 629 706 773 846 883 893 916 919 930 946 
219 239 504 630 906 976 
87 232 311 376 435 635 703 727 741 757 970 
20 94 156 181 222 308 330 357 380 387 470 484 508 517 582 631 700 732 755 793 884 897 922 928 953 
6 58 98 118 119 131 138 179 185 205 206 217 230 240 262 288 345 351 377 385 428 436 491 492 568 611 696 707 816 894 902 904 941 978 
103 123 328 483 733 763 939 
41 101 151 152 198 252 274 287 731 912 
11 14 28 125 146 304 418 420 449 522 526 785 805 839 845 866 909 920 921 
66 99 105 121 124 128 136 150 167 201 228 245 289 331 333 362 417 427 459 475 523 671 677 709 756 829 831 854 880 958 
18 46 69 74 76 100 109 129 149 187 298 319 326 332 391 452 453 462 477 481 537 562 565 615 638 688 689 743 749 769 791 861 870 926 927 935 
54 137 145 153 214 310 335 375 394 412 438 456 468 542 547 595 621 771 781 830 849 918 
45 269 272 355 369 395 415 431 478 505 518 574 683 713 820 988 
33 340 350 382 393 465 682 
56 172 270 347 353 440 527 572 576 623 646 665 712 818 827 860 
48 62 162 195 363 378 429 437 463 469 490 494 544 550 710 715 740 753 790 794 833 852 966 996 
0 17 47 97 102 126 163 186 211 224 370 423 454 520 532 697 721 744 748 779 809 933 
168 649 842 885 
52 250 277 407 479 549 580 594 604 734 858 889 
34 55 67 183 200 225 235 344 349 352 430 729 736 787 819 899 
29 32 135 193 199 271 367 388 560 575 752 826 876 
194 209 231 348 457 458 486 488 501 538 553 556 607 610 641 670 705 789 837 847 877 882 901 949 
650 907 
9 44 49 79 139 174 249 316 320 321 361 405 448 473 554 622 657 661 685 765 770 786 853 888 
77 84 111 142 144 148 171 189 197 208 226 237 439 444 451 500 503 510 512 551 587 591 618 656 692 776 797 822 851 905 911 923 945 992 
27 61 70 108 141 160 190 203 229 243 285 303 323 368 390 497 612 633 780 872 873 977 
12 13 50 82 113 255 259 260 283 293 300 324 402 558 571 608 619 668 679 699 739 746 864 890 932 936 944 948 989 993 
4 23 116 158 216 258 297 301 464 480 578 632 814 843 908 981 
166 257 588 999 
2 71 161 267 346 384 421 426 482 507 519 534 613 693 841 940 965 984 
59 73 410 836 
1 72 192 196 215 247 286 295 302 343 364 374 386 398 411 419 474 493 495 529 559 600 601 624 647 676 687 694 714 730 750 795 823 832 878 887 915 951 990 
63 112 182 191 253 254 264 371 392 460 513 525 567 569 584 628 644 655 698 717 723 735 754 807 808 844 874 957 
8 10 91 266 322 446 541 663 704 796 815 869 931 943 950 973 
3 204 536 583 938 
5 24 51 178 220 221 296 307 317 325 365 406 422 445 471 535 592 627 637 654 690 726 751 777 835 856 881 891 895 955 
248 329 334 441 466 499 653 678 684 798 804 824 855 956 974 998 
