0 168 447 674 688 740 
15 103 119 140 176 306 428 452 477 534 638 708 784 864 915 974 
402 434 682 942 
8 564 578 627 
10 35 42 163 295 309 367 386 411 420 448 513 601 611 812 823 902 
96 194 239 335 401 414 443 541 547 561 591 613 655 662 686 701 724 788 817 852 856 866 868 929 968 981 
3 223 308 326 470 514 909 
16 30 74 82 171 231 238 243 265 312 469 491 545 581 586 774 917 930 
18 100 192 648 948 
26 75 118 302 507 567 587 626 652 773 800 846 908 947 
109 115 126 154 219 833 
244 325 398 558 814 990 
33 112 523 678 741 978 
177 186 241 675 684 729 734 738 767 911 971 998 
31 39 149 226 237 259 299 383 404 418 456 465 488 505 594 623 691 696 727 728 778 802 838 957 
40 174 235 307 333 390 473 543 554 687 759 898 975 
22 28 63 105 208 252 268 337 399 526 640 661 750 830 890 993 
48 81 113 143 210 246 287 357 486 967 
62 66 102 151 191 198 294 431 512 542 609 685 715 732 768 794 795 811 841 907 944 
49 395 596 787 839 
54 310 742 997 
55 69 97 180 277 285 327 352 394 483 499 508 612 622 714 875 941 
14 45 47 65 72 114 130 255 276 362 373 397 422 440 459 468 485 620 621 669 888 896 919 936 
7 46 64 173 245 290 342 429 697 769 781 785 798 804 836 879 959 970 984 
12 135 415 439 453 495 536 606 646 677 713 801 803 
27 77 145 157 166 169 182 212 217 338 341 356 379 432 479 497 573 584 659 670 703 772 793 807 859 885 897 980 996 
83 127 464 521 572 665 
84 213 266 297 378 702 736 753 754 922 
347 629 650 693 791 862 
236 450 525 
50 93 125 139 164 311 318 387 403 409 417 478 540 704 951 
5 21 116 167 249 348 349 385 406 421 436 551 563 577 628 672 747 761 867 935 983 
6 94 178 199 365 380 441 501 532 692 855 
9 32 52 99 106 136 160 205 234 293 339 350 369 371 392 519 593 603 663 818 865 874 878 883 977 
24 101 148 216 331 372 416 425 457 482 544 614 624 637 739 792 810 829 835 924 938 
43 71 107 382 744 821 844 889 
19 41 91 124 128 258 314 354 359 442 484 500 509 517 535 538 797 858 899 913 925 939 
123 152 370 423 472 552 617 837 910 927 
121 300 537 786 813 
1 110 120 122 153 261 323 393 455 475 559 566 575 673 758 822 949 
58 181 228 313 882 
11 60 133 162 270 281 336 377 384 504 511 635 725 746 765 782 790 808 850 893 931 952 953 
23 95 134 161 202 209 224 232 388 557 579 694 722 726 789 820 826 
53 86 92 142 550 647 654 717 816 845 928 964 982 
195 449 510 615 664 712 719 737 749 776 872 966 991 
184 284 330 407 410 451 553 618 657 766 962 
98 129 158 480 503 718 760 916 
193 363 364 466 
131 165 254 272 321 490 583 711 
4 25 288 329 430 608 857 
104 303 467 515 539 546 549 595 602 645 656 666 671 679 683 745 863 
117 159 305 424 918 969 985 
179 189 438 454 828 831 
137 146 220 355 374 413 658 871 887 
44 68 78 85 155 185 187 289 316 426 471 582 636 730 751 783 843 851 876 880 881 943 988 
271 437 644 770 780 809 
36 90 156 201 215 262 286 296 345 400 481 502 560 681 733 752 832 861 903 954 961 989 
175 639 680 904 
61 141 487 698 979 
111 206 328 435 649 762 777 891 965 
13 214 229 315 396 963 999 
197 211 221 240 260 304 340 346 458 529 555 562 667 706 819 825 870 905 906 
188 250 322 351 474 492 576 616 
170 172 233 267 408 463 476 489 556 721 731 900 932 958 
56 73 79 247 269 412 444 527 653 709 710 748 775 926 933 976 
2 88 375 531 533 660 695 716 743 834 860 869 994 
57 87 144 204 222 227 230 256 298 361 381 391 462 493 496 520 592 598 630 633 700 723 763 796 815 884 921 934 960 
20 67 70 138 183 190 218 225 257 263 301 324 334 461 494 516 524 625 827 847 923 946 950 956 973 986 
34 51 59 80 89 150 282 419 427 568 571 599 605 631 690 764 799 824 842 853 972 
280 353 405 585 651 920 
460 570 607 707 849 873 
203 580 642 756 779 
317 319 498 506 530 600 619 699 806 877 
200 207 275 279 283 332 344 358 366 368 376 433 548 569 574 597 610 689 735 755 886 894 914 955 987 992 
38 108 147 196 251 320 389 522 565 588 589 590 641 892 895 912 940 
37 274 343 446 528 643 771 
76 242 248 253 291 292 360 445 604 668 848 901 937 995 
17 29 132 264 273 278 518 632 634 676 705 720 757 805 840 854 945 
