16898 3079 2583 8730 9758 2079 9251 11811 16422 5676 3630 11822 9265 10294 7737 12861 9277 576 10824 4682 9803 12370 12372 17495 1113 18524 3679 7264 8289 19047 7274 6773 4726 4215 8310 7797 14460 11394 6280 13448 4747 13455 1169 5783 15515 9884 18085 12966 3239 17064 11951 12464 2224 2225 18612 8886 5304 2747 4805 15559 18126 213 6871 16088 7385 19685 17133 19694 19186 11513 250 13563 12541 8447 12041 2826 13073 16657 4890 18719 3360 18209 803 3368 12590 9525 13110 13622 827 321 9544 2378 14154 3405 2384 17232 10071 9559 5990 15718 2919 4456 10090 8054 381 18301 19330 6532 18311 16778 1931 7051 7053 7058 17300 2454 15767 5017 11674 11675 6556 14745 926 13733 12712 7080 2994 1971 15285 12214 11703 17340 3011 10180 5580 3023 17359 9168 979 5076 3542 12264 8169 496 7152 10740 3066
9736 19978 1039 12817 1559 17431 6169 8226 7205 4141 17967 13889 5698 19524 2117 19026 8277 598 7766 12382 7784 111 3696 6768 8312 5242 1146 18043 2173 10879 1152 9346 19594 11403 7308 11920 11931 1704 5808 10936 13498 1733 11477 4836 13029 12533 16124 12543 12031 4866 4357 4875 17677 1805 16654 10534 12071 15144 13613 11053 7988 8519 3911 12108 18256 5461 9569 9571 7532 16752 10100 9590 7037 3986 1429 407 1947 7070 929 17827 6057 946 19902 18371 2004 18402 10725 11750 12775 16890 7677
2580 12318 8228 551 6702 16943 48 5687 14912 17484 19532 19533 15950 11342 7770 8796 7275 4727 1666 13445 7305 13453 2707 11930 8348 12968 19114 8875 18094 4784 693 4300 7888 18644 15062 11487 15075 3814 5867 14064 9459 756 6902 4868 12549 10505 2327 1838 14128 7479 12095 7492 2382 8014 17237 4440 1882 10089 9066 7536 8568 6521 11644 10621 899 2953 909 399 17807 5521 13714 6561 11686 18363 450 5062 17863 18888 3530 16845 2002 13280 12772 11749 9193 12281 6651
15877 13854 11302 5670 7215 16433 15924 7748 11336 13897 9807 9297 609 19044 2151 15979 1135 13427 6778 12923 635 2685 18563 9859 2699 13456 1682 2714 18080 2209 16547 700 8897 4301 14032 18645 16601 3804 2276 14059 7407 11002 19714 2838 16154 4898 3883 5942 19259 3389 8509 4415 7487 19266 13645 1874 15195 3419 19805 19301 6504 16746 17271 17783 8573 16780 16274 6046 415 7076 1956 11179 10672 15793 7602 13240 14789 8133 13768 4054 18407 2025 4078 10742 5626 16892
13824 3584 19458 19464 9227 17934 19985 14356 4118 12315 19996 1565 6686 3618 4664 19512 3133 1097 4173 13394 9299 16005 14984 10891 17039 8349 15008 1705 15024 14523 15043 15045 4816 11993 7395 7396 9965 15599 8433 16627 6401 8450 1799 19221 11542 9495 13077 17185 6438 17191 14131 17212 10048 11585 12101 16200 17225 11086 4956 18784 11617 13669 8558 10614 13690 5501 14205 8574 900 5523 7068 1442 12706 1444 16295 15790 14766 18358 18365 1485 463 16858 15835 1507 15870
9228 1049 543 1570 8746 11309 46 8754 5690 19517 2113 578 5697 16968 1103 6736 2144 10854 3688 5244 7312 16541 10914 4261 6314 8366 9919 16064 4289 9414 4808 1229 6354 10965 17622 17623 14043 1250 19171 5862 18667 13559 18172 14077 2814 8464 18712 17692 4894 11051 2349 3379 17204 7482 18749 19275 10572 2381 6478 347 9069 4463 11632 6014 8575 16255 10113 4494 6551 7576 1946 17823 8098 19363 16296 8111 1479 14280 15815 10192 18899 9694 15852 8685
7681 8193 16908 12302 18963 12312 10267 9243 4636 14373 2087 16425 3628 17972 13876 6713 5179 9794 5711 18004 16987 7776 7266 11879 7799 17028 3206 6793 17551 19602 11928 15513 10906 18096 1203 18100 3251 7861 13505 10435 9929 15055 14052 2790 16106 14070 5882 16131 17166 13089 17192 16680 19762 14648 6463 8512 3402 9549 15695 12114 2899 12633 4441 2911 865 16227 9059 15207 3439 18803 1908 7028 8567 8060 9090 12689 19861 17314 3505 13241 5072 19411 4568 17900
3587 3075 517 18960 13841 9755 11814 18990 13359 9264 8752 8248 15440 597 19543 16984 14940 10845 607 11360 11361 4203 4725 16529 17046 6813 10910 18594 19630 5297 14002 7345 11957 18619 19643 1215 1220 16589 15580 4327 13035 5359 1777 3829 15094 12023 15616 2316 18713 3354 4895 4384 15649 18723 7975 1836 16172 10544 9039 9043 1875 10585 860 2402 3427 10594 13158 11624 13678 19824 9080 13192 14734 15260 10657 2472 11698 9150 9684 9183 15328 8675 2023 11241
9730 8200 521 17420 1038 12303 4111 16917 3611 11310 11327 12365 6735 12369 6228 6752 18531 2664 12910 19061 5245 17021 3710 15487 11396 16011 3211 16024 13467 7342 5294 182 15042 2754 8901 7885 15568 6359 2792 9962 1773 10488 6939 14110 4401 15160 17728 1868 346 13660 9053 11109 16743 3946 10602 6525 13191 18829 19342 7054 11677 12192 19875 19876 19366 8107 6060 17327 16820 18876 10689 19909 12237 2514 6616 10713 7657 17898 2543 9200 14323 6646 18936 4606
5 1581 12343 12344 7230 12354 6218 7760 12881 16979 7783 2152 8813 14960 8308 18052 5766 2199 2712 17053 3230 3232 13987 15532 10419 18626 12495 4310 17137 3321 4346 2816 18696 265 14099 16665 18204 14621 4901 18729 19756 1324 3372 1840 17202 3386 10239 10558 5440 2883 2374 8523 9042 18259 18773 9558 7001 1374 17760 10080 6498 9065 14194 5491 10623 12692 3478 1949 8096 17825 14757 10152 16300 12722 17844 17849 14279 13260 2540 14320 3059 10234 1535
7689 9738 523 8204 8724 21 6677 8215 15901 17955 18472 8247 16441 11834 13894 19032 615 9853 18055 18576 11927 16536 12448 1697 6825 12969 5296 4274 14517 11963 1724 5822 8393 3786 723 6876 1764 19176 1770 10474 9964 7402 1265 17657 14585 6910 768 3328 19203 772 14087 8990 4394 4915 3898 17727 17243 2912 19299 14691 1382 5991 5993 15217 6516 11142 12187 17308 2474 9133 4525 16818 10675 9144 10176 8652 16849 5586 11221 19933 18399 15338 17396
16896 13322 19989 10278 4649 18481 2618 15420 1616 119 8313 2681 10878 16512 19592 12428 14476 11919 10901 154 6817 10924 175 17584 19122 3250 8885 14522 14018 3783 19145 1738 9420 9424 12500 10970 9438 17131 18674 7420 9469 13054 12033 9476 4367 7960 3355 4381 4382 10017 16173 10040 19267 326 13639 2380 15185 18258 1361 6993 5970 12122 12645 15727 17778 2435 6538 7569 16277 16289 5027 3499 6061 1965 3502 4532 19382 19393 14278 18904 5106 3063
4096 11268 1551 12307 11799 11298 41 7725 11315 16464 6236 18016 18538 12911 1654 8311 3705 19069 2689 7811 4242 13973 6805 17052 17564 19618 15523 3238 18098 12987 12476 198 10464 3304 16104 237 17141 3837 15614 260 10504 3849 14615 19736 14107 19758 15689 15691 13134 6482 339 10579 14174 6499 16231 17261 15725 15729 15219 18293 376 3452 9596 3975 5519 3489 7077 14760 12717 8117 14778 4027 3517 19903 15827 15317 4566 9687 14301 11238 15861 10232
16388 4620 10765 14864 18962 5667 43 15915 17453 19503 11320 16953 8765 14399 3648 8261 13896 13384 1610 16974 4689 15444 5720 8801 11873 105 8298 1144 8341 6297 17562 4777 14508 19639 5816 3263 10944 8914 9943 12008 13551 8438 18682 13050 5884 5374 766 7425 15110 12040 16650 8977 12564 10536 8488 19755 5962 2903 1378 14701 15732 17793 18819 9622 11162 3999 18341 16294 2993 15305 2508 5582 14800 5074 10200 13788 10209 13288 3564 5624 18939 10750
12807 17416 16909 16401 2579 5159 3124 1601 8773 3153 9308 10334 14434 7267 19558 12391 2666 1138 15987 7289 1155 16521 17546 1165 5269 11419 9380 16042 11438 14514 10964 734 9449 3305 12014 19698 19199 5386 15118 16147 17174 18710 10009 6937 4379 11045 6953 15147 5429 1337 11582 2890 1359 11102 14177 11620 5484 10608 17274 16269 15245 13201 10137 6553 13311 14236 14753 16290 3496 11182 19384 5566 9670 454 18379 976 2003 9176 3558 14833 3069 9215
9217 15367 8727 12824 13853 14882 9764 6692 19502 17969 14905 14909 13898 2639 1626 1118 6239 2660 7795 1658 8827 12924 11901 6784 17554 11941 11942 10922 10415 1713 7866 12989 12991 9936 16081 3800 10974 2272 2794 19691 13552 2800 11512 13567 3846 11017 15631 11545 11556 19240 2366 16703 6980 4934 16204 11602 10066 10074 18273 357 8551 15211 12654 7543 898 3474 18837 8085 16791 2466 14756 5029 15274 4041 18893 14288 6109 995 10726 3571 2558
13335 10273 17956 4134 16427 12850 7227 8764 5694 10305 10309 12871 13386 19553 610 6758 11378 11382 18555 641 4227 13960 5804 1198 17608 3795 4820 13525 8407 3803 16111 7922 9465 18169 9987 3358 19745 17702 13615 11062 3403 2893 19281 14674 17239 8538 10078 7531 10605 11119 5488 9599 9607 2451 3988 18327 9115 5022 17311 9130 11189 15801 18366 16837 10181 970 15307 6604 5589 478 9699 16869 16360 6632 8175 7664 11766 11768 2554 10236 19453
10252 6669 3090 8725 18453 17437 11303 9257 8235 1068 16942 13365 8757 19523 8274 19544 13922 11884 10352 19586 12938 18589 14496 18089 19116 10931 8883 18105 18622 15057 726 5851 4317 12005 9963 17134 14062 17648 12018 4352 15620 6925 3352 8991 19747 17190 10542 1332 14645 15158 11575 14141 15681 4424 1365 15189 11096 2907 10618 7044 18315 18319 13213 2975 16292 422 16807 10684 8637 1471 16323 9671 7122 17365 19414 2012 16362 6634 7660 14837 4607
3077 2576 7703 7192 1054 7200 2592 18468 1061 11308 11313 17971 13880 19008 3138 19529 19019 10833 1622 15969 11876 2148 19562 12395 15980 5741 12407 13952 18561 2181 1675 7317 6300 9383 1204 15550 4804 11460 7878 14027 13516 19667 10968 8412 14051 13540 13062 5387 16141 8976 1301 7458 13625 11073 14665 8529 15706 8040 18807 19332 3465 9612 7059 14744 4516 2470 6568 12201 7082 11693 9647 9650 13749 7099 15301 7630 1000 7662 17913 3582
4097 17424 18450 4630 24 11288 8227 16933 14393 9298 17502 7263 15454 6243 12905 4204 18031 11887 14458 17545 7819 5260 1171 19095 16030 14494 17581 5809 9410 6862 19152 7376 3283 15573 1240 18155 13037 3826 14587 1295 18706 10519 11032 11033 11034 11039 10015 13617 10045 831 1855 4423 10058 3931 1372 8029 10095 380 15745 10628 16265 16272 5522 18853 14245 19883 5047 1981 959 13764 11209 8656 4565 15324 9184 5091 13799 6120 3567 9207
9222 19981 15376 6685 18982 15402 13378 18500 68 2118 3656 4169 7245 2127 3678 6238 15469 4717 8828 17030 13466 157 17069 12461 14528 3266 11462 18121 1740 1233 15581 8418 5347 9442 11494 12521 6391 12029 6411 9488 1817 1818 18205 7465 2870 316 828 11589 6494 3425 12652 19310 7534 378 14220 13708 7056 13203 16788 5014 5526 5019 2974 16801 420 9646 943 11701 6076 13761 15812 17873 14801 17881 16347 996 9189 10224 18429 11774
13316 6164 1050 14363 17444 8232 1579 9775 1606 13900 9294 8276 16982 6249 7787 14456 18040 18049 7306 10892 9357 3221 15510 3223 8858 16044 15533 14518 16056 12477 16061 5829 2759 15049 19669 9434 9440 4321 5346 17135 4847 6898 16118 15099 13566 15621 777 9485 12052 13082 5413 11052 1837 18230 15163 18237 2878 17217 8517 17733 18248 841 9567 10086 7528 19307 13182 4006 13742 16311 10179 14285 5070 12751 8145 5080 473 2017 6121 16891
8195 16391 19479 19491 17980 5692 1089 9284 16967 85 19551 10855 14957 5235 640 1153 13446 19593 11402 5770 6794 16532 18071 2201 19098 16546 1195 12979 7863 9920 4303 1751 19160 9949 10468 12519 8937 6896 13049 15123 8470 2336 7972 6445 13631 17218 19781 325 15693 14686 3938 10092 15215 12149 6523 6012 10110 18821 15250 5012 4502 18329 8115 11188 12723 4535 12737 17346 1989 2504 7626 5079 7128 477 16353 11235 4593 13298 11763 8697
513 18961 12309 1557 11809 4131 9252 6180 15940 9296 16470 12387 103 14952 12403 3194 11391 6788 13444 11401 3212 141 2703 12945 1183 16036 17583 6858 3789 719 12498 17630 8435 15606 15098 13571 274 11539 10517 10522 13083 297 5933 19246 18232 3391 8513 14658 2882 17221 5959 17224 11093 7510 15202 18276 9579 4493 9102 9630 934 6054 3508 14783 1475 11724 18382 5071 9680 8657 4052 13782 8154 16354 19950 5102 17906 4602 8187
522 9739 19992 10271 12848 9267 11318 4668 17982 11839 69 14413 8271 11346 11348 13909 15446 1628 16499 2675 5240 5273 6301 7334 8358 3751 19629 8370 18099 1213 8893 11459 10451 5334 10969 4320 1760 6369 6377 7406 17653 5890 14082 19205 19209 7945 10007 16158 9503 10528 290 4920 17726 322 1347 12612 11606 1883 5984 866 12133 11623 15210 2431 19856 16786 2452 10136 2460 4512 10665 4522 17334 8640 3009 6596 1491 19421 2021
3586 14874 11805 5164 5684 3139 16453 1093 12362 17491 5206 13914 9819 1631 6252 4721 6771 18558 14465 9858 9860 9866 7833 14492 7332 2727 12462 5806 17589 694 6332 4818 1235 5845 9437 5344 8935 7911 14569 5878 13564 3845 11020 4385 12070 9510 10026 12079 11580 16209 18778 3930 8546 5481 19306 2922 18797 7540 13696 15236 16779 11659 16286 13744 17333 15287 16827 3010 19910 19401 4562 8150 9686 19417 12257 17381 11755 11759 1533
18475 12844 4679 4684 8275 17493 599 10840 2145 4718 14959 3196 12412 12417 8339 13476 6321 6324 5815 10424 1728 12481 6852 8905 4810 5327 9428 17111 17120 5857 1251 9972 266 17169 2833 15637 17176 4892 1318 3367 14122 2347 17199 1851 4412 19773 835 8516 18246 11593 15184 17763 7015 13673 17257 17259 7538 19828 4473 14206 18818 1924 15764 19867 429 12721 5553 12212 17855 14791 3015 12745 11215 10707 17369 18400 17905 16881 1522
6657 7170 5636 3588 15884 532 11800 10264 3614 10786 18992 15921 11832 12869 6214 19015 4176 605 98 4208 17020 7805 3199 7297 15491 4231 7311 19601 19603 5788 15027 6334 11971 3268 16070 14535 715 5324 16591 3282 11998 10981 16110 16123 19708 7937 12038 9993 12042 18702 19733 14618 5403 17694 15137 2356 12599 4413 850 14680 15714 14187 6007 14199 19833 13693 11649 5535 947 7604 9659 4542 6592 16847 471 11230 2539 19438 8688
8706 19460 13833 12811 12818 10782 7712 9761 14894 2613 7228 17470 2630 7757 10830 9310 10847 14956 4728 12927 17549 142 3217 17556 18581 19606 11424 5814 16569 8378 17088 12992 718 9431 1243 15070 17132 18160 9458 6402 14597 11022 8472 19743 8995 303 12091 8508 16714 3915 18777 8537 9564 4453 16744 14708 18299 8577 4997 14216 15757 10126 8080 10647 9134 9137 10690 18892 12750 1489 18388 7637 16343 7129 11226 14309 11247 1012 16374
15882 6154 18959 2593 19496 13361 18485 10809 12359 2119 6220 15455 617 18545 18553 16517 8326 9861 13965 19101 8364 13486 6327 6842 17086 13001 202 10955 14542 19682 13030 12528 245 16630 3320 1812 5923 16682 12591 17200 13105 6455 323 2891 9548 12631 9047 12125 7008 14695 16243 15739 3454 17278 6529 14725 6542 10639 16283 9136 19383 15800 8124 12224 4544 5057 14790 13254 11210 17357 15841 17383 494 4590 13300 1014 15863 3583
16384 18945 18955 18956 16399 7185 1042 7699 11796 15381 8721 2072 6168 15910 18998 6207 19011 10317 623 13939 2676 3702 19576 13432 3723 6802 661 12440 19614 15538 3269 716 1231 5335 8927 6880 14049 17640 19182 12530 5875 17147 19196 10509 787 1832 2350 1839 13107 12595 16700 4926 11079 15181 2909 2409 19821 16238 367 19312 13176 4990 8074 19852 6035 18845 5558 5575 18377 9677 9678 8653 15318 9196 2031 1521 14327 19964
7171 516 8214 12838 553 8240 19514 16447 17987 15432 8269 4177 3672 3162 2141 14433 13424 630 10368 19598 4763 3740 13470 5794 170 12970 4279 10442 13534 7393 14055 13038 8947 18676 18184 7951 5907 17175 5921 12080 17715 7991 9531 18239 5960 12619 16210 8544 17262 6003 14201 1915 12667 2429 19842 12175 18332 5031 2984 18865 8627 18869 2489 16318 10701 6098 15837 8159 4580 3557 13798 487 3562 15857 9201 5107 12793
14339 13828 2055 11281 6162 15896 3104 17963 17466 9281 1091 1092 15944 15441 13400 10332 19036 3676 12386 7794 12406 15480 6787 4750 4241 9364 9881 6298 6299 2720 5800 9898 1217 17099 13519 10448 7914 4342 9463 11006 5384 6425 15642 16670 804 820 12607 14668 19280 13653 13656 7514 7004 19823 9081 17286 394 14218 2445 12687 4496 1424 14230 13212 928 6050 11172 16809 10155 15278 5040 441 4545 8139 8670 18405 16885
5634 5128 11284 5149 15393 17473 17480 18513 13906 7764 5204 19045 619 4716 4210 13944 13439 18051 6283 7826 15508 1685 5784 14493 7328 9377 3748 7874 7882 14037 19167 11999 18145 14054 19687 745 14571 243 18695 14602 788 2341 14125 10560 18250 14667 6486 13142 4964 14183 5480 8552 17771 2415 3443 2938 382 11658 11664 19349 7064 2976 17828 12198 1454 945 13235 12221 451 6615 12249 474 11739 8682 19946 12786 17404
14856 19998 13857 8750 9779 5174 6715 13884 15933 7768 5210 1119 9317 5748 12918 18551 14464 644 5253 140 6291 2215 17576 19625 3753 177 18616 185 9915 13503 15044 6341 17098 4311 3291 19165 14048 3315 8444 14085 12551 7948 7440 7954 10004 12053 4905 17196 15150 17209 9025 3394 17220 16709 14664 5456 10583 12120 9056 12641 4974 10606 10622 18307 15749 3485 18851 3498 7095 19907 11722 6605 7656 17387 2036 5112 8189
7938 14211 18436 13958 14215 17547 14604 10766 6159 2962 5011 10516 149 11543 7705 3994 10395 3868 3484 16798 11679 3615 7066 12955 1443 36 7460 13988 1447 8742 12456 9598 10671 2098 13234 11314 6580 9524 2103 13368 17465 13113 14649 1085 19518 14270 12225 16450 7619 13766 14920 8910 18767 3024 16465 3668 1750 8662 3926 3546 13150 10079 4830 3297 18790 7912 18921 1897 8555 9582 8305 16501 4476 19451 1532 11902
19328 14976 16770 14468 4103 16264 11144 3976 4491 783 19215 11408 16016 8978 14098 11540 3215 18199 10385 19608 2071 281 16539 12190 6176 19360 1314 11299 7970 13600 8230 15913 1706 2476 16174 13231 4527 10801 1715 16949 15798 12216 8120 19134 3774 17857 9027 968 15306 9037 3406 4558 13781 1493 9303 727 10201 16346 10843 8284 3934 15071 3044 5350 18664 4842 9835 7404 7789 8814 109 18291 10356 6905 10108 2302
10369 11780 3973 1547 12812 6027 17294 9237 6934 8984 19355 17947 14109 14627 7587 19238 18086 15400 5801 9254 12203 3625 3370 4014 8493 8626 3507 11828 566 12726 9657 16314 9147 13500 9405 17472 961 3906 8258 6727 3657 11081 2766 8527 8528 7251 16212 8531 17367 11480 15066 18652 4444 16094 15584 7649 5218 7139 12256 15463 15977 2027 16364 13421 13550 14830 6763 1650 10995 5108 6899 13938 10104 2556 19454 8191
17664 1537 514 7555 6019 7302 7431 15240 12553 13576 9224 9094 14608 1808 5137 19 4115 404 12954 5786 1692 800 13728 17186 11938 11042 11429 6951 14248 16681 11950 1202 16691 16564 15413 9526 12469 15032 10425 9016 2100 19637 10810 19142 8903 16456 19913 7370 7418 14546 14676 10708 18902 11479 12378 19675 10458 11099 19038 4062 8545 3123 2536 13801 18283 10478 112 12785 17392 1009 16244 12913 3193 2682 4862
19204 14084 1542 18567 7177 5003 13967 19991 17944 13720 2585 2969 6811 3229 7193 6816 12193 6307 12068 1191 11305 8233 2606 17456 12467 1075 3252 19126 13114 4284 5821 7356 5054 12479 2498 6722 16966 11846 6472 13127 10826 4427 12620 14028 590 6350 8399 15953 11984 7763 2559 15993 18010 987 18908 6878 6751 19555 17125 1766 8314 12136 14440 7023 13936 755 18420 10741 16127 4471 19193 14202 17148 9086 14975
14850 19588 19974 18571 2575 9744 13969 14863 17683 16659 3859 10260 9240 19482 18586 9373 6047 6946 9124 15653 9767 11048 5287 2730 18987 9132 7599 13487 8623 3634 18355 9522 7349 14130 10552 442 13244 15806 7486 8000 10816 17091 18884 13636 16067 9028 9925 13770 12491 16460 4938 13013 19803 7387 2019 2405 231 15208 2665 19434 13548 15726 18158 12526 11633 8690 11891 883 14961 5231 10610 9849 17915 4732 895
10752 9093 6406 2441 5258 12170 1676 14605 6541 13457 530 9875 7958 3353 13722 18846 15262 5918 8353 19362 6436 12841 19242 12204 813 6578 4531 2612 821 4148 1593 9913 7738 7868 12219 17215 7231 19010 14914 16069 12357 19911 11976 73 4039 6982 4812 7366 17743 7503 11007 15060 1621 3159 14679 16089 11225 19040 737 1632 3168 13664 5604 19432 13800 19054 17390 16371 6387 16245 18809 11004 19326 17535
13569 15495 9609 3595 10123 7565 14478 6672 11025 15890 13075 3092 5393 14227 406 10387 5401 5785 5914 18336 10659 3236 18088 5803 5420 8110 6449 5940 53 5685 4918 18103 8375 3128 7477 7860 6460 10426 7742 15422 12735 6975 12738 3907 2758 1350 7368 3662 10575 80 5972 15061 15700 4825 14556 17501 11870 16485 17254 744 19945 9704 14060 13040 15601 16629 19573 1141 17016 2678 9078 7547 10365 5119
8962 12420 12296 4616 16392 7179 12686 5392 9490 18195 17812 17301 17814 16663 7319 2067 410 4122 10010 17181 7455 17952 14112 16802 19235 8356 5664 13862 7078 12840 6699 12334 7986 7733 4793 14906 14996 957 11838 13888 11329 15938 10183 2123 15436 14669 78 3787 5328 2260 19031 4183 6106 7386 18780 11228 17758 2016 2530 3300 1509 1765 3047 16101 9577 13419 12396 9709 8061 9844 19190 4472 9978 17533
13825 17666 9473 8834 13829 262 7685 10888 8585 13962 9474 3596 19214 18832 12434 17942 2715 17821 2461 8223 11040 4641 12962 6049 18980 17188 17323 4782 4912 17329 13747 14389 19640 15290 9787 2490 7995 6593 12355 15942 5703 5705 18125 15565 5454 10960 11730 19156 12756 12758 6101 2139 3675 3806 15712 1122 11363 7654 11751 4200 16751 13807 19185 15474 5363 3188 12022 2039 8056 1398 3446 3195 18428 12159
6659 3204 2444 7436 17681 10386 1149 19478 16918 14872 7577 9370 5658 4762 10142 2847 10783 13985 18210 15906 8100 12453 13992 4520 11947 14380 556 17711 15665 16305 2227 11571 4019 2486 11959 16825 12345 6077 19261 19390 1857 10306 1227 5200 7507 6998 6870 18776 13402 17371 16092 8543 7521 612 16871 15720 19177 2282 5740 1645 18413 5612 7149 17264 14577 3313 11249 9460 18933 17525 7283 1015 1395 17277
17792 15361 17536 13318 14598 2056 15752 13703 8971 6026 10255 2705 10258 16787 8593 3476 5906 10140 2589 2078 18335 18848 4509 8737 2979 19621 12582 18342 2601 18221 9262 18351 17201 10034 13106 2357 6070 9655 2363 573 317 5567 4416 13893 966 13382 13000 16201 17866 19273 1867 3145 7758 14671 5193 1106 2259 15443 14677 2262 5590 13530 17375 9572 3175 15558 17514 2795 2157 16497 4339 3575 16250 7548
13953 17665 7427 4870 8 13834 5130 398 13327 12304 10769 17682 5394 16790 12314 19995 795 2845 2590 13597 1321 5675 4652 18093 11692 15157 3769 3899 9019 16574 5824 18370 19140 12741 12103 10823 16585 19786 2379 19918 17103 17871 19537 10447 7631 2132 6484 5078 18903 9815 2009 91 6108 7773 1630 16478 14304 16096 7778 8669 14182 15719 6633 8556 10223 7537 8050 19314 13682 19058 19063 13048 2811
19457 16647 10760 3209 6029 19471 18705 14483 3347 10645 10262 13596 4511 3875 19748 12196 9726 2986 939 2736 11056 10674 12336 5556 9649 1207 14392 2361 11578 8889 1341 4543 9151 12097 16194 15481 15300 5573 15174 837 1348 1225 8779 15435 3660 12494 3147 18510 13647 18000 9041 594 13261 3540 8533 7893 5462 2776 17753 16602 13149 3422 7519 6114 14819 18023 10601 8173 9454 11889 4597 17273 18046
7680 19329 18050 2051 7552 6530 391 13959 8968 10378 15755 6668 4880 16146 16026 27 18972 10269 16926 9242 7456 17407 7204 6820 15526 1190 4647 13611 18220 9004 5163 11823 14513 11569 15412 7092 6196 1972 2615 9909 9658 10427 14269 14014 5956 453 14022 16072 19017 2120 1480 16716 18895 9681 15314 8146 2138 16861 222 18398 19041 2914 11622 3431 13928 4841 3949 4604 371 13561 1659 14204 14719
17024 16257 2433 13315 2564 16642 2950 18952 524 3088 7824 5140 15252 5141 280 8985 8093 10399 19744 6560 5793 5540 18471 15271 18476 10925 15277 7031 8498 2101 568 2745 8379 14396 4414 15038 19776 1478 455 1607 12870 7369 1995 5066 15567 11856 10199 17112 14296 17241 3801 6618 3548 15326 14432 3554 8445 2279 4711 14696 17130 11627 18412 10348 491 9707 7144 114 14967 3577 16636 12285 14847
1283 9731 1674 14860 19725 14221 1677 3213 15760 5904 3730 13204 4629 6935 11031 9623 4376 16040 10024 19882 14251 18092 11181 7727 6703 4656 5938 7987 8625 11954 1591 9399 4026 5946 7229 1603 19908 10950 1352 17226 5322 1742 14799 8526 337 14163 18260 7252 11735 3928 7384 8925 991 16480 17761 9186 993 2787 5221 1638 10465 15594 5098 10349 14573 12015 2034 4984 7157 18166 16759 8440 9461
764 5637 6918 9593 14474 270 2960 7313 18578 12691 914 11411 5529 5146 5913 4121 10909 4767 8610 14755 7843 14629 6822 8109 10287 7343 9523 18995 2355 16442 9402 5564 11257 9533 7998 6906 9793 11201 7361 1860 456 17353 5707 17228 9547 16848 2643 15316 2261 87 15191 472 6363 2913 12002 11489 8803 12259 16998 18152 17513 10091 16621 14832 14066 2803 761 13430 15479 1145 1402 9724
9601 11395 19333 5254 10117 16776 7947 8716 10637 528 2961 18835 19477 16406 9749 12062 18211 4387 6440 12972 2733 4142 8751 16945 561 1201 9908 3763 3893 5426 18360 18746 1594 14524 9790 9536 6850 579 14917 5445 8902 4936 6089 9291 18512 13649 18130 212 16341 18266 9565 17633 6242 16355 17636 4323 9700 5349 15336 1385 10347 6507 8557 2542 12143 2804 2294 6903 15096 2934 12413 5502
2 14467 4995 1796 2183 10887 18440 7946 2827 3853 13966 18703 6931 9620 11283 6679 2840 1436 3100 930 16041 7977 8491 6700 4778 11695 16688 5682 6650 18684 16950 2743 14520 17336 5562 7353 2748 7615 6208 14785 3522 6976 6780 19656 10570 15437 19155 11220 10067 18394 14941 19934 10335 7525 7527 10600 4840 17642 8297 14063 16240 9583 13039 3440 9715 15093 7921 7546 10619 18300 9725
16386 17284 19589 17158 9095 15494 4999 11657 9864 12556 16394 5262 8592 785 16017 6803 2708 151 16792 18201 12317 14498 16931 16420 163 38 2342 10280 6947 12716 11949 17324 3506 18484 3892 10423 953 18108 956 10556 19648 4291 17605 8005 5446 2636 16717 12110 15310 19538 6866 17492 10453 18647 18905 18270 7007 16481 19814 8679 488 7273 5482 5352 8044 625 16372 6900 13686 18940 1407
6400 3457 1538 12419 12546 14213 17542 519 9991 15109 3466 6024 1292 12813 11149 7556 13842 6419 10775 13593 4484 12963 7589 10795 9260 14640 7344 4659 10421 9141 17721 18361 7611 16572 16701 12990 16448 19009 12608 16452 19526 17478 8904 12106 16588 19148 8141 4174 12496 9426 10068 12373 7512 3673 3674 5471 3936 12768 15970 4704 4067 6115 12266 18670 6789 9586 15603 11127 18937 4347 7807
6785 18690 14466 3332 17413 15365 10373 11656 5769 15493 11 6531 6666 9479 14222 15375 9615 8596 7445 16922 3483 12188 2077 13856 4645 4007 8487 7979 14891 18991 14768 7984 1586 7478 14136 2874 14397 12733 6847 7616 18495 5699 15302 967 329 8650 1355 3150 11599 11343 2258 17619 7634 1877 9691 11996 9182 17632 12258 1892 18408 18157 5229 9326 15216 8689 1396 19192 12282 17916 11646
10240 4229 11398 15238 19462 10890 17 12308 10646 16668 11165 5920 1315 8612 17663 9514 10027 7214 9903 17712 2096 9008 19891 7476 12084 15670 311 11576 3642 8763 16188 14653 577 8770 18755 12868 1863 3144 8264 18378 587 842 4941 9809 10963 19540 19158 10070 19672 18526 18015 13152 8417 1120 17123 13282 485 14307 1255 2786 6631 15466 5354 13163 11501 19953 16883 5239 10360 11771 2687
6786 12035 19078 14983 15239 2438 11530 8330 8454 17293 12426 18579 17172 11157 17686 12567 12696 4249 9238 2709 1948 15645 7452 12831 15522 4386 4772 8229 8616 2217 9773 13869 9138 2484 9781 7735 7098 13755 17725 16192 3521 9538 11717 9160 5708 15053 17744 8788 15830 11483 15197 224 17377 8033 2659 2020 6755 8678 19048 2026 1900 17005 17389 9071 5360 4209 5234 14836 10613 1272 4735
18944 16513 1668 11012 1414 6663 4487 14348 6157 11918 3858 5778 17429 7063 4991 15902 8736 15777 18978 17697 5536 9506 16166 7596 47 817 10417 14259 14008 19129 19130 15802 15676 14271 15679 9537 19522 4167 6217 6221 18254 12238 11725 1492 10196 18390 18007 17624 5591 6746 10330 10850 2658 6372 4708 6370 7779 10213 12770 13804 12397 1903 11760 9713 19057 5618 18036 15866 893 15230 13183
14336 15232 11910 6791 7432 4233 3983 8079 9234 15635 5780 531 8087 2584 15900 2463 5026 8867 18599 7207 2089 3754 17707 1067 6187 17330 2226 19515 11323 19778 9924 15943 17352 17737 19912 2632 6859 9421 14926 5199 3703 12625 12757 3929 14810 13274 12507 11356 7260 19807 14178 1890 6373 10982 6118 14186 4588 11629 7151 12273 11122 19187 14705 2422 1911 12280 10235 14588 3581 18431
5504 4865 14723 12932 4356 1926 10885 18825 1546 11145 16140 13325 9740 2063 2321 9106 5267 6420 2069 19994 1179 5020 18334 17695 13983 2337 10654 3745 18681 1964 6579 14005 12086 17463 19255 18872 13887 3264 12353 13762 1859 1732 1861 13123 10175 10312 5961 14922 4043 9676 6094 6607 16720 6096 1620 1498 13146 8158 19295 1249 13665 5602 17892 6882 13671 7145 108 12151 19321 12797
19840 4739 10372 18180 8583 15626 18701 8205 7704 11802 8604 16674 19236 1572 9765 679 13993 5162 10411 12588 4913 17587 14132 2996 695 12729 11065 7867 16699 16956 14139 2238 11196 18496 7745 10178 3267 196 14916 4550 7747 15561 848 6097 5330 12499 12116 11733 3798 12503 6490 19035 16609 8929 11492 12649 14057 1641 13931 15468 9836 13932 17263 16496 1647 2929 4084 15989 7929 19583
10496 13441 10754 5891 774 7559 267 17292 395 12045 15502 18064 14737 5899 6670 894 7701 4863 1432 8216 7065 18075 3101 31 16671 12324 14372 12197 19374 16815 7089 18613 18614 6709 18362 1467 14780 6205 449 580 16071 7624 11855 18896 2392 728 218 4187 4831 481 226 17507 15334 2283 19948 14829 17516 8687 10859 7409 12017 13297 18292 3183 9581 11641 5499 11516 254 1663
18688 15489 2946 7553 15492 14470 14344 17033 8830 651 15629 13198 15503 1811 13843 9363 9369 9241 8219 7582 3359 2848 9123 19243 4139 14764 7339 11440 19377 16563 310 14263 15929 12860 8130 17223 1865 4426 4683 11851 5706 3794 467 16083 16725 17363 11607 10835 15486 10204 5341 2910 6366 19425 7777 8548 9319 14185 1259 10220 18801 4595 12276 10869 3190 15222 12920 2427 14334 15103
512 17409 3202 1795 19844 8199 18056 3722 11917 13454 1935 3856 658 6936 17048 793 7578 18715 16028 19102 2718 17443 10915 16550 17193 1707 13356 2989 13870 3247 5932 1841 2610 4910 19767 15928 17592 13242 6972 9917 8510 6591 6977 5449 5451 18128 16596 11478 15064 5850 17885 18141 7390 2784 3296 4344 18789 358 13414 5735 7786 10986 1133 5230 8304 12152 14714 17661 17022 767
4481 642 4228 17029 19463 3848 19466 17163 4748 19597 14610 13331 17558 2839 11158 1952 17824 12834 18979 9507 8482 4906 8362 2988 18739 6067 17206 18742 11446 1978 8122 8641 12610 6595 11718 3271 19914 7242 3019 15865 7759 5969 10578 9939 13396 18775 11994 19547 5722 18142 18655 14175 16226 3811 15843 18661 16742 4325 15976 11497 1004 12268 17518 4332 10098 10482 10612 9335 8569 11262
3329 15618 8578 18950 12429 1040 5265 3091 11156 5653 17151 791 19097 8092 15776 15264 3361 4519 19371 14893 1709 560 4404 13877 18359 7736 6200 7996 445 12605 4287 13376 14017 7997 13117 14013 9285 6979 12105 14925 15697 17235 10324 18774 16214 7039 8409 1238 19455 8408 14429 13021 5598 13791 16740 19430 19816 17896 17768 9960 9708 17901 17646 751 19569 2674 19829 7542 16895
6146 10626 14852 17924 3719 2952 2313 4617 9351 13451 653 7950 7183 18577 12177 16151 15257 282 15899 7195 19486 2591 6177 15269 19624 18600 7722 9771 18606 8494 2865 17588 19508 10493 16954 15292 1980 2621 9663 18112 5313 1474 3908 2246 9287 12232 16969 12230 19149 18638 12749 4304 3279 3924 18389 5599 13153 8806 9192 17897 3563 1901 8943 9968 498 17652 12792 15867 18685
4992 5121 13568 8963 1028 12804 1925 14214 3720 13577 4497 14739 17430 16152 12825 18714 8986 10012 12827 19999 14495 18337 2464 18467 16679 9512 18218 19627 11566 5423 14385 5298 3635 19511 2488 7865 13627 17724 17341 958 11967 19136 19653 5578 19150 16336 7762 15188 8021 15325 864 10336 11234 7804 1124 7012 1639 10731 11756 5998 17391 16880 12539 15218 4211 379 9468 3965 14078
9600 13188 134 392 15241 5131 2446 9231 9489 2964 19093 8599 11166 2465 16162 2210 6520 6182 13863 9128 3369 6958 19249 9396 11192 14650 2746 18623 19392 3135 11714 10947 17860 9413 7364 8647 8007 10437 74 4803 19406 462 2126 18515 16597 15957 17879 4949 12765 18912 10978 15459 17764 19941 15589 16994 7014 12776 18025 12137 10604 366 1139 12661 18935 18808 19194 11131 9981
17281 16003 261 12425 19595 3084 16396 1164 11282 12050 4244 18325 6427 12572 7069 3357 5021 12833 15138 10403 5797 8744 13353 5034 12971 12457 13738 13226 10543 4271 6835 14772 1461 17973 9784 60 1212 2365 7484 16834 12999 10185 8907 3068 17102 8143 14798 5457 16976 13014 5718 14168 17370 7262 17249 14818 14050 13413 4197 4202 16236 10991 8432 6639 6385 1783 6136 10748 5757
12162 8453 16135 10375 17289 15113 7178 1548 10894 11150 6288 8850 10771 10900 5396 7831 15383 3736 15386 10651 924 11164 18463 1695 16805 7206 4005 14246 7594 3501 11055 10416 8881 3761 17459 13363 7989 16824 15545 6457 2620 15932 10814 16959 8385 6083 1222 15175 14663 6598 19659 16332 4685 18518 19291 5854 9825 9826 16867 9443 13670 17770 1131 5226 2797 4731 7279 8183 8059
12288 6656 18179 1539 16004 3843 15242 19467 19596 5143 408 19224 6809 14491 16409 4769 13601 1954 18596 10148 15403 2091 2095 8369 14641 4787 19252 5303 3000 3513 19386 14652 9022 1983 17985 12865 8386 11458 14786 15428 7749 7881 19274 12490 9673 1993 12361 13391 5458 8664 5849 12123 7132 15453 5342 11231 11104 2401 1634 13410 11368 17645 1006 17395 16116 14068 1271 12409 8959
12291 7683 4 6149 5640 6920 2314 11913 5752 7567 14482 1683 1942 5398 18073 6943 18720 9247 18855 16168 15273 14378 11816 16561 12600 5306 8125 18879 15552 10434 14275 8518 1735 11207 9289 5448 11852 12109 17105 13266 13907 13526 6360 19289 18781 8541 5728 16737 13409 11362 6886 8425 14955 2155 365 18798 2799 15345 18802 11635 626 14450 19443 16757 4856 3697 8700 6911
1280 18177 11521 6016 5377 6664 9720 19851 13582 6160 18198 17047 16664 12822 5142 10268 4253 11933 8609 6563 5796 19494 13865 3242 8106 12075 7086 14383 6192 15284 19765 13750 4790 3895 15677 6590 8127 1729 11074 3140 5957 2501 17865 4171 11211 19789 14033 18261 2399 8928 2529 15586 13026 17252 7135 4966 11746 5353 13162 14319 19056 15985 13935 15350 10998 248 13181 3327
14341 3590 1545 11914 4749 16527 16534 4374 15512 5910 5530 15643 8091 6295 541 14366 16287 1058 4644 6181 19237 11690 11691 12076 15534 9263 18608 2229 2742 9656 5693 3265 12994 1605 8006 19657 6090 14538 18508 19279 19664 1618 8534 1623 11609 12634 6235 10077 479 2655 6113 7137 11519 3174 10217 16874 19561 5610 238 15855 9711 17145 10743 633 10746 7292 6526 19967
11136 13697 17794 16901 17926 17799 14086 12678 19217 6418 3990 7318 1048 1305 11673 18076 5148 6818 1060 550 4009 3626 15401 13228 9901 15276 18863 12720 8880 18864 15283 11821 3765 6829 16431 7859 569 14782 9662 8511 13892 10190 12497 466 5843 13651 17109 3932 9436 3041 99 4707 5220 15079 14442 6250 12780 7405 9129 14575 17520 15346 9587 17017 8698 13691 1404 10367
2560 19969 10112 10753 4996 6660 10886 18312 18167 8703 6799 4112 16273 17810 8595 6804 12819 16533 4887 8471 18328 5271 16411 1438 14370 419 15652 6313 16554 12459 18862 13488 3381 10807 14265 16697 1211 15421 4670 15294 12742 13129 14155 13517 14416 15954 7123 14804 724 15315 17751 600 12754 9555 9942 19548 12252 8790 9178 4965 4076 6126 10097 5493 2935 8186 9854 1919
13057 4355 390 1671 903 2566 1549 9230 8594 3093 15382 10263 5402 10907 3231 11427 11683 8357 6694 15656 9001 6443 2861 15022 1327 19890 6452 10933 9398 10111 8632 15293 1473 2370 707 12484 5701 18886 13255 7750 1737 14026 15308 10700 19409 2772 12886 18391 11872 17634 8292 10470 1511 3176 2280 10475 6892 17903 2927 9456 12658 19827 19571 3061 13046 7415 4216 13823
5760 17539 19972 14596 9734 7557 15368 18570 10124 19340 3724 18321 4372 10903 17434 14747 6052 2598 9511 1973 17467 10301 5438 2239 3136 5312 10818 16451 8388 3914 8142 3791 7887 721 3026 14035 12628 6355 7127 3288 17113 13786 18907 858 16605 1500 6749 12512 2657 8290 11747 4191 15461 3962 18665 17258 19435 6635 5593 15470 10607 3311 8431 19700 634 7800 4857 2426
8320 16258 771 8707 19971 5114 7303 10119 1800 1804 3468 18707 12949 8598 2967 14873 10393 414 1151 13860 3876 12584 1325 3377 14643 5812 9651 180 18618 7354 830 5695 11969 15682 15304 586 3408 4048 15698 16467 11989 15192 18396 13277 12254 12255 15068 348 11874 738 15973 15333 12647 7790 19439 19696 3695 5362 369 12148 9077 10102 4601 15354 16380 5117 5375
8064 257 13440 17156 7940 15623 5515 12557 18831 5007 9871 2193 2581 9750 19607 12952 18457 152 12059 8603 669 19869 6042 6684 12066 13732 2214 13223 9896 1577 9387 12332 17198 12338 51 15411 4149 7350 5173 6194 4281 11710 18882 17602 4036 8900 72 14410 16458 3404 19662 15738 13904 7250 15958 3543 10842 13666 10596 4199 18799 5871 3569 19830 7674 17019 1789
1665 7042 2693 14859 19724 1807 9104 8591 8338 14741 6166 11671 4632 11929 1303 6812 3871 927 15521 19746 14115 17957 9639 12329 11563 7469 6576 2487 10042 4672 16326 4807 16584 8137 13514 332 13135 2257 5459 4181 18262 19927 5977 2266 7131 1248 3552 15842 12642 3428 14822 6375 17000 2406 9450 3307 17772 8167 11886 16367 18162 18547 4594 2805 9467 638 9343
10884 10500 17672 5129 5898 5513 10121 11021 1552 16275 7444 1046 1815 19352 12438 14106 18584 16796 19742 1567 14878 9121 11300 3364 13093 19111 6062 1714 14003 7474 18101 824 6331 17087 4031 18497 6851 15557 19018 9034 12746 19661 4302 13390 16592 9038 9554 9171 982 10329 14554 4060 17887 8034 1763 15464 235 15339 17517 1003 12016 13170 15220 10103 4730 4219 10495
7554 5623 10759 1037 16655 19600 15633 11537 6290 6548 1556 19605 8855 10006 18582 11926 1302 9117 16415 10022 15143 9259 16558 2094 4145 9397 16693 4408 5180 15424 15425 2369 16580 2757 5828 12489 10441 10187 13389 5583 12241 14419 2005 9430 9560 6744 13658 14427 5853 15582 16378 18275 12262 18024 104 19819 2411 12267 2544 8563 5237 10487 19834 12796 4221 6783
3330 13059 4354 5381 4615 12 1167 11409 15380 18197 17302 14614 1912 19739 19615 10400 8735 6178 7971 9002 14635 10029 1070 18350 4013 4909 15537 2611 5166 8126 446 15808 9792 2879 16576 19268 2629 17222 3397 8776 3909 6856 1739 7752 3021 17486 5839 5588 6103 12248 17754 19290 7905 11106 17635 16356 363 16747 4719 2547 5876 10101 16502 19064 12284 14589
1026 5379 4733 1670 18566 18057 14985 18446 7823 3987 2196 19094 3734 13464 3097 17691 1052 4380 14624 18338 4260 17958 8872 13736 10999 44 13614 16434 3762 15797 10805 8760 1595 10812 10688 7618 15555 5570 197 15609 19146 19276 10958 9172 13143 217 7644 15741 8926 4578 18404 3429 13156 8294 3689 3819 4844 4845 750 16494 11380 628 17399 377 13821 14079
2432 9986 13574 11143 14600 11399 2442 6156 10380 12684 4239 10897 11153 19987 18709 12821 13337 4507 10144 1185 5153 4392 10796 6830 6190 3120 17841 4273 8243 15673 18489 11068 10429 16446 2367 5950 6209 4033 13380 10949 5964 1107 854 5719 7255 2781 5087 17250 19554 18916 10856 13929 7788 748 19564 1005 5868 14448 1392 12146 15341 16628 2421 4978 12025 18941
8833 11138 11779 13447 11916 7566 2191 17296 8719 2959 4626 18324 11413 11160 17049 7449 19866 12828 16669 10013 11555 5028 18854 13094 5414 19881 10793 12839 16428 16049 11827 8630 6329 17083 1214 1856 1985 9664 4548 7493 3014 13895 3141 3913 6981 18763 5323 15482 17358 15696 12246 14938 14939 1627 4954 10718 992 13408 8315 9966 17136 17521 13175 17528 11258 1403
19713 14210 18947 12802 130 9602 10630 9988 14088 4873 2954 3731 16661 10261 9626 3867 12956 6264 3998 5150 2722 15395 11813 3749 9382 296 5289 17331 9014 6968 19260 14398 5183 15936 17354 1611 13138 10836 14421 14039 4088 6745 2394 15966 19550 1758 11233 12511 10211 249 12135 4967 12919 19181 11758 19826 16114 3445 7414 15607 15352 15353 12538 15485 16382 10751
3842 5123 7939 13060 18437 136 1034 4876 15117 17678 5010 11666 11027 7316 2710 660 3480 3608 13849 1434 17567 4256 3105 10018 4899 15012 16299 1580 19247 11187 1844 16565 14902 14515 1592 6461 18243 4420 10948 6724 11591 6348 4686 10063 8400 17747 17876 469 17621 1496 14553 10714 14814 10466 13795 228 1895 15721 10218 13547 8303 4600 19705 14971 10364 4350
5763 18308 8452 3461 6279 4232 16393 1035 14475 18320 14865 12690 9494 2711 10391 4886 5654 14237 17318 16297 6828 174 11700 8628 15547 11452 3392 19521 16833 8771 15813 13510 18504 3400 1099 16076 14029 12236 19535 336 12624 12621 13646 8144 11861 14550 18519 4951 1753 1242 18523 4828 6619 6999 10972 9181 14564 12518 871 15335 5351 13290 10353 5874 14711 16376
12675 10631 8584 17042 16021 19610 14625 10660 9638 3112 17961 1833 5931 11304 52 3125 5557 5944 16440 11833 17595 11579 11325 16702 19391 6462 7357 4541 2371 7355 4801 6337 11080 16329 13643 2252 17741 4942 10959 18263 16728 14042 17883 14811 16477 8286 6748 11390 18913 15974 1127 360 11882 2923 4330 8048 6000 5746 8049 11252 15734 7670 6390 6265 17790
8705 12161 5510 19207 11272 16007 7564 2061 8206 8848 14225 19474 19859 1684 10135 19612 13084 18081 4771 11044 2344 7466 2603 304 4272 7091 2228 8761 13757 16320 18240 19650 18242 13253 1094 16711 18502 9805 9550 11471 16337 596 12245 986 9566 19808 10849 2532 3812 6885 4455 4586 18284 11502 18671 4592 9070 14703 16115 3187 15859 5105 6775 14712 13308
12545 11777 388 13957 9352 3208 12171 5390 6161 2450 15378 8467 1686 4759 8854 12441 26 18588 3103 9504 6434 11939 1958 8361 12205 7597 2354 19379 1460 6707 18870 16573 10046 4419 7365 12104 6730 12364 16846 18640 18641 16084 18135 8791 12505 5467 5596 12894 12126 1252 17637 742 14823 19049 12909 18030 11374 6253 19701 17269 6392 1914 3835 18557 14462
13699 5508 2823 17928 779 8846 5013 13336 2204 4637 1437 12320 18849 4642 14243 19497 16169 18347 8618 19501 19373 687 3888 8497 14384 16948 12341 17974 1079 2102 5432 58 1722 7223 16829 8768 17986 5443 11588 4166 3910 18632 9801 6344 4811 15102 18265 15964 19936 13921 5474 9315 3426 3940 4713 4331 15083 11503 7280 16626 19316 12916 17527 2298 7422
9091 16263 3851 8081 14869 15894 12439 14485 8857 14234 17178 8860 13210 9502 12960 14752 1571 3495 10153 17582 1456 6193 2998 14135 13369 8249 13243 6843 12349 19138 6339 13124 4546 7107 7239 14537 13262 15825 7381 15447 7130 9052 13533 606 3421 3677 5724 3933 13283 15077 5478 9833 11242 10858 361 4585 8686 8815 9969 1907 5365 17911 7161 1147 765
16129 17537 16385 2305 2312 6536 8332 2192 4114 10773 2841 8224 19106 8099 19109 10150 4517 7336 15786 16043 19628 13612 8619 6442 10800 11826 19251 436 1843 950 5810 11830 12601 4029 318 15805 5309 13629 16835 10307 16454 838 19402 16202 17868 13515 6357 12887 15448 2140 4188 3294 4063 11742 14562 17379 18663 6376 7148 11121 14706 5619 8441 19963
15874 16130 16260 9096 2058 5514 17548 5774 6800 13585 17170 5139 1176 285 9886 9248 5666 8355 2213 12583 17325 10286 12978 12339 16310 8119 3384 6583 16570 17722 14138 16831 15809 14274 195 13251 7491 19784 9033 3146 18124 2768 465 8017 8787 5077 3157 8665 9435 7516 14685 17373 4443 11621 2918 4093 13811 1780 9716 10486 15478 16248 4091 4477
7041 14472 11533 19353 16285 7837 18078 16800 11553 10658 2211 4003 7586 13350 8998 8873 19370 16939 17964 18858 12589 4526 8621 2352 5677 12468 17205 16566 564 2362 14526 8638 18369 15811 9412 4295 17864 3018 14411 10576 5968 5201 10449 2774 9302 16217 15449 862 1375 6111 12263 11752 12265 10985 14699 4458 14067 8052 18421 18806 3701 6011 14844 14333
16387 9862 5383 17160 775 4872 16139 5257 13710 14736 18449 12561 3219 5782 4377 8729 40 16552 1578 11562 11180 8365 3758 17840 3889 12082 16947 10928 10549 3512 13120 8896 14150 1608 457 6602 5321 11338 7117 8270 3151 5194 3665 3666 8915 18772 10325 15231 7625 1373 11229 18144 3169 1640 16618 5227 3184 1266 9718 17015 12536 6649 4474 18687
18048 4353 17410 8835 5122 10629 6403 17543 8321 2057 12299 10251 13712 1425 4501 10134 4250 15259 12191 14118 16423 7591 18857 19115 6577 12594 9780 9268 10806 12598 1208 11322 699 3645 6720 18113 5314 4164 13765 3782 15177 14283 8780 16461 6733 9167 8018 6611 12759 12632 2265 6872 3034 4447 16097 4705 11878 13032 872 2538 7403 6388 6645 14966
17280 18689 259 8715 13196 17423 5264 657 11669 1785 5015 5754 9625 6683 12958 12574 15647 16039 17832 7976 7338 15148 15021 16302 8622 8758 439 8888 16957 6082 4676 11206 1353 18639 18386 3667 9812 19670 2137 2649 17627 8921 14046 12895 4574 2270 13794 11488 5089 10469 5356 17773 1389 17007 19442 7154 2932 10483 7798 19955 1017 1529 16634 13565
19200 5376 9847 14732 8335 7830 15895 7321 8605 9119 7968 10401 4257 675 19877 15141 1574 6697 8617 13609 9770 18479 18224 19378 12853 17846 4662 8633 6714 16316 12734 448 704 19959 19652 3012 5572 4293 1096 11339 19917 1104 9301 13275 1245 12663 15587 5219 3813 6501 5995 17260 2413 3824 497 7793 17779 17010 11381 12662 9975 17401 18686
7040 11009 18306 13573 5127 14986 9995 17040 18323 3605 9111 9112 8088 18711 8480 17313 10785 6691 16293 1702 4646 12585 2346 1073 15796 9654 17208 1080 5434 12732 9534 2494 15170 7544 10821 11465 9290 10571 1996 5710 11087 13777 14166 342 10328 8663 17503 10977 7652 1253 7141 1510 3430 4839 12651 7147 5739 9457 8825 1652 11640 1401 9083
258 2691 5124 18569 9354 4235 5643 18445 12558 2957 273 7698 1307 9116 9245 10106 1056 19108 10789 1830 11684 10919 14244 4774 5545 15019 17836 1193 18225 4147 563 9271 19642 13116 17601 9666 3781 15817 1483 7889 15699 1111 4056 6362 17115 4059 8699 15971 1380 3691 9967 17904 3441 3956 1397 16246 5495 14073 4090 9851 2812 17405 11135
9856 1794 11527 12680 8586 5900 9101 16526 17914 7315 10389 8086 3863 14489 7196 7197 18343 13355 17068 4397 4017 11185 4405 11958 4024 11066 2108 12096 5825 11200 8259 16836 18757 4806 6855 18760 4681 8256 11844 5068 12235 9811 14164 7638 18906 19804 16862 8160 19426 8037 15591 13289 1258 3308 15983 4207 18164 10997 4596 9719 15737 18170 19836
8065 8322 2049 4485 1669 11400 17805 6416 10257 8465 13587 14868 14613 13844 7061 6165 14362 13594 16027 8477 9500 18466 8739 15011 2170 19879 15659 18861 15407 15409 3122 14388 4792 17210 15035 4539 13758 10564 19654 9799 19144 12747 9300 3284 344 17884 9951 8416 18401 9187 19172 3299 14826 1898 364 7917 6251 9327 11251 14452 18805 3317 12922
2050 17796 6661 16646 11277 10640 12181 19222 13718 14102 18454 12060 18716 16928 15392 9122 17574 14758 18601 13482 4267 18604 3244 12845 13103 12725 18747 6971 11328 12996 7622 12873 7114 14414 16206 17617 15058 9810 17620 7506 7509 8660 7257 13020 12893 4837 7269 19303 16617 16619 13164 15088 10993 14834 1779 4723 6133 8565 12540 3961 4860 6781 5118
14080 8451 18820 4358 19719 7816 17801 12297 9721 16144 8720 13586 17427 8213 7447 4760 11546 12316 17950 14371 2851 1194 1834 6186 10290 12083 9910 3511 12472 4152 11195 9669 845 9295 7248 2515 2647 2906 12763 10588 12639 5855 12897 6753 13284 19428 13927 14056 2921 5609 4075 10988 15085 18927 14579 19188 10227 2292 631 5494 16377 11643 6143
2563 15875 11013 11909 15751 2821 4871 9097 10638 12174 17298 11924 16279 18072 2457 2456 15769 28 9118 3872 13986 17187 2082 17060 15399 3629 8879 19888 9015 10298 59 8507 2875 19395 18244 19269 6723 16590 1488 19159 17240 9433 18522 8792 13404 14167 1377 3681 5475 9956 1256 18281 11628 13293 16749 3568 14704 18546 17907 17908 17524 5364 11255
15872 12544 4230 5382 5511 2185 12683 269 10898 4119 17304 4123 12700 18974 18718 18465 14497 1699 8103 4779 6189 13101 18478 19759 11311 18737 4529 8239 1076 12980 2300 2617 16190 17984 4161 16068 13509 6087 13644 19790 19027 595 14547 17238 19161 13913 11355 9821 8162 7651 6884 9829 12901 19815 3434 16748 8046 16879 12278 5753 19962 1916 13437
7426 1159 19976 7561 6030 9360 12433 12693 3477 11159 9372 6432 5922 5539 13348 164 3110 10408 13224 3497 5036 1199 6959 9907 13491 11956 7221 4150 3127 4154 12478 14527 7621 7367 12360 4552 714 13387 6986 7627 15182 14673 19153 12882 3544 1115 16348 9695 13920 7011 5476 2534 7271 18414 18416 12656 15731 19572 13941 12147 2548 12794 11899
4864 13698 13186 7304 6540 11404 14990 15119 11152 2322 19219 8726 13847 17816 1945 6557 11296 11936 4514 7592 17065 13867 17708 6956 5425 2739 11702 951 7992 18490 11835 4028 16445 62 14907 9023 10430 8769 8251 14918 8134 19783 14152 12616 16844 13773 3534 205 8658 17364 2133 6229 8148 10461 18654 1762 4326 8318 8559 120 10489 13306 12414
11139 10501 9477 17670 12424 12298 5902 12815 7310 1553 8082 8733 9629 6303 1568 6048 5795 7333 4773 11047 4399 18480 19505 3632 13999 438 17590 12342 3897 13626 4922 12603 18231 19262 19646 3262 1994 9930 13004 1357 1230 11475 1112 10841 5465 3165 16229 999 12904 6887 3818 16363 2156 4462 18159 5615 2801 15221 18422 3064 6138 7035 4348
18304 16256 4738 10498 7688 10633 7818 6282 1036 16781 12301 17295 3599 18193 3345 18968 19993 16537 17951 6945 12194 12323 7844 11557 1187 4903 17577 9897 19250 3639 15543 18488 4280 5052 11837 8255 16962 9411 7106 11842 10573 2637 1872 19795 13659 17755 17244 16221 4702 2014 14946 11619 13672 1128 18027 6256 7025 6002 19699 7158 9848 10745 19327
9984 13575 12682 15883 11915 13581 14097 7956 14871 16538 19100 13980 3612 6647 10533 14885 9900 10413 10930 7475 10677 17078 17979 10941 10943 19906 1858 9542 5831 14534 14666 9293 11729 6868 7126 16215 9817 4058 14298 7515 5725 8799 15968 4577 19679 15330 4194 1125 19046 13154 5733 3306 12010 877 6767 12783 19570 7935 14455 2809 16508 6398 7167
11010 1157 11654 1031 9099 7182 17167 5647 11921 14354 17786 19228 19103 7329 12325 2469 1576 5928 9772 9389 1966 14639 7340 4277 1335 697 2233 14395 15039 17344 7873 15684 2373 10438 8645 9161 18509 591 7380 14934 11734 2650 3802 10462 4446 12515 18277 18918 13287 16232 8038 18154 8940 3182 5104 16625 18290 12532 15862 9594 15355 6397 1278
12800 15107 7299 13704 17290 10 16528 18065 12566 9239 664 12697 19225 17179 10266 13081 14329 12067 5926 12967 684 3756 17326 14000 18866 19636 5177 7226 19003 12730 8381 6075 5568 67 1604 11204 708 11847 3531 19660 19025 6485 8149 14425 16985 484 9188 2407 13545 16876 8684 13680 11505 10864 2035 17268 18550 19318 19449 12283 7932 13694
14848 3458 16644 2567 11912 6151 18187 19085 10510 14479 2194 8210 6676 1814 3864 2713 14361 11547 13852 7965 5018 287 671 2724 4264 17195 15660 10363 7729 19123 11448 17977 14137 8894 1088 12228 19782 10567 2760 8646 19404 17742 12879 19920 18001 592 6226 12375 13399 6488 6364 16222 16864 353 14563 7013 10471 12523 3189 11259 10749 17023
9472 10755 3974 6790 5385 4883 16019 9493 1944 666 1693 5278 799 14240 12065 11295 18847 8740 5544 15017 11436 15279 431 6065 13878 18873 5433 10811 17852 3004 1342 14656 15427 17349 4809 19658 9675 844 461 12875 16120 9045 9046 14551 3030 15962 5339 9562 3326 19298 15203 14692 2277 16868 7143 7918 13294 4467 12275 760 2044 17534
2176 10757 17541 3336 19337 12681 10507 1816 10904 2073 7834 2842 10788 11428 9766 19239 16167 2343 5415 14379 17838 12982 4023 19896 825 19258 8376 6330 3773 3134 11194 13119 17090 5188 1609 4428 17231 12244 14808 2777 12890 5848 8923 7005 10587 10848 4706 355 16612 18150 14441 14058 19183 12921 8818 16886 18679 9976 15225 5498 5367 15228
5888 16641 2562 17668 15237 7814 9733 2824 14857 8842 5005 15505 925 17182 14622 801 6562 14374 19368 4393 4648 18607 8368 15922 8756 1077 7094 1975 7994 7104 13250 71 19147 10060 5453 14923 2255 17872 14292 17494 7803 14428 7517 9820 18020 16100 13796 8423 8804 15082 1262 11120 13296 13426 8691 7796 19445 7924 19320 1018 2299 4223
18560 18948 1029 15111 13193 6153 3469 14351 10256 16022 12311 13848 17689 17566 9888 1313 9632 18725 3878 12455 9637 13822 2092 10799 19633 11953 435 11453 4925 2499 1988 13767 6095 15186 17874 215 1495 16345 11992 4057 13531 6365 13918 19043 13027 10085 9318 614 4710 3815 15467 9324 3823 7024 7026 1399 10744 18426 11003 1405 510 3839
1920 4482 11652 14981 8331 19854 12047 8849 10008 2203 11804 13474 7074 9125 7462 1064 16812 6957 11567 19760 10547 11443 3891 14775 10296 14651 829 1726 10817 14145 13381 6654 3143 11592 15048 16459 18636 8268 7119 6480 17875 6227 11991 3547 2779 10206 5343 15200 17639 6888 19433 1769 9453 13166 18415 19952 7666 10866 9076 7155 10616 10366
14337 19970 1921 9604 17929 7052 14349 19343 8722 19091 12563 1045 15126 8600 13726 8479 8097 7073 11043 18212 7973 6055 8105 12842 4907 14510 12081 7731 17462 10167 2360 16185 3772 19775 13633 10049 16196 14405 7109 1354 588 3276 9934 12239 6224 17361 7756 10581 11865 19935 10208 16482 2917 359 12779 14445 12782 18163 9974 16119 2171 8190
19073 15235 12036 19973 16134 13449 18443 19979 18958 18575 10511 15249 1168 10896 10777 8602 2468 6566 10023 10407 938 17706 13994 3500 8113 6451 6581 13623 16057 5947 10876 3398 11335 4299 10193 12753 3414 4314 12535 16476 4703 10463 8415 10082 18019 5861 14310 5095 10344 7551 5099 749 11245 13043 2549 17398 15223 3322 18683 6268 15357 14463
9211 17417 18826 3985 1555 4628 10774 8476 4510 11552 4640 5024 13220 19878 19241 3627 15788 5805 1328 4402 18233 4153 10043 19516 13883 2619 8890 18624 192 7360 1987 4035 10436 19960 15946 14157 3277 7504 17616 9553 4560 14289 6100 8404 15194 13022 95 8291 18149 7910 13543 19944 8553 17002 11504 882 19446 3958 19832 507 4220
11137 386 14595 6020 14982 7 13319 4360 10249 2186 1803 16524 6407 7430 2320 2448 9361 12179 7188 11287 16280 4633 18587 1053 13982 9470 805 13991 1323 5035 15789 13102 3887 15792 7723 10546 5042 17332 18302 10169 17851 14140 9403 3529 4557 846 14670 11214 2513 11995 19293 482 19431 6119 7529 7658 10736 6901 13434 892 1662
19201 9857 7558 13830 19080 7049 10635 17676 11410 9107 8852 13972 3865 284 4764 4126 7202 10530 2983 13866 19500 812 10285 5807 12976 12337 10028 307 5172 8759 17080 3003 2750 11715 17861 17610 16075 15563 333 1870 18002 16978 3539 10073 17242 4572 10592 16099 5732 4069 10341 5859 10467 6378 1771 13423 16368 11892 19189 18678 5373
6528 17153 3201 12925 4359 7943 10761 9610 17550 15247 2062 14359 17305 5274 3226 4635 2844 11946 45 2992 12213 14010 14144 2249 7241 17227 11133 10702 5966 1615 19536 5073 11601 211 7508 2900 4815 14807 16855 15321 5336 4697 5340 18269 7901 11358 13792 9946 1508 15590 5607 17384 14953 18156 11500 11597 4591 11385 17146 1148 19197
19584 3073 9729 19459 15876 17925 13065 12810 6033 12562 11155 1172 4369 15122 23 1688 7450 13948 8993 12579 13990 11943 13606 4136 8360 3755 13480 9517 6063 9391 8241 16180 17335 16312 954 18625 4929 7363 17092 4038 17993 5067 18764 7118 19408 11472 1490 16085 1366 7676 12127 18662 8939 16365 2029 10609 19067 18812 7293 16638 17919
14338 13572 12421 17415 5002 16397 1933 3470 10767 15761 8211 11029 7448 17560 4378 12444 17054 11810 8486 935 9385 15916 17197 17709 15280 18104 3519 14401 4417 15171 19780 12740 3142 330 5836 7249 13523 9174 19799 8152 10456 12888 7895 4700 18527 16863 14437 8550 3685 4072 7785 3178 12006 9198 9199 14324 5109 11126 3573 17400 15997
15234 4099 16133 12165 3333 3080 3977 10122 13835 11023 7827 9108 789 2202 8861 11680 4513 1057 16930 2849 19750 13478 11431 1575 9644 1712 11570 7858 9272 1850 11706 4292 14153 5834 1997 2383 4306 16087 13528 17496 2391 14300 17245 17247 17765 1894 233 1002 1513 4329 7150 14447 240 17649 2928 11761 8950 12153 19578 14972 7678
4226 6915 9605 14471 14728 8329 8712 19086 1294 9232 14228 16919 10392 2329 3737 16284 4124 5532 8606 7840 14754 18083 4770 2978 8490 15658 301 16306 15923 819 17716 7090 2231 16571 9788 12348 13118 12351 6085 585 8521 9804 8398 1999 11859 19028 12884 13784 2393 8539 12385 14948 3556 15078 12261 11881 4459 6509 6130 2169 1786
5252 18054 9084 9103 17788 2459 12571 13598 15007 13090 9250 18730 16170 428 14253 12718 18735 18483 8372 4406 4796 17858 17350 3654 4678 5833 19530 7927 2125 7121 1746 10069 12119 9688 5721 18782 2015 608 9822 18147 6628 7781 17638 17767 14951 8424 13930 4715 9063 8941 13422 12007 13172 6517 13174 15351 9846 4858 9340 8317 12926
2690 2819 16772 1798 12169 15114 1419 9867 14 15630 17679 15504 2323 7702 4634 13339 16540 12702 1696 7969 9760 3492 16165 5669 14630 7716 8869 3882 15020 19885 19120 4658 8501 18744 5307 14781 7870 4158 8263 11594 9165 847 18385 3922 4946 16724 11990 10327 3032 10590 13919 13412 11236 4589 12142 3186 12789 14200 18425 18559
8576 14212 13831 9480 4490 16268 11405 12046 16911 19345 913 2328 12701 9249 802 10149 13735 13608 6188 6395 10035 18356 14715 5302 7993 15162 17211 5051 18877 14266 17479 15816 6985 14794 10443 17356 9928 16718 3323 10703 6476 7243 1363 19288 13403 16604 12253 15076 3559 11240 5096 16490 15723 5225 368 16763 6518 889 14075 1276
8192 19843 8067 3086 13711 1300 10132 14232 6555 14879 15009 545 19489 14883 10151 4904 5032 7856 4660 1205 10165 10037 14262 6969 3902 7359 193 13122 6086 19785 10445 16462 11857 17362 7253 5847 1879 7002 6747 9309 14558 9055 16607 11105 14431 13406 19557 102 9961 7146 13934 7920 13937 17394 17140 14965 14838 14839 888 12534
1536 9218 1922 1413 2825 7435 13324 15501 18063 4368 8466 17428 18069 6932 917 8090 158 17310 16675 12452 9636 14888 4653 15406 1842 19254 5689 19772 702 5439 1345 13634 15303 11982 17489 13778 11858 2769 19925 3025 6612 6483 601 6875 17628 1885 15198 5600 3298 7394 6756 2667 11373 12020 13302 759 3704 14459 3708 11645
17287 10250 5243 2319 11154 16276 11412 2205 8222 6175 19488 15778 5412 5285 15142 14503 3624 18345 7335 1963 5548 13604 16822 12986 16187 4924 14525 3258 5820 15937 8262 11340 19277 3792 2385 4432 16980 6102 10457 11263 7261 5982 16735 12638 97 14561 229 12774 2281 17386 19051 11372 18925 7401 7408 16754 8053 18294 123 6527
7808 18305 6274 1030 17288 7562 4109 526 4625 16153 14105 6682 13981 8351 8865 18722 11689 4398 3760 15666 14771 15414 11831 15288 13494 15164 9404 3904 11457 15554 4421 13131 14541 8782 2765 18642 13650 852 14295 11608 2519 1114 6233 10072 7256 18018 611 3555 5606 7913 15978 13420 5999 10354 1778 4598 10871 3451 15100 18430
11392 17921 1027 1672 12939 2829 4881 18070 9114 8347 1564 18717 7581 9892 6949 18726 19884 16813 1452 12719 5550 13366 14776 13630 18751 9280 7746 8390 18375 17607 2887 6346 6731 9419 10577 9938 12371 4305 4434 5973 3289 16090 15834 9696 5472 10979 7780 5863 6889 362 8428 19693 3054 880 13042 9971 13304 7165 19071
8449 19202 13187 8324 7941 18951 16137 15499 5771 14224 6545 276 18975 15391 547 17059 5416 17578 5038 6706 12851 18228 1338 6459 8636 8766 1343 8128 16065 10050 4163 8132 6469 3013 11850 9036 1102 6737 4051 15955 19797 11738 13532 12764 12766 11741 18529 14693 16102 8042 18796 1132 5613 8812 13041 3828 15477 19961 6782
6277 15366 1927 9737 12554 13194 9611 4621 10001 12565 6039 5272 11163 17565 5791 160 14241 16288 2854 7210 9395 6584 11321 10557 18494 16961 15810 17732 709 2884 328 14536 18634 6091 6475 2761 6732 6865 13137 3960 11350 19287 19416 3415 5466 16731 3549 9823 96 16235 13291 3055 6001 18930 3574 18680 9082 14203 17150
16132 16389 19335 1290 15886 656 8208 20 4884 8982 10139 5405 13342 19231 15648 16673 5283 9131 7852 13996 14638 3759 16435 6068 3255 6071 14146 7494 12488 13769 18123 2635 16587 14286 17615 15828 7639 16730 11100 1633 13793 18403 4599 4454 17511 11113 3435 12527 17522 3698 884 3957 16503 2808 14457 11130 15995 2557
19075 8323 9223 6409 14346 15371 15627 5773 5772 11793 19986 12178 5779 3349 3350 1022 25 15002 19226 18591 1055 17953 295 10932 10554 18875 12350 9153 17603 5827 4935 11082 18897 11090 1747 4692 18521 16122 2524 14173 19423 10083 12516 5603 13286 11496 3817 19820 14958 11118 4206 19313 10739 14071 14840 16889 19322 10238
17026 11011 6021 1158 13689 3855 19218 7570 3733 150 12058 19485 4125 16414 12704 9597 17570 13858 11173 14713 18090 7212 13741 942 8112 9778 16308 8244 2741 19898 16059 15419 3518 11198 4930 12356 3652 18759 16330 8397 722 11347 1234 10452 9429 5975 5592 19709 602 736 3046 18026 16113 8693 18041 5629 15998 8319
129 10625 17025 17414 19082 1163 5388 12942 1679 16271 5648 19730 277 12310 12183 11801 19737 3099 5276 16797 670 7713 17446 19751 18097 15282 1331 11319 1336 7607 1468 7103 705 12995 19396 18117 10057 11337 5579 11598 2386 6738 19284 14806 11866 11485 4445 17508 6630 6761 11885 622 13425 7665 9204 19447 19704 636
3713 7428 10502 11655 14342 12422 16525 1687 7832 16025 17687 3743 1700 10277 16678 10669 12206 19376 7346 19507 6963 309 14391 13495 9020 3260 13885 4669 6974 6338 5318 19527 327 2503 8394 2506 11212 13648 5712 338 16850 5715 17749 4182 12115 16856 17757 12514 9444 5222 11110 3692 18034 11890 8949 6134 12157 12671
16519 905 10636 652 4110 2830 14735 11788 2835 4500 18839 12056 13207 5656 3228 10014 3363 7974 13357 944 9776 19380 437 6201 13372 6973 16062 12223 6846 18881 8767 18119 9545 16970 10313 7753 19919 6992 5840 17748 18648 11486 13023 7397 9574 13417 4714 12650 12269 8942 19311 242 4980 10357 12405 2040 3578 16507
5632 7045 2437 16775 13320 18190 4879 16658 11028 2197 1941 13462 4375 17817 13855 5280 17055 11554 1827 10404 12709 14881 3109 17448 14633 17322 14120 6058 9521 6322 13237 5686 16444 17859 11843 15939 18633 14544 17745 12242 11987 6481 18650 8540 3453 8802 6757 4969 15340 5614 12400 116 19323 3964 3709 13438 8446
1673 8458 6412 15506 7187 18452 9722 7190 919 6552 409 12186 12443 2970 8989 2846 19358 1312 11169 2338 12322 13610 9515 11437 558 6574 16816 14127 12209 7855 16568 15034 16315 14529 5186 4294 3528 15692 8786 9689 9179 7388 3071 19166 2142 8031 8161 14308 14438 6636 6254 1776 7413 13562 10109 19582 13055
13184 6912 15490 9732 646 8455 11278 14991 3218 17043 7574 18843 7835 15774 3491 15908 15396 6824 10154 3243 16685 10030 18993 3890 15155 12858 14779 15165 17600 18118 14406 9159 14921 7246 10704 8401 11344 5460 3799 11736 11482 17626 9185 11618 10593 4581 8296 11369 874 19308 18926 15986 15730 11250 1526 4985 3836
11776 3460 9221 10248 19336 6922 6923 7438 12943 3728 14609 9366 3479 5912 33 34 14501 13734 15911 552 15528 18602 19372 12211 14007 6839 15426 9163 4556 8012 10446 7633 10839 14171 16988 16989 1117 4573 6496 7650 6626 1383 16233 19180 7278 15856 241 10992 2930 13428 8564 10481 5620 13812 13692 5886 1279
9089 18946 2568 6028 1020 2447 15251 9492 14870 7575 19609 12569 16281 7963 17571 17063 17791 7849 14123 7213 14511 15540 3636 16438 14006 9912 1209 8505 19389 16317 6080 12609 3778 10945 1346 13638 17992 11642 16338 9170 16594 15702 16726 16086 89 19546 2267 7640 11625 107 15214 19317 3834 6139 15356 126 255
896 5506 2308 15622 18442 17164 12173 8845 3725 16913 401 19476 922 13211 539 17693 1569 11426 2081 7201 16037 6051 17959 4654 11186 4018 11572 4020 8245 18743 13753 15033 13628 13375 10559 1731 8906 12367 6867 6740 15190 1880 2521 9051 2523 11613 7006 6620 10338 12771 15592 12012 7916 10476 11631 11260 8701
15104 7809 14217 9994 16777 4877 18830 9359 18574 5134 7325 14749 13727 3744 3487 13605 19749 19626 8749 4528 19763 691 7606 4537 313 9918 12482 17093 14407 19528 6983 2248 4555 460 5581 3401 6351 12112 9427 12629 13148 6621 351 17376 7265 12646 3303 7400 19178 8043 6764 13933 12784 2032 11254 11511 16760
12929 13826 17411 4740 12677 9478 18310 6404 16522 18318 18067 13975 8473 13344 7714 14761 10410 19248 16176 2869 11449 18234 17084 4030 6848 14020 10052 10314 17738 15183 10322 851 5205 6613 9048 4570 18779 94 15583 17759 19552 1887 13151 12664 9958 19565 18285 1775 12657 10994 1011 1268 16373 9717 6263 18424 4085
3840 7172 8702 5768 12937 3081 15 10512 16402 18969 13465 10398 17572 1573 11430 807 15912 8745 2345 4011 6948 6967 19645 17853 9026 12611 3780 2376 713 1992 19787 6219 7375 6610 18646 7769 5209 17499 6622 8287 4322 9702 6505 5358 6511 1263 4977 15090 1651 6005 1270 9845 10105 10492 16637 12670
15105 18182 11014 6795 18572 9997 9741 2190 7820 8337 2195 15636 2968 11421 30 14238 6304 5663 35 4643 15398 424 5033 300 18095 12724 7862 16058 6206 16319 2753 834 1219 4422 7629 15439 13395 2388 13652 19926 10838 15199 15456 19168 6117 2533 11626 16107 18923 8683 11115 13295 753 9332 16631 17912
1793 10242 12037 3591 19720 19465 5767 17675 16523 5516 14862 7441 18964 16789 14742 10902 15893 5268 6292 16667 15516 8987 15135 8608 12835 1063 18216 9769 11307 3118 433 689 2740 10555 4667 7485 19263 11072 14016 1602 16841 9679 11219 17625 10846 11103 15327 5985 483 9064 19179 2161 11508 4214 7291 19711
2177 2561 15363 15369 19722 13450 3593 3341 6544 3729 5651 10772 1173 534 7067 3356 13469 8863 10016 10405 8615 11560 2985 19498 12331 15914 14644 10934 18871 12855 10935 12471 3002 16704 18758 16839 12234 9292 18381 6093 1752 3160 10202 9177 9948 7391 5477 17126 4074 6770 2420 4086 8695 19448 13177 16381
3072 6914 19846 3078 18568 5001 9482 17674 2060 4243 13076 10648 15132 9757 16542 17662 4391 14119 18983 16937 16935 1453 17968 11829 2492 10302 17343 4802 1986 3524 7112 16715 15823 9935 7635 13524 19671 4186 731 2908 3805 19422 8671 16351 11745 13155 13667 16237 10477 2285 14321 5745 11638 14584 509 17918
256 14726 9606 8328 18313 8333 4495 17168 6031 1810 13719 17688 2587 14748 15517 2335 9376 15136 8997 17194 19117 18227 15156 2483 19510 16051 11197 2880 4928 9927 13128 12744 15690 16455 8649 4559 3536 14548 11094 8282 10715 5086 8032 18534 4198 2920 3049 9575 8039 2924 4333 3821 16623 12531 18804 9466
1540 16518 3462 15498 12435 18455 3481 16160 9889 7845 11817 4265 13483 15149 15920 17586 179 2099 14773 11190 13751 9270 2105 3385 8118 10297 18493 5561 15935 6079 11203 583 14024 18505 10951 3537 7761 8403 16469 13017 4699 9054 15967 4963 14821 8166 1515 4843 14574 15984 9841 13810 4083 9588 2168 13305
11264 16769 15746 5251 13317 9996 19341 15885 9870 17680 15120 19092 15253 19862 14999 9110 13338 12577 12195 1062 15530 16684 2477 6318 4140 14897 2482 13618 15669 8887 1083 14908 13499 9916 8514 8003 2633 7886 16216 17114 8156 2398 6750 14560 4834 1379 14697 18540 15344 15089 9331 14581 13558 8824 17658 5630
5505 12034 2817 2436 7560 14473 16010 13323 2702 4756 3351 17563 4893 4383 12703 16417 13087 4390 2473 17710 6831 8373 312 14777 7481 15289 188 2876 4157 4799 14845 2755 5702 1098 18132 8919 4823 4313 14170 15063 3167 14047 9953 16866 4450 9062 1767 18153 3050 16761 4337 1906 4854 6777 14716 7933
12290 17540 18692 647 15497 19849 17931 5133 17555 13592 12313 15131 9628 5665 293 3621 8231 10025 17450 10540 14124 8367 5680 10032 3248 7471 11317 18750 8387 6342 18631 18761 17611 14539 12876 14928 14034 16851 14932 13780 10326 14169 13917 2403 6245 15851 6893 2546 6642 1140 15604 2166 11897 10362 19837
13560 18697 7434 12043 9226 7692 2066 10642 12698 7323 6940 14364 16413 13345 10529 14242 17830 39 16171 4655 17328 2364 16189 2877 10940 12736 2752 3520 18885 18120 10316 5838 13263 4944 1236 19029 7771 5983 5216 16865 4576 1893 8295 13034 16108 4460 17265 4850 2291 10996 17011 11510 19319 2933 10874
15488 12673 15744 16771 12164 9216 5120 5765 5896 14601 9745 12054 18842 15261 5151 13091 17071 9009 1459 16436 4666 15675 17085 15037 13121 12226 6084 11716 10694 16205 17870 14030 11770 5203 8532 19541 12374 11349 5846 17631 10719 9827 13157 19174 9957 7915 19309 4205 7535 6640 9075 14454 18938 19195 14717
1792 1408 2949 6022 8839 13832 16008 17035 3982 4753 6930 15385 10524 8352 15015 16936 6952 14634 13481 2088 11176 816 2608 9906 567 3001 17339 6588 3643 7617 6340 19531 14284 8013 4813 6353 4050 2642 8917 8023 12504 5979 3808 17762 10851 8932 14949 13031 1512 9194 14444 2030 887 5755 11005
4102 6665 8076 10384 14480 19731 8468 14875 10274 15394 937 13739 7084 3757 7726 2351 16941 5549 11184 16179 18486 12087 14519 1081 12474 5943 10170 11584 4290 16708 70 8774 4168 18891 5842 11988 4185 18011 10460 6491 14176 225 7523 11748 4070 15465 16366 14831 8571 16884 11253 6004 8185 16635 18174
13056 4744 1274 17803 8463 1936 6289 7186 7695 15766 16794 7962 14620 14876 18464 3107 165 18984 12713 5291 2604 11565 17714 14642 10163 4278 17599 2626 14403 3779 1349 15438 8272 8916 6869 11481 7258 7899 13019 9568 7140 3301 19942 14825 11114 3309 3693 6769 12659 15349 15990 5110 17402 4859 6653
1667 8325 2569 2059 7307 19087 7442 13976 15772 9246 4255 6010 18981 10535 5160 14762 7850 8495 6064 5935 2232 1339 8892 1598 12863 19774 2684 14531 8260 15941 5190 15172 12748 1869 17104 15056 4433 11352 1497 15323 14812 10717 8795 11743 5986 9195 12525 15854 8560 4852 19065 2810 1787 8572 5759
6913 3970 6147 14979 10379 19083 14477 4878 19472 13588 5531 2972 17056 5409 10147 15655 15531 941 16430 9902 17072 1458 19899 7100 5182 9791 17856 8002 14662 18251 1101 11854 1109 11864 13273 17882 18395 3418 5337 5083 4958 12509 6497 15204 10733 17902 17776 8561 2545 115 14707 1019 3324 2941 12542
12160 1024 4483 11147 11151 4240 6801 9616 1939 3607 9624 1306 5533 18595 19620 10107 11050 4908 19887 14129 2738 7218 5300 2230 10295 5178 10692 5830 7623 589 10320 1625 17372 13276 12510 18911 12027 8673 14690 2274 16870 15849 15850 11243 10732 19949 16877 19695 15600 7530 2293 15991 7417 17787 19838
16640 17795 263 4105 650 12560 6034 14355 17045 2070 923 7457 18084 5924 13095 11559 15146 12330 173 14256 15541 11061 2111 4159 15560 7240 6860 4045 6861 4047 19792 16080 2771 4308 7379 15578 19034 8411 18397 1501 3293 5211 5212 10852 16620 1260 10738 12019 17397 8822 15095 11765 13946 1660 3198
11393 8838 7815 17032 14854 11783 4107 19980 4751 400 6546 15509 6550 19480 5144 18203 11035 17315 15140 7083 2479 10288 12849 18226 12466 10159 18491 13501 190 11332 710 18247 200 18506 19916 16719 16208 12240 15445 18012 8542 10207 2271 5729 6110 3043 6500 4709 19943 14824 8562 6643 372 11898 19579
13058 17930 1418 2704 9362 13206 17303 18840 12953 540 6942 16032 3747 3620 1955 2725 10157 15918 19119 12208 19509 3767 1976 19769 9146 4795 701 7102 16706 4933 11720 7498 973 15949 18127 11985 10450 16211 7382 9175 14936 15831 3161 15588 8164 5094 5617 757 7926 10229 1525 2937 7925 9336 4478
17283 9603 8070 17671 10889 7817 9229 16398 17552 144 16914 13332 11415 11803 1311 19487 19873 5411 16677 4518 19495 10797 10289 2866 5170 6836 10548 16823 184 57 5818 444 6717 11070 6719 7238 4298 11723 10062 2895 19665 4817 9940 2517 6358 18136 16472 7134 4968 2537 3052 16117 6266 19452
17152 14978 131 5895 12936 7691 4492 13 9614 12431 9105 10003 15127 9762 1831 10539 2734 9135 1072 1718 12089 16060 2241 13506 4674 18499 581 10055 11719 1224 8524 6734 4690 17107 10966 8025 1755 19676 4955 2654 7907 17380 6371 1126 12393 13802 16361 6255 3825 19825 11634 12277 247 16383
5496 1543 19850 18058 10130 8083 5527 6040 10652 12576 16034 2083 2086 6950 8743 13484 19375 5167 6191 15029 9143 19897 19770 17337 4283 11581 19777 14660 17348 18374 15814 10695 11334 8520 9157 8525 3533 18255 14543 10459 8035 11366 9320 14314 9323 18029 12653 6510 16241 4724 8948 17144 5370 11518
1154 8966 14731 1421 13584 1170 3861 15384 15773 18079 12063 19617 9635 677 16806 6053 2600 6185 5925 14506 1196 14377 15151 9392 19761 5552 15791 4032 12993 6210 18372 9032 17096 16842 11596 15569 14290 8406 11223 10586 19419 16986 988 9692 7136 7524 19302 2288 1905 19444 13685 3449 17530 9982
8841 14092 14094 17038 6671 9619 13589 537 11676 13214 14623 7967 14507 16556 11312 2358 17464 1852 15804 14142 10942 9409 9665 4673 14533 8778 13007 3793 10197 16475 2525 13790 4061 9952 13025 9955 2022 1768 1257 4584 16491 7019 13165 19822 10989 2033 13554 14195 11124 14453 16887 16121 15358 9591
16128 3585 17538 9219 2948 12933 2064 5266 5400 920 18585 9499 19740 9633 2084 1828 1189 14759 2216 16811 686 11445 4021 19127 823 952 2623 19520 16579 18628 6467 3448 6984 3411 2389 8536 15832 12377 16219 4068 6502 6503 5742 4079 11376 16369 12144 13171 11637 18552 11129 6909 12798 16639
16001 2310 12168 5645 13709 1558 12185 2074 4508 13341 5660 16544 11937 17447 7848 10670 11441 3121 13109 8762 4538 5053 61 17983 11456 3905 6212 4037 15178 13901 5455 3152 3535 4694 15705 19802 603 7646 13535 1247 15457 12132 9959 3944 13679 10351 16624 19059 14326 13815 17656 5881 16762 16254
4480 7936 18949 15878 17544 11784 5646 5263 784 17936 17297 7952 8979 18074 12826 2076 10532 19754 12715 2863 16432 15668 18997 55 12088 6589 19135 9407 5056 6908 10182 12743 2000 11345 3156 16213 5082 17629 6877 9313 5217 16358 9830 13544 3302 3310 18033 4475 18037 12669 17275 8188 11773 18942
13312 11265 643 16902 19975 9481 10127 11290 9885 18590 12829 9374 15265 18082 19619 17698 8994 7331 17700 11819 18734 305 6965 12470 10550 4921 9661 7236 16710 13383 12358 10440 75 8396 16463 1360 2896 82 730 1499 7772 17886 10210 19175 15209 12778 1387 17641 627 2931 2423 4603 13309 1791
10499 389 2440 2700 19469 6285 12049 12694 1047 6678 4891 1439 8992 7584 931 10276 18469 17575 12072 13225 1449 9642 18732 688 8882 15667 19253 10678 17847 8631 10431 3649 5191 10825 14156 10956 6608 10321 1745 6996 1241 19162 15450 4316 16990 11614 5987 10853 9584 17267 19707 19324 5758 15743
18816 3717 17161 14345 780 1806 17939 15639 3992 15387 3995 5661 8862 11807 13472 17699 8484 1319 7079 6441 15657 5288 5546 9386 7983 14769 5308 16705 2627 8899 19141 12102 6468 8138 18635 19923 14420 12117 1494 2775 7254 16344 7383 8672 8420 12520 5996 3948 14451 4982 16506 5371 12156 17789
19715 18181 10374 16903 14861 17933 6415 19344 7184 11663 17171 5908 5397 794 2716 2206 14114 15014 10663 6955 3374 1455 14512 12465 2735 18487 4025 1596 1982 9408 17089 11970 10819 840 19278 3450 14161 16082 2008 19806 14053 15462 15206 9061 3177 13674 19563 12139 13805 12141 3952 14330 6141 12799
7810 12931 18693 10762 15243 8075 11665 12820 16282 10908 16932 12073 811 6572 13229 3117 12077 948 2616 1340 9789 5315 18116 18630 3658 15819 11213 3409 5714 3923 17236 11732 18134 3158 8793 476 8288 18785 1637 18278 870 3432 8934 4970 14827 10093 14189 2287 8570 10868 11893 9338 5883 7294
8068 10116 12806 11526 10632 137 8844 18573 9998 15765 14103 18331 6428 19105 17826 19112 14382 12463 4016 9006 18229 16309 18615 17474 8642 2631 5064 10184 1482 7372 13772 11728 15187 5333 8405 3292 6493 18146 14180 8677 10728 4457 9578 10857 9068 5357 9837 5103 17651 14835 7675 18173 511
10882 11269 2184 7944 19210 2189 4366 10254 5520 14104 8345 3486 14751 18208 1698 4133 1703 2728 18473 426 1448 4524 1917 5295 18867 10803 5301 13364 7605 10808 7608 6970 12220 14015 836 16582 15687 11848 18889 201 13259 11726 10580 3031 16732 17506 16875 4334 19575 12026 15611 19965 8958
1025 9345 14469 18694 14599 3205 19723 8588 9484 11279 6680 8601 10779 5275 6435 1188 9000 15018 5424 7734 17978 16828 12093 16958 7358 3650 9923 9541 11077 10953 4554 2507 13003 5325 11595 19151 9040 2134 1239 9432 19037 4829 17248 4962 5361 4466 16755 8820 13429 14072 9210 8956 4734
19587 16648 13961 654 8980 12948 12951 9880 4505 3996 11549 6814 11294 11681 12705 7715 17321 171 15917 16303 2481 7347 10039 6199 12346 5949 18110 17342 9282 13635 10308 7234 3395 6088 17101 11853 14159 10189 12379 11867 2782 4833 8036 4073 2410 11757 4077 12914 13301 8184 890 6267 11775
3716 19206 10895 14481 4882 16403 10515 8981 6547 10265 1177 3993 3873 7459 10661 7590 9513 19245 4914 10166 2871 4411 3399 10698 3020 17229 10574 16335 7500 3029 12502 4821 14044 18013 18910 16479 352 1502 5470 5469 4222 8426 1134 17009 13681 15092 4853 16758 246 10873 7034 15484 16766
3074 4867 7301 11276 13964 18191 272 12182 5657 5145 156 19741 16029 5281 546 17058 14116 10913 16551 2471 6183 13950 10412 8236 1710 1587 949 54 2999 13247 9286 8392 2510 849 16852 15833 2010 8283 13405 15713 12898 14306 16483 10087 12009 18282 11375 18161 17523 2163 9592 17529 19710
16259 904 8334 8974 11925 3222 3862 12184 13461 18971 2075 15519 161 4129 1186 10916 8996 680 14509 10033 3633 8504 1465 11193 19002 15803 2104 17596 5435 13115 17850 7877 3017 19534 10065 3538 6231 13912 3290 219 9180 15963 19296 17893 18917 6629 6637 15728 12274 1531 8957 2942 6655
0 18435 1928 1801 9225 11148 19734 19351 7198 6433 1826 5668 5157 19365 8871 14632 5671 2860 6446 7088 18996 6964 17719 11064 2234 6074 12604 15423 16577 12872 3785 4042 19915 13388 8015 15311 210 10194 14036 13139 10455 19033 90 19931 7900 5213 13281 3048 1129 7792 13943 18810
18309 17798 7686 5641 13578 4365 15762 2578 3991 7461 6315 17837 5165 5679 4146 14004 14516 13493 14261 6840 2936 18235 12227 203 19405 19024 8273 14040 15320 19420 8157 5468 8800 3937 17889 4835 10980 5345 8165 1896 16745 18922 19436 4846 4720 19697 3954 2679 12024 8826 8443 6269
5378 6667 15500 17037 9233 17553 19860 2325 2326 6041 14235 4252 7203 19364 15524 8877 3245 7857 14898 19892 4533 7351 19004 19388 4540 5185 6597 15429 18376 11208 5195 17612 7164 15576 8027 3424 19681 4065 4960 101 14439 16488 19689 12138 5738 492 6895 13555 13819 124 19966 16511
14977 2818 18691 8581 4614 4488 8970 3210 3597 397 8975 10770 3475 12950 16412 11932 10141 15010 9634 1059 9641 6317 15536 4400 19638 17591 8506 3387 3644 2493 2368 7362 3396 11975 17997 5587 6230 9057 16995 12389 18406 8549 14954 18287 12271 1904 3314 4212 375 18427 2046 14335
16515 902 10247 9608 16138 14733 14993 10641 10643 12437 9621 1820 14365 16161 18219 3116 9643 16814 13104 15795 10036 11316 13879 13496 12857 4663 18107 5819 10173 960 65 2497 5059 14532 4549 3525 17739 2511 9556 14165 13657 4442 1116 6237 12513 2018 13411 13159 7276 6508 7277 19703
18432 8196 12808 17418 7563 7437 786 10131 17044 8723 6296 17436 8095 13473 2726 11687 8104 10617 5418 11952 7217 11444 11962 15548 4285 10174 10815 11069 2625 9156 331 459 3532 3918 14927 1619 4696 12761 9439 13538 5994 17899 16750 16112 5616 18035 7541 15864 5625 18171 11132 6271
7694 11024 8336 19858 17685 6421 15640 6170 10525 6688 13346 3106 10537 9899 11948 14895 1584 2223 6066 8242 6325 183 19394 15688 15176 19021 17613 1744 11603 7894 13401 5978 13147 11868 6881 8930 9570 16484 16613 16103 1772 13549 3057 6641 17012 18549 629 1269 7672 18297 8309 13310
7433 10508 6929 16916 6933 8342 13078 19611 3870 12575 19871 19359 18850 8614 5503 17449 940 1326 6575 18102 1082 13882 19644 572 17854 703 5951 5442 17731 5700 18762 10954 10699 3663 10831 7247 15571 15572 18392 15359 16352 16736 18022 6379 1007 11903 18929 3058 7668 16251 18815
769 8582 4874 16651 16142 19727 1166 6673 18066 147 1299 5525 14358 4371 7697 10396 412 15005 10270 4775 10668 18477 12592 8496 10291 18357 13624 5688 13756 6204 7743 16960 5569 16965 3270 16583 8783 11217 17880 16600 7513 18139 990 18914 3941 8170 3053 14192 6897 8566 3832
4994 11906 8836 12418 14091 19212 1550 6928 1426 10005 18460 8734 13215 2719 12580 16934 3881 15787 5419 12333 3638 16567 6712 10679 15544 15934 8383 14148 11333 10311 7495 8648 1108 3927 4575 6368 12000 15458 13539 14694 19688 616 7533 13167 16498 10867 10231 7673 251 15742 15871
4608 10503 17159 11275 3340 19470 16015 15248 16910 8983 17819 6045 18462 15907 6308 8371 7093 570 13370 12222 13760 9922 18883 4675 2634 6349 10191 15312 4309 18006 18393 14299 8028 16733 7775 2785 8547 9828 998 14312 5864 3438 10862 12401 6129 12915 18548 16756 8442 13180 18175
13570 10627 7684 1544 8462 3343 18448 16530 6293 6821 18470 10279 15272 8489 11178 13099 11439 16817 18354 6195 13748 16182 15927 1463 7101 15680 3008 962 7233 16581 17606 5189 8777 4425 13258 343 14297 17497 4827 16220 18788 19686 14950 11498 1390 7919 10863 7791 4340 2683 17532
14594 12548 7173 5125 13063 1416 6408 16907 13837 8077 19855 2065 915 8340 16020 17815 15897 18844 11548 10402 9763 16548 685 19506 565 17081 10299 3900 2047 9667 15173 5320 4170 10829 17485 19666 7890 16342 8280 9307 14172 12381 17255 2791 10860 14828 2159 14191 5879 13817 3967
14851 15880 11280 16785 6417 13205 14486 1943 13725 8481 11054 8753 5427 12852 19381 1717 9528 8380 2749 2110 5823 7876 10053 2886 11721 15948 14797 13902 975 2254 5584 17877 1110 3541 15960 19418 230 10214 8696 1130 18924 7020 8306 5747 19956 9333 118 3444 6776 9330
15617 15233 11266 1043 6423 1309 5790 12961 8999 5930 18986 15404 7981 18223 17713 5299 9273 19131 19387 12475 9660 18111 14272 6466 16322 2245 5832 9423 10705 14545 14291 14675 5594 13536 6625 19684 15332 505 15598 3700 6006 8439 19958 6009 14582 10875 4092 15613 14590 13695
8961 10371 8964 19208 649 9483 1041 17938 4116 8853 6422 5781 7964 17696 8611 933 15783 10792 7085 13485 2172 3640 10044 18114 9540 12229 9932 19921 12626 9683 13269 8661 12247 5084 2783 17378 356 740 5989 17127 12777 7017 8810 9834 16622 1902 13168 14074 13051 16252
7169 13954 17673 10768 16018 4499 8220 2333 7966 1441 4132 4776 7081 17962 11820 15661 3504 14900 19893 1974 4151 4919 6203 9406 11205 7237 5061 14282 18507 19788 17106 5971 6997 12118 2013 17118 11616 9441 354 3942 16487 18666 13676 8945 7411 8307 758 7033 15226 10237
18565 8460 13197 3981 8207 9365 665 17307 5406 1951 1316 19752 13354 18989 15031 10681 5945 8250 19901 4162 12486 2502 13256 11849 17995 16334 4943 464 8016 18770 13010 6352 19285 5974 15961 1369 10203 18271 3939 10723 18793 13292 1261 14702 495 2286 8437 2552 14586 14591
19968 6275 18699 13707 5650 16149 662 15254 5909 921 19616 16545 17057 5284 11174 13479 3240 1960 1967 15153 9010 4661 16951 16184 14521 9400 1723 11968 11461 8909 5967 11731 18133 6489 4449 8805 2663 19305 12906 12907 110 9072 16882 18038 3191 13942 9209 3963 6652 14973
7168 8194 17027 8709 8843 11531 14992 19090 17557 13590 13717 19350 8089 2330 14998 15904 14369 5792 13607 2857 17455 1330 6198 2491 12988 13245 10939 12480 6081 2500 18890 16331 10315 13903 17360 13520 11091 19800 11098 15451 1503 12640 19810 9060 1001 18411 10219 8171 1653 18168
12805 2439 9098 17291 19084 18447 2577 3473 9491 3860 13333 16921 17946 6173 6558 10911 3493 12581 17579 9774 815 17454 9519 818 11059 9905 10545 10938 17347 15683 15736 1351 1991 13133 334 4687 8785 19796 10712 15193 475 2652 6623 868 4328 18409 12787 12790 1016 5631
12293 8837 9 11786 6410 9100 6924 5261 9868 15377 3601 14867 1175 11417 19357 13471 1440 2340 12708 8870 1320 19753 172 1708 2990 18994 12210 3510 9530 16449 1476 6725 9800 15945 15052 12883 5717 14426 10720 16997 18919 9832 9451 4971 17519 19184 4855 8953 2301
10243 2307 17155 5764 11524 10506 19346 7443 1938 3606 4888 4896 417 6819 9255 5927 10538 11306 14892 4780 18860 10927 4015 13362 15794 9142 1847 8377 10172 3447 14913 5441 17734 6343 4553 221 989 4448 2273 17891 19560 18410 15724 15472 4336 2290 15347 12791 11256
13701 12679 3980 12814 3214 6036 11541 15124 13721 798 18593 673 16163 14626 4259 11824 17073 7730 5813 9145 3130 4794 17598 16575 10177 16324 1990 204 16593 4950 12376 12889 4953 15452 15069 3038 2143 480 19427 19053 15086 14318 752 8429 15597 4851 6261 7032 15227
12289 17282 4098 17412 2053 2565 2695 16395 12555 10128 145 1809 3089 9850 14488 11420 11423 10794 7853 16304 16689 12854 8123 17597 4286 5055 18752 15735 17730 7620 4430 18768 16468 2516 7124 2263 11354 5981 4195 12773 19692 881 9585 7281 18677 4087 7928 19066 10877
12672 5250 776 19853 5389 12048 15121 3346 403 12944 2331 3227 15781 1957 15525 7209 7982 2609 2867 15028 2995 15674 15546 10813 18756 19655 1223 1736 7120 17234 19283 15612 14294 18009 6234 19164 3420 17246 3935 11357 19809 4957 7782 13161 879 15087 3185 8180 2428
8832 10756 19334 7174 906 18186 910 13838 15892 12057 16666 3741 7709 6815 13216 1953 17442 3102 15775 7842 19886 1071 2097 4657 16819 13620 19900 11965 10687 7744 8643 19399 4296 17735 10188 16973 8654 2641 2395 4571 15329 19300 5223 16359 10987 15213 7022 13178 4988
17157 17034 6539 15116 268 17421 15759 3472 18965 19864 12832 19361 16929 14368 6309 12711 17319 298 10667 17451 8234 12207 7488 6594 1218 9155 19271 10697 15051 3149 17488 2128 13776 7636 14549 19542 2136 6107 1756 16349 9058 15205 1384 1519 9334 6137 11772 1661 9214
16514 10244 12550 5256 3598 6543 6037 3738 19227 2588 16925 5917 19104 16416 13096 16940 17842 13236 6454 8246 19005 12606 19007 3651 2115 3920 9552 15829 2901 4695 11353 6873 15838 11877 5734 3943 490 14570 2925 2926 5743 1264 4464 17266 15348 374 17782 11896 886
19712 5249 12674 7298 3076 17800 1929 10383 14226 12436 18583 17177 10272 8483 16549 3494 11818 7851 14896 15671 16952 191 7235 17476 3273 15821 13005 5069 2638 3410 14293 5338 17117 10973 1759 15840 16739 19812 8936 12524 5100 17775 13683 18165 9462 13173 5497 252 6013
11648 5380 4104 13321 11273 11019 11660 12172 4361 5136 7571 19732 19990 9879 8732 11551 2721 12578 10406 5030 18222 13616 17458 5171 9140 2614 5310 9535 833 9926 14281 9422 15059 12501 6742 13911 6104 15836 10333 13789 6879 7904 7648 9831 2162 7412 19062 15992 7934
16261 12166 7949 18957 271 9618 14611 15379 2324 16531 9878 7828 15258 11038 8478 7839 3234 13347 1450 18346 16555 14767 10161 15415 17720 18880 15553 5958 17991 2247 7879 10186 19020 2130 2387 4567 11095 8026 5085 13279 10975 18533 16486 18920 17393 11507 18934 506 4479
2688 11782 4362 11662 8718 19857 1430 14233 16410 19738 10778 15389 4001 13097 2729 14249 14647 5560 7741 1090 17477 17095 8010 15947 1743 10971 12380 11227 12154 4192 9697 8674 18915 6244 16234 10603 17003 6515 3955 14580 1910 2551 2038 1657 7290 10870 8819 16253
2052 10376 9865 6032 2965 15256 4761 8731 19872 18340 17061 13222 11815 19632 1329 1585 16698 16063 19519 1216 2751 7232 3776 13379 11463 15818 12618 6989 9806 8912 4049 18003 16853 6874 2651 8924 1888 19937 19042 994 3170 10729 2154 8179 13814 3065 4987 17276
1527 14724 8708 13189 14855 8711 15754 8587 2570 13069 1422 4113 7700 17941 12695 6681 8094 10526 3488 12449 13740 3373 15023 18740 308 3380 4165 16838 9672 12880 13270 10454 9049 18137 1370 16996 6374 5479 232 14315 12908 5611 10096 14710 13303 16379 15996 17406
11267 19717 7175 6537 18314 138 6284 16270 14350 19473 7060 8597 14746 18330 3108 4262 7463 2858 4144 18482 14258 8116 11001 19894 11707 17469 14654 15551 6853 13130 335 6739 340 16091 12408 9314 7398 10984 11499 14061 1518 12402 12404 13557 1528 9337 18813 127
11522 1411 2947 6023 13705 2698 19339 13326 655 10514 9109 12568 5528 2458 19354 7453 15518 2852 12069 9895 5674 13868 14381 17457 1333 1078 17082 18878 15167 3007 3777 16193 712 6603 8140 16207 1364 8668 10721 18660 875 1391 1008 11888 7286 8057 9213 2175
14593 18564 5892 1033 8713 17422 4238 11790 1428 16660 11798 2455 7191 16408 8607 10656 7711 418 11049 14890 11183 6704 1206 2359 12984 3257 2107 19006 11583 10561 7875 11974 8136 6474 11083 6606 9551 980 14038 3810 7272 3433 9706 8811 3820 19437 17654 14968
11008 6662 16649 14219 3857 2068 11797 13079 3482 18721 18339 16419 10790 17705 2987 16046 7728 7601 13621 19641 12862 11587 16198 10310 2375 17097 15434 8265 1612 1614 81 19922 11351 861 15711 1121 12644 11365 12517 11367 10599 11112 876 2414 14325 502 7030 508
18823 6921 13458 16404 14231 4120 15771 16543 1823 9631 9890 6701 14254 12975 13360 18609 178 17970 6323 11573 3376 15926 9782 15168 16195 18373 10566 16327 8019 341 1881 14687 19424 6367 2275 741 2024 15337 2412 19441 10225 11762 3827 17526 632 19835 1406 17279
19841 6658 12547 19331 7429 5639 13963 18444 9743 14995 8988 3879 16298 18731 3885 9394 19635 10168 17338 1469 13504 6721 18754 10054 16078 1362 2773 11222 13527 3417 12635 19292 16223 2528 18274 5730 7010 18021 17766 17382 5092 1386 1642 4335 12529 19068 16126 15615
15360 1 18053 3334 7821 9746 4117 1689 668 17180 11934 10527 3874 15139 19623 11442 9652 18741 6582 10804 12728 7352 8500 19125 1984 19649 2372 9158 2888 19403 1356 5965 3664 16977 13011 1237 10709 15701 3035 19680 19568 2673 8692 4981 4468 5369 19070
15873 4609 11653 1291 536 15128 15001 1304 10905 17050 17051 32 15267 10021 10917 16808 14121 12458 6832 12593 13874 3509 5305 12218 12602 10428 18621 4797 16321 14788 9798 8391 2121 5709 1613 4175 15824 5198 9044 7645 18148 15717 19060 11514 12411 18814 383
19456 6017 11778 17667 15758 14997 18966 6807 278 5789 7585 8354 15397 167 12199 3623 7720 19000 5176 18874 10686 3006 5184 11330 14661 4046 13264 4053 7125 15577 729 15073 12648 14313 11370 9705 6125 19566 2670 9328 11248 8944 8047 15608 18811 8316 15101
17154 3203 3459 13061 11525 13070 7446 9371 1566 4254 11168 3233 4128 10145 12964 3365 10662 5543 7464 3371 18352 11836 19133 3646 5181 3016 1232 13521 9425 10834 4180 8022 7897 18268 16095 1761 9954 5731 10724 19304 19818 11116 15860 11639 16633 18554 7423
8069 4742 11270 14352 12305 7314 17173 4373 15768 11292 8221 15520 2595 16424 16553 7341 12974 10162 18999 12856 1848 1210 16055 3771 6458 3647 15297 3784 13899 16972 9808 18769 7505 18898 14930 14678 10591 18528 4959 6116 18151 5736 12392 6386 6907 9342 12287
17920 13827 12552 17162 11787 6413 6798 13839 5006 13715 2963 16535 2200 8218 18458 2332 16923 19356 5662 4638 5916 2594 6810 9244 16038 6705 5044 17848 18236 18364 6335 2881 1221 17490 4179 18520 12892 2793 18288 18418 16242 2164 8181 17014 9074 13053 1534
4611 10118 14729 2828 9873 12442 7324 12189 1694 17440 5408 8866 6305 4388 2602 555 7468 1582 12977 19634 1074 4665 9786 574 18367 8257 19779 19012 18115 12483 12614 5060 8644 971 2124 9931 12877 981 14041 9561 15460 12394 3051 13806 4975 7288 19577
5633 4743 8967 12935 14738 12306 6167 6302 18091 17580 8237 9904 9777 10418 16692 1845 17723 1853 1470 11199 13248 4034 10563 2244 10693 3526 5447 8004 5704 2251 14415 14935 13272 13144 220 13662 11491 2278 9576 9452 10861 2417 1523 8694 6008 19706 12158
2182 7942 6155 16782 12559 12688 402 916 3220 19096 11416 9852 6179 17189 2605 14126 7216 1969 6328 8121 16826 15291 7740 15166 15807 15169 16578 963 4172 12493 13775 18384 9169 17746 13522 19924 13908 9814 1629 17121 8931 18537 3561 6512 4338 13688 15740
4741 133 16905 2315 19982 3726 527 15891 405 533 792 808 18859 4143 432 5168 14386 6453 3766 7483 11326 1854 17990 10952 9802 19022 5585 19282 13015 4055 1367 12250 5597 16993 5858 8807 8808 5737 5992 15596 7663 5744 11506 117 5238 7160
9347 6150 135 1415 18060 912 17818 17306 413 16031 17184 17829 678 11433 1322 16683 12973 9261 10160 9011 11324 3516 5954 4931 9030 9288 1226 2763 1998 10323 5331 14552 856 3036 5726 14179 2531 2662 13416 3947 16109 5233 5236 1273 3579 8829
1664 1410 8066 3972 1287 18439 14987 12430 529 11922 10644 1044 11285 4247 16407 15638 19868 29 12447 14113 19874 2597 6570 5681 17076 4534 16183 13112 7222 14784 7111 16586 9162 3680 2535 16105 3179 1516 2284 3056 3953 8178 16500 9205 10230 17531
17285 648 11529 2836 9876 18970 14877 12319 4127 9759 16035 13092 8485 7718 12074 8874 2220 18348 7854 16686 8624 49 5936 8876 181 3383 4536 7864 17475 13126 17996 7373 4688 1105 5075 7767 4952 16603 18267 10215 8681 8938 12272 4722 13940 2677
16520 3727 15125 7829 7706 13723 5025 4389 12710 10791 4902 19369 10666 6056 12460 1197 12847 9393 14264 11705 7612 8001 18498 10433 5197 15570 11134 9173 2264 9818 2011 14557 16357 9447 18794 6890 9838 370 19315 3316 9842 17785 6522 12668 1790 2815
12676 2697 8203 18061 11535 17808 18068 11668 3735 14616 5659 9501 7326 19232 6306 6823 6571 5048 11961 8253 9278 3523 13125 18887 16199 6600 8775 5196 6864 14802 10962 17878 13655 14937 19163 8414 5727 8798 14435 3683 2798 11123 7027 6519 17018 15229
9728 6272 8327 11911 4489 12176 10129 4754 11030 3224 15514 1825 12451 2596 18213 9893 936 5673 5672 7595 2807 9266 16053 11450 18748 19137 2114 13513 15050 7884 16975 15442 15707 12637 16350 19173 9190 14567 9448 7270 9322 17515 14700 15595 17143 637
16897 4746 525 3342 14866 15507 13978 411 19997 2973 11167 7199 674 19113 7470 8755 698 443 8635 7999 4800 12099 964 2628 13640 18249 15433 6347 3285 2648 11737 12383 12129 9698 19556 743 16493 18542 9455 12021 17909 9206 8952 10233 2045 11647
13443 15108 5897 16266 14730 15372 11534 17935 3600 18451 4631 17945 3225 18973 286 12573 1184 7710 11935 11293 16421 1829 15527 7724 18733 14257 2737 17461 11712 14787 15685 13511 15180 11101 11359 7903 489 873 11754 17008 10611 17780 14583 7419 4349
15624 13328 7953 15634 14994 19604 13724 6430 10655 10784 2334 3490 4258 18856 16426 16045 4781 6319 4786 8252 17471 19904 706 15046 16457 7883 11470 17233 14417 11476 18008 19545 15579 5215 2400 7142 4071 13160 15593 7399 236 18032 1393 14578 14843
16893 1285 7687 15628 3471 19728 11536 22 12055 13591 6426 10523 15780 5286 10283 8492 2862 7087 14255 8884 7220 1334 12727 15159 15030 3129 7096 9276 11128 8254 11202 13771 14540 7116 10319 18516 6232 5208 14436 9701 16230 13044 2167 6904 18045
3715 7813 11397 264 4363 17165 19599 5649 9235 1813 663 11289 8217 5147 8859 14886 14504 6059 2859 9005 13997 18353 11825 17843 11709 3005 1730 18005 9557 7003 11612 15072 16228 7653 10598 5605 5224 5228 2669 2416 17777 7667 1267 7287 14718
16000 19076 8965 11016 12809 3592 907 6797 18967 19865 16033 15909 13989 4008 3246 16047 16946 17074 12340 11063 19001 16186 2109 5063 14924 16595 216 19674 9690 19932 15965 5856 6240 14947 3684 17253 9197 8430 16495 12145 7410 17139 12788 6259 13307
11141 11146 14603 17804 16653 3348 3096 19481 19230 17822 7072 13729 10020 5541 6312 683 8878 11699 17077 15678 9279 18753 8898 9154 16713 2762 10569 15820 3917 2512 13012 11092 6105 19294 4319 13663 19169 3423 17004 18928 2160 14576 6131 4861 18303
17922 13955 9092 19716 13702 3467 13579 2453 4758 535 15129 16927 16164 12586 18603 5421 16690 10676 2485 19257 6587 1727 13249 15610 11600 19154 18517 4312 985 5081 17500 15074 4324 2404 14566 3181 14446 3951 2289 14962 2419 14193 9208 11386 9212
1281 7682 1541 18188 16013 14988 7439 8847 7055 19729 16920 8346 10011 9882 12699 10780 11297 13859 15782 6394 6961 10420 3254 15799 15417 6586 14268 14655 2640 2897 16723 8151 5976 9563 7389 6624 14817 7016 9067 12781 18672 13818 14332 5885 18047
4224 11271 3721 14090 2571 5132 4618 1934 3984 5911 7836 2080 2208 14880 13731 9256 18985 11434 17965 2997 11451 15299 2505 19407 8784 10961 13392 5713 19929 16249 4315 11869 7009 4451 10480 18673 8177 12917 8821 1143 8182 4729 2939 2940
11520 9344 16899 5507 2696 4234 19220 8084 13846 8728 5919 4000 13349 3752 681 10282 15275 2864 14899 11960 10937 9529 10432 5953 15298 2624 9668 19014 9306 3042 19683 12643 12903 1643 18028 6127 14449 15858 7153 5750 13431 13433 11388 6399
11650 2434 19461 5638 14727 6414 6287 5008 2449 6927 5652 16405 14229 15898 11682 5155 9894 5929 19631 12335 2991 7990 4156 2236 15549 6844 9539 8008 3272 11466 12492 16093 7520 10084 613 13541 2153 3436 13677 6638 500 1782 1275 12286
1032 18953 8202 7690 16143 10259 4755 2966 14328 9753 9113 2462 4002 12707 1317 5542 7208 1961 7219 3253 11577 17981 6336 19272 12107 9035 15309 5332 3797 16857 8285 11232 19297 10595 15331 11880 8041 15981 18541 12270 19702 18423 17784 5366
14722 10120 15753 3337 17940 5787 6172 7708 17949 19233 11940 8359 14889 15145 10414 13745 16178 10802 6837 1589 4022 13881 11076 16197 11468 16721 13268 2006 15575 2905 12506 7642 3166 8419 11237 19690 1648 113 4082 4465 1909 13052 16894 15999
4736 14980 9350 17036 15373 10000 10513 2706 1174 7959 13080 8856 2582 19735 10019 4266 2732 14765 2093 4783 3894 14009 1977 19016 11979 17100 11980 7244 19791 7755 19668 2396 227 8293 6247 3945 15853 6766 8301 5489 8051 3831 5880 2425
18438 19338 6796 6158 13071 17813 17943 17948 4765 12830 13086 672 10912 15651 4263 12327 7337 7600 19121 13489 1462 16439 1464 3903 12864 18241 19139 11845 11387 17230 7632 18257 13905 468 18901 4826 14813 7902 11490 10222 19567 14065 8817 2043
9220 18827 18828 4627 14740 8469 5270 10520 15003 1701 8101 17067 14252 13233 16562 17845 696 12092 199 3527 17483 10061 11216 2001 8147 4693 6614 5464 15322 6241 3809 5860 2149 14181 15847 1514 3690 6381 5232 3312 10226 12660 10359 13179
17923 3844 19077 5126 4745 8972 9999 19216 14612 9236 9748 2586 19493 6696 10409 682 3631 6962 1970 6069 6073 955 3319 9024 14147 11075 14792 17482 6863 4945 4184 16859 3682 2146 11108 12003 11495 620 8174 9202 2037 13047 14331 5887
7424 4869 1802 3339 18700 19983 15888 6808 9368 7580 1822 1824 3746 10920 15535 18736 562 14390 17976 1721 7225 15296 2496 14273 9415 13006 7502 2894 9813 18651 14684 11744 10976 19938 13923 17509 12134 16615 878 14196 885 3830 7671 11515
5762 2692 5893 6152 7696 18834 19347 9874 11418 15388 8350 13343 18976 17568 3617 15779 2980 2853 11175 17718 5431 2106 13374 5444 5574 13512 8651 15822 15952 13783 8667 349 16608 18657 19429 18791 18279 10473 621 2158 2672 8816 3060 12279
14721 17669 15881 7568 14353 2832 18580 9977 1051 18206 9120 162 2723 4130 5154 13603 10284 15919 6456 18745 826 2235 3770 7610 13754 5311 6211 12739 4547 839 969 17994 11467 8024 11097 19930 3163 14815 18017 13803 5111 4089 8058
6534 19718 6281 11532 3085 639 19988 18461 11550 18852 5798 18598 1446 11945 11435 2680 10158 9518 7473 12981 3126 2872 5948 9795 452 5577 6092 3148 12368 4561 16598 13398 18140 8413 863 15715 4196 5355 17647 6262 2424 10747 12415
11908 8714 4622 16145 12957 16799 7841 5410 9508 168 17066 6698 16810 13998 16687 19889 9269 13502 8515 4937 19663 14672 8530 4178 11860 4564 5716 88 13787 604 18653 19549 8030 15585 19939 8676 5097 19951 6383 2802 3576 9339 4989
9985 10881 11907 15748 518 5642 13836 7181 8343 15644 18592 3616 9003 11564 5041 17585 5939 17460 16696 15161 4923 64 11840 11713 7105 19013 11590 18503 2122 15694 14929 14933 18649 859 16224 4838 10345 2671 11377 2418 14969 6140 16125
10114 14853 19847 14858 10893 8209 18326 11672 7579 18333 15133 12326 14887 15785 12587 4270 1918 17075 14134 17975 8503 18109 7872 12867 15556 965 7110 9543 972 14162 9682 2646 8918 8797 5486 12666 4848 6772 19574 1655 3192 3706 2174
12928 897 18434 387 16645 6278 3338 5775 4503 4889 9627 3869 3997 15646 159 3111 11432 4012 16048 8502 10551 15036 11331 5316 19525 12231 11464 7754 8395 3659 7628 15054 4691 12121 4698 18525 1246 350 12390 1781 14841 18044 3455
16012 11791 18833 3602 19475 15511 1561 11291 3739 2843 9883 18977 19490 6565 1069 7598 14842 16307 15286 6711 19385 5691 11841 18627 17989 458 13002 1741 9941 11224 857 1884 15839 19039 12902 11239 8422 14443 8951 10872 18042 17659 9087
12416 13185 13314 3 12032 1797 15625 3604 1435 14619 1691 2339 3235 11685 9126 6954 18474 15539 6708 13111 11704 18106 9274 9148 3261 13373 10820 12615 2250 10828 8781 3790 16474 8794 12004 6380 7661 13809 5490 9079 15994 4095
8710 19721 7050 14606 13968 13330 9754 12061 2850 17316 3750 2218 10156 19118 15152 15025 5683 19124 4916 9275 6333 17214 1599 18368 16191 575 11078 6599 9933 1486 6994 12243 8410 12508 3171 2150 18539 10485 7029 6393 14076 9341
2945 13190 18183 9863 3850 908 4108 17811 10388 16150 17433 2717 12450 11561 19499 4785 14774 19513 14911 1600 14277 14408 10056 19412 3028 3416 7898 93 4701 9312 1505 10343 14184 8554 5866 10479 19440 15343 8436 9464 2430 5247
3841 4225 16390 8457 2318 17809 275 13459 3989 17559 3609 1178 8475 1445 6567 425 4276 5428 17216 15040 7489 17988 324 12485 10565 4040 8389 4680 14809 9305 732 15708 16992 4066 9316 2661 13415 16872 10484 8823 7416 12665
8579 11651 8198 11528 9613 10382 2574 9747 4885 18838 6038 7194 6044 7454 17960 4010 2219 4650 15405 13743 1588 3637 16694 12985 3515 17604 12366 79 18771 6741 8278 5207 7000 7647 5988 1381 17129 15982 14963 16632 11389 8062
14592 16136 5512 17806 16912 16656 4624 16148 7573 12570 5407 4515 13098 11696 15026 1716 6072 4282 3393 14019 7496 7497 5450 16203 14412 6987 15951 977 19794 4189 16606 9950 14816 19170 9446 18535 3437 4983 2296 5627 1021 7295
13313 14081 10241 13956 6148 11781 2951 8072 18954 15244 2956 6286 12946 3732 9877 5016 19484 18077 15903 14499 11688 17966 2478 19768 4410 11586 19143 16328 17736 15562 5841 11089 223 13024 2527 15972 869 10990 3062 12155 12030 9855
12039 5751 16014 14095 12432 17937 5534 8225 9378 10531 9381 3366 10923 3886 7472 5565 1087 2112 12352 19651 1477 15564 974 16079 11983 3281 1748 8789 16854 13397 16991 14305 5601 4582 6759 618 17774 4849 11383 16888 15097 4218
3968 2820 5000 18441 146 13074 2834 19483 17954 10275 8741 13477 10281 9645 8499 12597 7739 19771 7869 11964 15041 10946 3137 8266 12874 4940 10064 18900 11862 15319 17124 12537 17895 18536 18792 13033 2541 5487 1013 4470 2295 2297
3712 18433 8448 4605 12423 1930 13067 4236 16157 10146 18597 17834 557 13490 17203 4788 17717 15542 440 12217 10680 4155 8634 4160 13890 711 2377 720 11605 17110 8279 5595 10589 6883 1636 18795 5101 6765 5869 16504 5113 15869
14720 18562 11523 15496 18698 9358 1681 17435 19613 17062 2599 16175 1711 9013 11454 4288 8772 14404 15686 15047 7115 6223 13267 16340 7891 984 7641 2522 14683 8155 17644 10094 13553 7539 3699 14069 6389 8063 122 4094 19839
2309 13200 11923 14490 2971 17438 289 14628 12965 11812 19367 5290 42 19244 3503 3375 6320 19256 13752 7609 6845 14915 18501 16073 2256 18264 15704 8666 12762 1624 2904 4832 13537 10339 15844 13546 15212 4461 14190 3442 5756
9088 9349 10758 13064 5644 11789 8973 8078 14096 4237 18708 291 7847 14250 14636 9388 13230 8238 5934 5293 19128 16313 15930 3132 6078 13891 9417 1866 77 6477 6743 17368 4569 13661 6627 14820 17769 14188 5870 6779 5628
8704 6273 14089 16267 18192 19089 1297 19863 13208 1560 155 7451 13468 17439 15266 11170 932 6437 10921 9258 15408 18738 9012 14901 12859 2240 14276 16325 6471 3274 18894 10832 83 17888 11107 7908 13675 17006 15602 2041 763
16900 6917 8071 12427 18316 7822 17299 3866 12446 9891 7719 5417 12714 16437 1720 14394 14919 1484 2509 17998 19793 15313 11986 13140 855 19415 14681 11740 5980 15196 15201 12260 997 17512 6760 9843 17910 19831 762 5116 18943
2304 11905 10624 6276 6533 13452 11538 15763 12947 7707 4639 13984 7075 7846 13864 9768 4268 13871 1457 6326 9018 16955 6465 16066 5317 16840 2645 16734 4193 7522 7138 10722 15975 18280 19947 11246 18039 4345 9595 5372 19198
15619 520 12940 6926 4757 14743 279 4506 11037 11678 2212 14117 15654 7588 5422 1200 2873 14267 18492 7614 10562 13641 7499 17740 18765 14158 5326 3155 10195 345 1754 7133 12131 2788 3686 15848 8176 13299 18932 11509 2042
