25 50 96 100 115 132 149 171 178 193 206 220 238 268 269 280 283 293 295 300 304 340 343 358 364 367 368 369 391 404 439 440 451 507 541 581 592 606 610 611 622 638 642 658 671 672 673 674 680 682 686 704 710 713 726 734 757 764 769 803 810 814 835 844 872 896 897 910 925 930 938 956 964 972 977 981 995 
1 2 3 4 18 28 36 48 69 72 88 110 116 119 122 155 190 192 198 201 210 218 253 260 267 278 284 318 349 351 353 375 416 429 433 449 462 471 496 505 512 526 539 544 546 559 575 577 578 587 589 597 621 627 643 683 692 739 750 755 780 787 797 806 825 828 864 865 919 947 952 961 989 993 999 
0 5 7 8 10 13 19 31 32 40 53 56 76 89 99 130 136 143 150 154 158 184 197 207 208 215 221 224 228 231 244 297 326 328 333 338 352 366 387 400 426 437 493 504 516 519 543 550 645 648 661 666 669 719 758 772 779 811 820 824 860 861 870 892 900 908 917 
20 34 42 74 95 101 105 109 120 147 151 172 194 202 213 222 235 252 265 288 313 363 396 399 401 402 413 452 455 458 463 466 488 502 517 555 563 567 603 624 630 651 652 667 678 699 730 745 759 768 771 781 805 827 838 842 875 876 888 916 921 922 951 984 998 
11 52 82 85 93 103 133 139 141 161 162 180 237 241 249 261 263 271 294 305 315 323 359 370 406 427 521 530 536 558 562 564 600 601 605 614 633 641 659 670 717 724 738 763 770 789 790 793 822 849 854 866 869 918 927 949 958 967 968 978 986 992 
12 15 24 27 55 67 71 78 90 102 165 166 196 204 226 250 254 255 281 291 298 308 334 345 376 379 381 424 430 442 448 515 548 549 554 585 586 591 620 635 653 681 690 729 744 756 761 767 783 798 799 834 862 868 880 883 891 923 929 934 990 
23 57 64 83 97 137 138 140 170 175 186 191 212 216 232 240 243 285 311 320 385 393 410 425 445 453 454 460 470 478 481 491 522 524 551 599 615 616 634 646 676 688 697 705 714 727 733 746 784 792 804 808 813 895 905 957 975 
16 38 45 49 61 86 92 121 142 160 173 174 247 270 272 296 303 312 325 344 350 362 405 412 414 421 423 450 461 469 477 489 500 511 518 576 588 629 639 654 679 749 766 837 886 915 940 973 
9 58 80 118 129 131 145 152 164 189 234 245 256 276 306 309 324 339 356 397 415 456 464 487 508 531 545 547 583 595 602 609 702 707 721 795 841 857 871 874 882 903 931 941 976 982 
26 54 59 68 117 177 185 195 205 214 246 275 316 329 331 341 348 378 394 446 510 525 535 561 596 644 662 736 742 812 847 867 873 881 899 912 920 932 939 971 983 985 987 994 997 
30 70 84 94 111 167 227 287 289 321 332 371 374 398 418 428 436 443 467 480 498 506 509 523 582 607 613 649 675 703 711 731 732 751 802 819 832 858 877 898 904 907 911 948 
6 22 37 41 60 62 63 87 108 179 230 274 282 292 310 411 422 492 494 497 572 640 655 656 665 698 709 728 741 775 786 851 853 887 890 913 936 953 970 
65 73 114 124 128 163 168 188 209 264 360 438 485 513 514 540 557 569 617 647 663 677 752 774 778 782 817 818 856 879 885 894 924 945 950 955 980 
77 79 113 134 157 159 182 187 229 317 330 342 419 435 447 468 482 532 625 637 694 725 747 765 777 788 801 815 826 830 901 902 928 937 959 979 991 
123 169 200 257 259 319 337 354 357 382 384 403 409 457 465 474 475 501 520 537 565 594 619 623 631 691 712 740 773 807 833 836 889 906 933 996 
46 127 199 251 327 347 355 380 388 417 432 444 479 483 566 579 590 598 657 660 668 684 701 754 762 809 840 843 846 884 935 944 946 960 965 
44 47 81 107 156 181 225 373 383 390 395 408 420 431 459 476 490 529 556 560 570 618 685 715 722 743 748 776 800 821 878 926 974 988 
14 17 66 126 135 144 217 248 262 273 335 346 377 499 538 608 636 650 695 706 735 737 791 794 831 845 850 852 855 893 969 
29 33 91 112 148 223 266 279 290 299 307 322 336 365 441 472 484 533 573 604 626 628 708 718 723 760 839 859 914 
21 39 43 98 146 203 242 258 286 301 302 361 372 389 392 503 527 528 534 542 552 571 689 693 863 
35 51 125 183 233 236 386 473 553 580 593 664 696 720 753 785 816 829 909 942 943 954 962 963 966 
75 104 106 153 176 211 219 239 277 314 407 434 486 495 568 574 584 612 632 687 700 716 796 823 848 
