59 66 79 82 89 155 156 163 172 177 184 206 210 212 213 228 234 245 248 254 257 259 270 279 292 308 320 322 326 329 342 346 347 352 358 369 370 386 423 430 438 442 448 470 472 476 485 498 509 513 514 533 539 541 544 545 565 569 570 574 609 631 634 642 650 662 668 683 687 703 711 718 719 726 742 749 751 790 808 845 854 857 883 900 919 921 942 957 961 967 970 977 
6 7 14 23 26 28 34 36 50 63 81 123 124 128 146 152 169 175 219 227 237 244 267 274 289 303 325 366 374 396 398 401 424 428 433 437 453 475 477 482 496 497 504 519 520 530 536 561 593 606 612 621 625 629 632 636 638 647 666 671 680 699 707 708 724 730 740 771 782 787 794 800 804 824 860 874 908 916 926 936 947 963 973 980 987 998 
20 39 49 53 60 61 69 71 80 90 103 109 134 135 151 157 159 167 170 173 180 181 189 191 192 215 224 225 238 247 262 271 281 311 312 314 319 371 384 387 404 410 431 451 466 501 507 528 554 557 588 620 640 652 660 697 702 758 760 767 768 773 786 788 805 862 873 880 903 907 909 917 927 932 934 944 950 956 978 993 994 995 999 
13 16 25 29 31 70 77 83 84 97 100 120 125 143 147 174 186 198 293 301 305 317 328 345 368 390 407 434 457 461 468 469 473 490 503 515 526 535 551 552 579 592 595 597 623 628 633 639 654 675 705 713 721 762 769 777 779 796 797 810 826 875 890 928 933 949 955 976 982 
2 9 41 56 67 68 99 107 142 158 205 217 235 251 264 266 287 297 310 323 341 354 360 392 414 420 427 439 467 483 525 553 564 572 617 618 619 622 635 655 681 690 701 727 729 734 738 745 780 802 811 812 827 835 842 853 877 885 894 898 924 948 979 983 
17 91 102 116 121 178 197 211 216 218 220 232 240 246 258 290 332 340 365 372 380 411 416 440 459 464 480 495 524 543 566 577 585 589 648 673 674 693 716 725 743 759 761 785 793 816 817 820 822 831 833 839 843 871 889 893 904 911 920 931 946 991 
12 19 27 30 44 57 72 104 105 111 114 122 127 136 150 250 256 268 269 272 280 288 302 318 348 353 375 393 395 413 419 422 426 441 444 454 556 562 584 637 657 677 695 712 728 752 753 781 792 801 807 809 815 858 869 878 887 888 913 918 929 
5 33 47 85 88 95 110 115 138 204 243 249 255 263 275 309 313 338 397 432 446 456 487 488 573 587 600 607 615 630 641 670 691 700 750 754 755 757 855 867 879 881 896 938 941 954 975 
8 15 21 54 64 117 140 182 183 273 285 334 335 349 350 351 381 385 402 479 484 499 511 512 523 540 549 550 576 586 646 653 656 684 775 886 901 922 935 939 969 990 
3 24 76 154 226 239 253 291 299 324 378 391 399 400 429 447 527 575 580 601 669 688 722 732 735 739 748 799 803 906 912 914 923 964 968 971 981 985 996 997 
1 37 42 133 148 207 283 331 355 361 383 412 449 450 474 478 517 521 531 567 610 611 649 663 686 696 770 776 828 850 859 876 884 902 915 945 958 
0 58 94 112 113 129 144 161 179 188 194 222 230 278 321 333 336 344 357 406 415 445 532 582 583 603 627 644 694 709 720 806 823 848 897 910 
51 108 119 145 149 160 229 231 233 276 282 296 339 343 417 418 435 481 491 522 529 590 651 659 706 774 783 856 930 937 959 960 962 965 989 
22 43 131 185 223 242 260 300 316 421 425 463 486 492 500 502 546 571 599 602 624 664 679 689 763 825 847 864 868 895 905 951 972 986 
45 203 261 284 294 376 388 394 408 452 471 555 559 560 596 667 672 682 715 723 744 747 778 830 840 841 852 870 891 925 943 952 974 
10 46 106 118 132 141 195 201 236 295 362 363 373 389 405 436 460 537 558 645 661 704 731 733 737 741 772 819 861 863 866 
40 52 55 78 92 96 98 164 176 286 403 458 489 494 563 604 643 676 746 764 818 821 846 899 940 953 966 984 988 992 
32 48 65 87 93 126 137 153 166 193 306 327 379 506 578 591 614 616 678 791 795 798 829 832 836 
4 35 74 162 171 190 199 241 330 337 364 377 455 462 508 518 538 542 581 594 698 766 789 814 
11 38 73 168 187 209 252 265 315 356 367 443 505 510 605 658 685 710 717 756 784 851 872 892 
75 86 101 130 139 196 214 221 277 359 409 493 516 534 598 613 626 665 714 765 813 838 849 
18 62 165 200 202 208 298 304 307 382 465 547 548 568 608 692 736 834 837 844 865 882 
