5 7 9 13 28 46 49 51 56 80 112 148 150 165 179 188 198 216 231 236 256 274 282 290 301 305 331 336 367 372 377 393 403 412 413 425 432 433 490 492 493 498 528 544 553 563 569 578 595 597 598 614 618 640 643 660 686 692 694 697 698 700 704 710 712 714 718 726 742 743 745 755 777 784 796 799 804 836 858 890 892 894 901 976 981 
32 41 50 59 69 92 94 99 108 113 124 143 144 149 152 155 156 177 195 215 223 245 247 266 284 302 324 345 362 376 391 411 424 439 467 472 473 508 526 558 559 571 572 574 593 596 605 642 659 664 678 682 702 728 760 767 774 785 805 837 839 847 867 873 895 897 906 944 951 954 983 988 992 
3 29 139 146 154 161 167 170 207 211 219 229 241 250 253 271 277 285 288 329 344 357 406 418 457 465 466 483 485 496 511 531 550 552 567 586 592 603 617 639 646 672 676 691 735 740 744 773 780 791 801 843 854 862 865 914 932 950 966 
1 25 40 93 118 119 121 162 192 199 200 205 260 269 283 297 300 303 309 310 317 333 340 350 395 422 448 517 556 562 564 570 584 591 594 613 616 634 648 652 705 706 716 723 789 797 802 871 888 896 946 
8 36 38 55 62 78 81 100 111 116 117 120 153 157 160 183 233 249 298 311 355 383 384 471 538 542 545 561 568 624 638 721 798 823 860 863 866 899 904 905 929 935 948 952 978 990 993 999 
14 19 24 33 37 43 136 147 189 197 204 224 244 272 287 304 321 409 414 426 480 504 543 557 601 658 679 680 681 696 729 759 782 829 876 891 900 908 912 913 920 930 956 962 963 991 
11 34 60 71 98 125 131 163 186 194 203 221 222 259 334 353 388 397 410 416 430 438 449 470 477 488 540 585 589 599 604 619 625 627 645 749 763 809 855 859 879 889 953 975 
23 68 70 90 103 128 174 175 217 238 240 281 308 365 405 417 463 478 486 512 523 525 527 529 532 536 541 547 621 657 666 719 754 814 833 845 880 921 938 949 979 982 995 
10 17 20 67 75 76 79 85 104 115 126 135 158 346 359 363 368 427 446 459 500 518 555 573 582 587 620 654 661 690 708 734 741 786 812 816 877 931 965 968 
35 39 42 95 133 168 171 181 226 228 264 265 320 341 371 374 381 458 502 566 600 633 637 651 677 711 727 739 788 800 813 830 835 857 893 911 922 947 974 984 
22 52 64 208 210 273 322 337 338 342 354 394 454 509 522 530 560 606 644 693 752 753 762 792 793 810 828 848 870 881 915 919 959 960 967 970 980 985 
27 30 47 61 102 137 141 172 220 400 423 437 444 475 524 535 548 577 583 588 647 667 668 670 673 703 715 765 778 794 875 886 917 925 943 969 977 
15 83 138 173 246 261 270 278 293 299 379 399 402 428 468 521 534 554 611 689 746 783 795 806 808 811 842 846 849 878 887 898 936 939 996 997 
16 31 44 151 164 176 190 212 318 326 327 339 347 351 352 373 389 401 489 495 663 713 748 751 756 769 770 787 825 910 926 964 972 
129 130 180 191 252 275 356 378 404 415 441 453 462 491 539 579 687 731 738 758 764 768 790 815 820 832 844 927 941 957 958 971 989 
65 73 106 169 178 185 218 232 237 268 286 292 313 349 361 380 420 455 484 501 505 615 656 665 674 695 883 909 918 937 986 998 
86 114 145 291 332 335 370 421 435 436 450 551 581 623 630 675 699 737 750 761 803 818 841 885 902 934 940 942 961 973 994 
0 6 12 82 91 122 187 196 295 306 307 314 375 451 456 479 516 519 520 537 580 608 635 655 717 776 826 882 903 916 
2 4 53 54 109 127 140 234 258 267 343 382 419 431 442 494 514 576 612 626 631 733 819 834 838 852 853 868 884 
84 89 96 213 251 262 263 289 429 474 482 503 506 533 607 609 629 641 662 720 732 775 779 821 850 861 869 933 
63 110 242 296 312 386 407 434 440 452 460 497 507 546 565 575 632 653 683 722 757 817 831 872 923 928 945 955 
18 57 97 134 209 243 248 315 323 366 385 443 445 461 464 469 476 487 549 602 649 671 701 725 766 807 
21 132 166 202 227 255 257 316 319 325 328 360 369 387 398 481 515 650 669 684 709 747 772 781 840 
66 77 107 182 206 235 279 294 364 390 392 447 590 622 636 685 688 707 724 736 824 827 907 924 
26 45 48 58 74 87 101 123 142 159 184 214 230 254 280 330 408 499 510 513 610 628 856 864 
72 88 105 193 201 225 239 276 348 358 396 730 771 822 851 874 987 
