1 2 3 4 12 18 28 36 44 48 69 72 81 88 107 110 116 119 122 153 155 156 181 190 192 198 201 210 218 225 253 260 267 278 284 318 349 351 353 373 375 383 390 408 416 420 429 431 432 433 449 459 462 471 476 496 501 505 512 526 529 539 544 546 559 560 570 575 577 578 587 589 597 602 618 621 627 643 660 683 685 692 715 721 739 743 748 750 755 776 780 787 797 800 806 825 828 862 864 865 878 919 926 947 952 961 974 988 989 993 999 
0 5 7 8 10 13 19 22 30 31 32 33 40 53 56 70 76 84 89 94 99 104 109 111 123 130 136 143 150 152 154 158 167 184 197 207 208 215 221 224 227 228 231 244 297 321 326 328 333 338 352 366 374 387 395 396 397 398 400 418 426 437 443 467 491 493 498 504 509 516 519 543 545 550 607 645 648 649 661 666 669 675 703 711 719 731 758 770 772 779 811 820 824 832 860 861 870 877 888 892 900 904 908 917 948 
6 34 37 41 42 59 60 62 63 74 87 95 101 105 108 120 147 151 172 194 202 212 213 222 230 235 252 265 274 275 282 288 292 310 313 363 399 401 402 411 413 422 423 452 455 458 463 466 488 492 497 502 517 555 563 567 572 603 624 630 640 650 651 652 655 656 665 667 678 698 699 709 728 730 741 745 759 768 771 775 781 786 805 827 838 842 851 853 875 876 887 890 913 916 921 922 936 951 953 970 984 998 
23 47 57 64 65 73 83 97 100 103 114 128 137 138 140 163 168 170 175 180 186 188 191 199 209 216 232 240 243 264 285 311 320 360 385 393 410 425 438 445 453 454 460 470 478 481 485 515 522 524 540 551 557 569 599 615 616 617 634 646 647 663 676 677 688 697 705 714 727 733 746 752 774 778 782 784 792 804 808 813 817 818 856 879 885 894 895 905 924 945 950 955 957 975 980 
16 20 25 38 45 49 51 61 86 92 121 124 142 149 160 171 173 174 176 220 247 270 272 280 283 293 296 300 303 304 312 325 343 344 350 362 364 367 368 389 404 405 412 414 421 439 440 450 461 469 477 489 500 511 518 541 576 581 588 592 610 629 638 639 654 673 674 679 704 722 726 749 764 766 803 814 835 837 872 886 896 897 899 910 915 925 930 940 956 964 972 973 977 981 
9 26 54 58 68 80 117 118 129 131 145 164 177 185 189 195 205 214 234 245 246 256 257 276 306 309 316 322 324 329 331 339 341 348 356 378 394 415 446 456 464 487 508 510 525 531 535 547 561 583 595 596 609 626 644 662 702 707 736 795 812 841 847 857 867 871 873 874 881 882 903 912 920 931 932 939 941 971 976 982 983 985 987 994 997 
15 50 77 79 96 102 113 115 132 134 157 159 178 182 187 193 196 206 229 238 268 269 295 317 330 340 342 358 369 391 419 435 447 451 468 482 507 532 606 611 622 625 637 642 658 671 672 680 682 686 694 710 713 725 734 747 757 765 769 777 788 801 810 815 826 830 844 901 902 928 937 938 959 979 991 995 
29 46 91 112 127 148 223 251 266 279 290 299 307 327 336 347 355 365 380 388 409 417 441 444 472 474 479 483 484 533 566 573 579 590 598 604 628 657 668 684 701 708 718 723 754 760 762 809 839 840 843 846 859 884 914 935 944 946 960 965 
11 52 85 93 133 139 141 161 162 237 241 249 261 263 271 294 305 315 323 359 370 371 406 427 490 521 530 536 558 562 564 600 601 605 614 633 641 659 717 724 738 763 789 790 793 822 849 854 866 869 918 927 949 958 967 968 978 986 992 
27 35 67 71 82 125 183 204 233 236 250 255 298 308 334 381 386 430 448 473 513 514 553 554 580 585 586 593 620 635 664 670 696 720 729 753 767 783 785 798 799 816 829 868 889 909 934 942 943 954 962 963 966 
24 55 75 78 90 106 165 166 211 219 226 239 254 277 281 291 314 345 376 379 407 424 434 442 486 495 548 549 568 574 584 591 612 632 653 681 687 690 700 716 744 756 796 823 834 848 880 883 891 923 929 990 
169 179 200 259 319 337 354 357 382 384 403 457 465 475 494 520 537 556 565 594 619 623 631 691 712 740 773 807 821 833 836 906 933 996 
14 17 66 126 135 144 217 248 262 273 335 346 377 499 538 608 636 695 706 735 737 742 761 791 794 831 845 850 852 855 893 969 
21 39 43 98 146 203 242 258 286 301 302 361 372 392 503 527 528 534 542 552 571 689 693 863 
287 289 332 428 436 480 506 523 582 613 732 751 802 819 858 898 907 911 
