6 19 26 32 35 45 93 97 98 122 158 184 201 222 247 252 253 290 297 301 302 313 328 338 350 366 371 390 400 411 422 424 425 440 444 476 480 482 494 518 523 524 542 552 561 587 589 597 602 604 608 617 625 638 651 683 684 691 713 718 727 731 733 745 746 748 752 770 781 797 847 854 860 861 873 895 926 953 956 965 982 998 
14 21 46 59 60 67 92 96 119 134 135 155 156 164 169 204 208 211 219 221 224 228 232 236 293 304 310 312 316 317 351 362 382 404 419 426 428 435 453 456 462 471 493 516 532 545 554 572 579 582 588 599 606 636 659 661 688 696 709 735 751 754 756 803 834 837 851 859 876 930 966 978 995 
0 2 27 52 81 87 89 132 168 200 207 242 254 262 299 307 336 344 346 363 386 417 431 443 447 448 466 473 488 497 499 500 513 517 527 546 557 585 601 613 632 633 635 658 663 671 673 723 742 760 771 783 787 800 801 826 844 869 878 890 906 919 920 932 950 968 971 983 997 
9 16 29 48 53 64 65 82 94 104 108 137 139 159 162 175 178 181 189 199 217 220 234 268 280 305 348 357 370 376 394 402 429 442 508 510 519 526 530 580 627 643 648 654 701 721 743 757 767 782 789 794 818 832 840 845 862 863 875 885 899 900 909 913 959 975 977 993 
5 8 12 15 23 25 91 101 103 121 124 127 151 179 182 192 223 227 261 271 272 287 291 298 314 315 345 379 389 408 420 436 439 450 458 477 487 496 502 505 525 549 551 556 559 577 595 609 669 678 681 697 704 796 839 846 881 905 927 941 948 962 963 985 989 
20 31 37 57 83 84 100 144 145 165 190 218 260 277 285 300 311 340 356 385 441 445 457 464 467 469 472 498 507 533 539 548 563 574 578 592 593 615 626 630 644 699 703 707 717 719 759 766 784 792 793 852 855 866 883 889 917 921 928 974 984 994 
17 40 54 56 61 73 79 111 116 185 186 239 246 248 270 279 306 341 342 369 398 403 410 434 449 485 495 501 515 538 562 583 591 620 653 665 667 680 687 689 698 732 750 758 776 779 809 811 814 819 825 828 833 836 864 884 887 916 938 955 
22 36 50 63 70 107 114 136 152 170 209 245 318 377 397 399 401 465 481 483 511 528 529 531 555 569 570 571 600 607 646 672 674 677 686 695 729 736 737 749 764 768 777 786 804 812 822 831 867 877 886 903 912 914 915 937 939 954 988 
3 10 28 41 95 118 123 130 131 141 143 154 161 180 212 229 235 244 256 265 273 274 278 286 320 327 333 343 354 355 406 407 432 460 489 509 560 567 612 616 624 666 679 740 744 762 820 827 849 858 901 907 942 945 986 990 999 
80 99 113 117 120 126 129 138 194 214 237 238 240 249 308 319 331 335 360 364 365 372 388 415 486 504 534 536 540 621 631 655 656 660 682 690 714 722 728 739 778 785 841 865 874 896 923 967 970 972 979 991 
44 66 102 112 140 153 160 167 173 197 202 206 267 283 294 322 323 326 349 353 374 395 437 455 468 484 522 535 541 543 544 550 558 586 623 650 662 702 705 708 711 775 780 810 843 848 850 904 910 911 924 
47 51 76 77 88 106 147 149 157 166 174 187 215 230 251 275 303 325 347 392 409 412 416 438 565 596 605 614 647 652 657 670 676 741 755 763 805 808 879 882 888 902 929 940 949 958 980 996 
7 13 39 43 72 85 86 90 115 128 177 205 257 264 269 352 361 384 391 418 430 454 474 490 491 514 537 553 568 618 641 642 645 693 726 761 795 802 807 815 829 830 893 934 
24 69 176 188 233 255 258 276 282 324 330 332 334 368 375 380 381 383 387 413 452 459 478 479 503 564 575 576 628 629 675 724 738 798 823 880 892 894 898 931 943 987 992 
33 38 42 49 62 74 142 183 226 296 396 405 423 446 451 470 566 573 581 603 611 622 639 640 685 700 773 788 806 821 835 872 891 908 918 935 976 
1 11 34 105 172 195 198 213 216 225 243 284 309 321 339 359 373 378 521 590 594 610 637 664 720 730 817 824 853 857 922 964 
68 146 171 196 210 231 241 250 259 329 337 358 461 506 619 634 649 694 747 769 774 799 813 816 842 856 933 946 947 951 
18 55 58 75 150 203 266 281 288 292 367 393 414 421 433 475 492 520 547 584 710 712 725 765 772 936 944 960 961 
4 30 109 133 163 191 193 263 289 295 463 512 692 706 715 734 753 790 871 925 952 957 973 
71 78 110 125 148 427 598 668 716 791 838 868 870 897 969 981 
