4 9 12 13 21 23 27 32 44 45 49 59 61 70 79 104 106 108 116 139 141 158 160 174 190 203 212 216 229 243 249 258 267 269 272 285 297 301 303 316 320 321 323 333 341 355 360 361 368 369 381 390 395 405 410 415 416 431 448 464 473 478 480 497 505 511 545 548 554 573 574 578 612 620 622 632 633 652 657 661 683 685 695 713 745 759 764 765 770 775 780 786 800 814 820 836 843 853 855 857 872 873 885 888 892 903 908 914 975 977 981 
5 7 18 19 24 36 38 42 51 53 95 117 127 132 134 135 140 147 176 177 178 218 220 221 234 265 276 294 296 306 307 315 317 325 365 373 375 380 403 406 422 425 443 445 447 471 535 539 557 570 583 592 596 609 614 621 627 634 637 642 646 654 666 672 673 690 701 702 720 726 737 751 760 774 777 782 799 801 806 810 811 821 831 835 840 856 863 868 881 886 891 895 900 906 942 954 955 959 962 963 976 
1 16 29 30 64 72 111 112 133 148 188 192 193 194 196 197 199 209 215 231 247 271 286 293 295 312 337 343 348 364 366 374 386 388 396 411 419 457 458 474 476 486 488 514 529 538 540 553 555 556 559 560 575 593 600 601 602 607 610 616 624 641 670 676 681 687 692 694 705 708 714 725 746 747 750 752 767 789 795 817 823 826 832 837 847 867 876 877 878 882 887 901 915 924 932 934 949 951 990 995 
2 6 31 46 54 69 74 76 90 98 100 109 118 119 129 131 137 138 145 149 161 179 185 187 205 206 214 217 230 240 262 288 298 302 310 319 326 329 332 345 351 377 385 391 394 412 428 436 438 441 452 453 456 462 468 477 481 491 492 537 562 565 568 591 595 611 615 638 647 649 688 689 696 707 743 749 769 771 781 791 816 830 849 861 870 894 902 904 905 918 926 927 935 941 978 
3 33 39 48 62 89 153 162 168 184 195 202 204 207 241 252 278 282 284 309 335 336 338 342 363 378 387 398 429 432 433 435 437 463 467 469 472 490 494 495 498 504 528 536 542 544 547 550 561 585 605 636 640 643 645 648 650 659 660 674 710 715 722 724 740 742 753 757 768 784 785 788 790 794 802 825 833 838 852 860 879 907 937 966 968 971 982 985 987 994 996 997 
0 8 10 17 25 26 28 47 55 78 80 87 91 97 102 120 126 163 186 211 224 244 266 322 328 350 352 354 356 367 370 383 423 444 446 454 512 518 520 521 532 541 606 618 625 630 658 662 663 697 704 719 721 733 741 744 748 758 763 779 787 796 809 815 819 828 850 859 862 869 896 931 933 938 943 947 950 973 988 992 999 
20 71 94 156 181 182 191 222 248 253 254 264 308 330 334 346 357 371 384 392 402 426 460 466 470 482 484 499 507 508 513 517 519 525 534 567 569 582 584 588 613 628 631 644 653 655 677 678 684 693 698 700 717 723 732 735 754 755 793 798 804 807 808 824 841 844 848 874 884 897 922 928 940 953 956 957 965 974 984 998 
40 52 56 58 68 83 85 86 93 96 123 150 157 164 172 173 175 200 239 250 270 273 277 289 299 313 327 339 347 353 359 379 407 409 414 440 461 479 485 506 516 527 531 549 552 572 576 580 581 594 597 599 604 623 651 665 669 691 712 728 730 734 766 772 792 803 818 827 829 858 871 889 898 952 964 969 983 
22 34 37 60 67 73 75 103 114 130 142 154 159 170 180 183 210 219 225 233 235 242 256 275 291 305 314 318 344 349 358 397 399 400 401 421 430 434 455 487 493 496 501 502 509 546 563 564 590 603 639 686 729 736 761 762 778 834 846 899 910 925 929 960 961 986 991 
35 41 77 84 88 92 101 105 110 144 151 152 165 171 189 198 208 226 237 263 274 279 281 287 292 372 382 393 404 420 424 427 439 450 451 465 483 500 503 510 515 551 587 617 656 664 667 671 731 776 797 805 812 822 851 865 911 912 917 923 939 945 979 980 
14 15 63 65 66 99 115 121 122 124 128 136 155 166 167 201 213 223 227 228 232 236 245 257 280 300 311 331 340 362 376 408 417 442 459 475 489 523 533 543 579 598 626 635 680 682 703 709 711 718 727 756 842 854 875 880 920 958 967 970 972 
50 82 113 255 259 260 283 324 558 571 608 619 668 679 699 739 864 890 936 944 948 989 993 
43 107 143 251 268 290 413 524 530 566 577 629 706 773 883 893 916 919 930 946 
57 81 169 238 246 261 389 586 589 675 716 738 783 813 913 
11 125 146 304 418 449 522 526 839 845 866 909 921 
