4 10 12 17 28 58 75 79 84 92 108 158 174 177 180 185 200 216 217 232 266 279 316 355 375 377 400 410 411 429 441 466 472 474 502 509 519 532 538 569 579 603 617 632 659 664 689 702 720 747 777 786 794 798 801 812 825 871 879 881 893 895 896 903 905 906 911 914 923 931 935 946 952 958 959 963 969 980 987 
15 29 49 59 67 68 73 80 82 137 139 161 209 220 226 227 306 334 340 361 389 416 428 434 456 491 498 503 505 528 535 539 560 591 601 604 612 629 656 657 665 669 677 691 725 733 782 785 791 803 804 806 839 842 856 876 882 889 898 907 917 925 941 
0 14 23 31 40 63 90 105 116 121 143 156 181 187 211 241 249 261 268 271 288 309 317 330 353 367 369 397 448 471 477 478 494 524 537 540 586 592 606 626 644 668 674 675 678 686 687 726 738 755 784 792 800 846 870 892 894 934 964 981 994 
6 41 54 61 111 119 140 144 148 151 169 171 179 192 201 213 223 243 283 313 343 350 372 417 451 460 465 469 480 484 486 515 525 529 534 600 628 630 636 642 676 696 715 745 746 752 765 774 783 793 833 857 862 880 897 912 920 947 949 962 966 
5 24 26 32 45 50 89 93 97 110 126 127 132 142 182 188 210 224 225 229 233 248 253 262 278 291 337 349 379 421 426 430 467 482 577 611 615 616 620 635 639 643 700 709 716 741 799 816 850 853 890 891 900 922 930 942 954 967 988 
3 20 46 74 78 94 117 133 150 153 168 237 289 301 307 308 314 315 342 351 360 365 382 403 427 432 446 453 457 483 485 493 504 550 571 574 595 609 618 651 658 684 685 711 717 724 734 779 790 802 805 822 828 844 861 867 902 938 975 
37 70 88 103 107 112 131 136 147 175 184 205 207 234 242 254 339 344 348 352 366 384 385 387 424 436 470 481 543 555 567 576 596 627 641 649 655 670 690 713 719 735 743 772 796 797 835 863 864 868 873 883 884 932 937 961 992 996 
9 21 60 120 189 195 208 228 247 258 270 277 281 284 290 302 304 326 328 381 386 438 459 473 475 487 488 510 516 518 521 554 566 588 590 633 648 663 673 697 698 703 768 813 818 826 841 885 913 976 977 984 990 999 
25 52 65 85 100 113 154 191 231 252 256 272 274 294 297 318 331 356 362 380 383 388 394 398 433 454 461 479 489 497 506 512 522 570 619 621 645 654 683 694 699 701 749 759 766 770 811 824 830 834 845 909 915 971 
18 51 55 71 104 125 134 155 172 173 193 204 238 250 259 300 310 345 357 373 378 392 496 499 501 520 553 556 559 573 585 587 599 646 660 662 672 706 710 736 739 750 761 771 778 795 807 810 815 852 904 944 956 
36 38 39 64 66 118 124 130 135 178 190 219 235 239 282 311 312 319 368 370 390 396 406 409 415 420 440 445 462 468 490 492 513 530 533 582 594 602 624 661 679 740 753 780 781 809 836 843 860 939 955 
2 11 77 86 123 157 162 165 167 183 221 222 251 257 264 269 273 303 305 322 329 358 359 405 458 500 562 581 666 682 704 723 758 776 814 819 823 837 838 840 847 858 875 886 887 888 901 910 918 919 986 
7 13 42 62 72 99 101 109 115 170 263 286 321 341 354 435 439 444 455 531 544 561 580 625 647 681 693 705 712 722 729 730 757 764 769 773 820 872 874 916 927 968 970 982 989 991 995 
16 19 44 47 91 164 186 202 203 218 230 260 285 324 325 336 338 374 376 412 418 422 423 437 536 541 551 578 589 605 610 631 688 742 754 760 762 788 817 831 832 899 929 951 973 974 998 
22 43 76 95 98 114 138 166 199 292 296 364 399 407 431 442 514 523 546 548 552 593 608 623 640 650 680 692 714 728 751 869 926 950 953 985 
1 30 48 56 69 149 176 255 275 276 287 323 333 335 346 363 371 443 450 464 527 545 557 572 634 637 652 653 718 775 829 854 943 945 957 
33 57 81 146 196 197 240 244 298 347 393 395 408 452 463 511 526 558 614 667 707 708 721 732 767 851 855 865 908 936 965 972 978 979 997 
27 35 53 87 128 129 152 159 198 214 246 267 293 299 320 332 413 414 447 449 495 568 622 737 748 763 848 877 924 993 
34 96 106 122 141 163 194 206 215 265 295 507 565 575 583 613 727 731 789 821 827 928 933 940 
8 212 280 391 402 404 476 517 542 564 598 607 744 787 808 859 948 
145 160 236 245 327 419 425 549 584 638 671 960 983 
83 102 401 563 597 695 756 849 866 878 
508 547 921 
