11 16 24 34 41 47 88 91 126 142 164 165 181 185 253 261 264 303 309 335 347 348 349 352 366 371 412 496 497 503 548 559 579 605 611 621 638 642 643 654 702 716 723 745 761 787 796 835 847 863 883 908 928 943 948 962 
5 8 29 49 50 75 99 117 178 212 221 224 245 246 257 288 296 318 336 353 365 369 378 407 409 421 459 473 501 507 526 539 583 587 600 604 626 655 665 670 735 739 747 764 780 786 793 834 862 869 871 888 895 939 965 
2 10 22 57 64 68 78 82 95 101 145 173 189 204 214 223 240 254 328 358 360 374 398 420 505 523 535 557 563 566 574 595 599 613 622 630 644 668 760 795 816 826 921 926 954 960 967 
1 73 76 87 131 133 157 167 168 174 222 256 278 280 315 376 410 414 448 493 495 534 544 567 585 597 640 647 709 728 746 765 781 789 799 822 827 878 887 891 907 931 953 976 
0 37 48 63 65 66 83 85 109 111 121 153 197 202 242 312 323 332 350 351 362 380 384 401 443 476 573 676 710 748 766 779 801 836 865 870 872 944 945 972 
6 21 36 39 44 56 71 79 106 107 116 183 234 248 250 273 282 317 321 425 447 455 477 510 520 521 653 663 685 700 720 790 797 828 842 897 923 934 955 
70 103 120 125 136 154 196 251 262 266 290 298 302 307 327 377 396 406 418 454 468 529 592 625 634 637 649 688 694 706 733 800 812 819 854 956 985 987 988 
14 18 43 51 102 141 152 235 286 333 344 359 397 426 427 431 432 435 466 472 488 515 525 527 560 607 609 632 658 701 712 751 860 861 978 979 980 997 
28 90 104 140 177 180 213 270 340 370 403 404 458 479 504 518 537 577 659 677 734 736 743 825 831 851 873 877 884 893 913 938 966 992 994 998 999 
53 92 113 124 228 239 285 294 308 320 325 345 354 379 382 386 387 392 415 419 430 457 486 522 580 616 695 791 792 811 868 881 912 940 957 983 
23 59 130 159 162 172 205 231 274 305 436 441 474 475 478 481 552 568 620 624 648 717 721 726 750 775 783 808 813 846 855 892 899 949 950 
9 80 112 114 119 127 150 156 188 215 217 225 265 462 464 484 513 514 516 536 570 594 601 681 749 770 882 898 915 920 925 946 981 
13 67 98 143 163 182 186 195 263 299 334 343 361 372 411 542 575 582 680 686 696 703 731 737 742 782 838 916 973 986 990 
69 122 171 184 199 201 207 218 238 339 385 408 438 439 446 498 499 502 508 540 608 667 718 719 805 832 848 894 963 991 
26 42 46 54 93 115 135 233 237 279 311 338 342 357 416 417 444 469 551 661 674 683 715 754 778 817 833 905 959 
84 137 169 170 176 194 198 216 220 341 363 381 383 445 451 471 509 545 561 628 629 633 656 763 773 807 859 889 902 
20 33 60 147 191 192 193 211 301 346 395 424 483 506 532 547 610 636 666 669 740 771 774 802 810 818 885 927 
38 45 244 260 289 292 297 319 422 517 549 590 603 615 645 678 699 729 753 815 845 850 856 857 900 935 951 971 
7 58 155 160 187 190 208 232 355 367 390 393 429 480 487 492 512 524 569 586 675 691 744 772 858 906 933 968 
30 74 138 149 219 229 230 247 249 252 268 291 295 304 313 337 388 405 437 463 588 596 652 690 759 785 910 918 
35 62 100 166 258 283 314 316 326 329 428 433 470 485 494 500 578 614 684 707 741 758 880 886 917 
15 89 129 134 200 203 236 243 269 300 306 331 482 519 538 581 619 639 711 713 875 911 942 989 
128 139 175 226 275 434 449 467 489 550 612 641 650 657 730 732 769 788 794 867 937 941 964 
40 61 148 259 272 368 375 402 528 533 546 554 598 646 673 806 809 821 823 830 874 922 982 
3 32 55 110 151 227 241 267 271 389 394 465 627 635 671 725 727 756 777 837 853 929 
12 25 31 77 276 310 490 531 541 553 562 722 767 768 803 804 814 852 890 909 961 975 
96 118 144 158 456 564 672 698 708 757 762 798 820 829 839 866 904 919 947 952 996 
52 105 132 179 209 330 364 373 452 460 461 565 584 591 631 724 738 914 977 995 
123 287 324 391 399 442 450 453 558 589 593 623 679 755 824 844 864 903 932 
4 17 210 255 284 440 556 618 660 697 714 752 784 876 896 924 958 984 
97 146 277 281 400 413 491 511 571 576 602 687 689 692 776 843 879 974 
27 72 86 108 161 206 530 572 606 617 651 662 704 705 840 849 936 970 
19 81 94 293 322 356 423 543 555 664 682 693 841 901 930 969 993 
