3 4 26 54 90 137 145 153 161 168 184 214 241 266 278 282 284 310 335 336 342 383 394 412 432 438 456 463 467 472 498 528 542 547 585 595 605 636 643 650 674 722 768 771 781 784 788 802 825 830 849 879 885 907 918 937 968 971 982 985 994 997 
5 7 18 19 24 38 42 51 132 140 147 178 220 221 276 296 306 307 315 317 365 375 403 406 422 445 447 471 535 570 592 614 621 627 637 654 666 673 690 726 737 751 760 777 799 801 811 835 856 863 868 881 886 891 895 900 955 959 976 
46 76 100 109 129 143 149 194 213 231 298 319 332 348 371 441 453 457 458 462 481 486 488 501 519 537 538 553 556 562 565 607 610 615 638 641 670 688 689 705 743 749 769 789 791 837 847 870 877 882 901 926 927 935 949 
40 52 56 68 83 164 171 172 173 175 250 270 277 321 347 360 379 407 409 440 461 527 549 552 561 572 576 580 581 594 604 623 646 651 659 665 712 730 734 742 766 772 818 827 858 860 889 964 
25 28 33 39 62 89 116 162 195 202 204 207 252 309 338 363 378 387 429 433 435 437 469 490 494 536 544 550 640 645 660 710 715 724 740 753 757 790 794 833 838 852 938 966 987 996 
9 13 44 50 82 113 139 249 255 259 260 283 293 320 324 361 402 405 448 473 504 554 558 571 608 619 630 661 668 679 699 739 765 770 786 853 864 888 890 932 936 944 948 989 993 
27 32 45 61 70 108 141 160 190 203 229 243 269 272 285 297 303 323 333 353 355 368 369 390 395 410 415 431 478 479 497 505 574 612 633 683 713 780 820 836 872 873 977 988 
63 65 86 87 115 122 155 166 223 232 236 257 280 299 300 311 325 340 356 376 408 489 533 543 579 588 598 626 635 680 682 703 711 718 727 741 842 848 875 920 967 970 972 999 
22 34 37 49 55 60 67 80 134 154 183 200 210 219 225 233 235 239 275 314 344 349 358 397 398 400 401 430 509 590 649 686 729 736 773 778 787 819 834 846 899 925 929 
35 41 69 88 92 101 105 110 151 152 165 198 263 274 281 287 292 339 372 382 393 404 424 450 465 483 515 555 617 639 664 667 731 733 763 812 824 865 912 917 939 979 980 
12 21 23 59 104 106 158 174 209 212 216 258 301 316 341 381 416 464 480 511 545 548 573 578 620 622 632 652 695 745 759 764 775 800 814 843 857 892 903 908 914 975 981 
16 29 30 64 111 123 133 148 193 199 271 286 312 327 337 366 367 386 388 396 476 514 540 560 575 593 602 616 681 708 725 746 747 752 767 817 826 867 876 924 934 995 
2 6 31 58 79 96 98 118 119 131 138 179 185 187 205 206 217 230 240 262 288 345 351 377 385 428 436 444 468 491 492 568 611 696 707 816 894 902 904 941 978 
36 48 53 95 117 127 135 159 176 177 218 227 234 265 294 373 380 425 443 539 557 583 596 609 634 642 672 701 702 720 774 782 806 810 821 840 906 942 954 962 963 
1 72 112 188 192 196 197 215 247 295 302 343 364 374 389 411 419 474 495 529 559 600 601 624 647 676 687 694 714 750 795 823 832 878 887 915 951 990 
73 74 75 103 114 130 142 170 180 242 256 291 305 318 326 329 391 399 434 452 455 487 493 496 502 546 563 564 603 761 762 861 910 960 961 986 991 
8 78 91 120 244 322 328 354 414 446 521 541 606 625 658 662 663 704 719 758 796 815 828 850 859 862 869 896 931 943 947 973 
14 15 66 99 121 124 128 136 150 167 201 228 245 289 331 362 417 427 459 475 523 657 671 677 709 756 829 831 854 880 958 
77 84 144 189 208 226 237 279 439 442 451 500 503 510 512 551 587 591 618 656 692 776 797 822 851 905 911 923 945 992 
71 248 267 334 346 384 421 426 466 482 499 507 534 613 653 678 684 685 693 798 804 841 855 874 940 956 965 974 984 998 
0 10 17 47 97 102 126 163 186 211 224 350 352 370 423 454 518 520 532 697 721 744 748 779 809 933 950 
20 94 156 181 222 308 330 357 470 477 484 508 517 582 631 700 732 755 793 884 897 922 928 953 
182 191 253 254 264 392 460 513 525 567 569 584 628 644 655 698 717 723 735 754 807 808 844 957 
85 93 157 273 313 359 485 506 516 531 597 599 669 691 728 792 803 871 898 952 969 983 
43 107 251 268 290 413 524 530 566 577 629 706 883 893 916 919 930 946 
11 125 146 304 418 420 449 522 526 785 805 839 845 866 909 921 
57 81 169 238 246 261 586 589 648 675 716 738 783 813 913 
