10 35 42 43 55 71 86 96 100 107 129 141 158 165 192 208 220 232 295 347 357 382 386 411 420 437 448 480 503 513 601 611 629 644 648 718 744 760 780 787 791 797 809 812 821 823 844 882 889 902 916 948 
48 62 66 81 102 109 115 122 126 131 143 151 153 154 157 168 198 221 252 254 261 294 323 393 431 455 475 487 502 512 542 559 609 673 685 715 732 758 768 794 795 811 822 825 833 841 907 944 949 
8 13 23 31 58 84 134 145 163 203 213 214 223 229 244 297 308 309 315 325 351 396 398 404 470 514 558 564 591 627 642 650 655 693 702 736 753 756 779 831 856 862 909 922 963 990 999 
50 93 95 118 139 161 164 170 179 186 189 202 209 219 224 250 306 311 318 322 375 387 403 417 438 477 478 492 540 557 576 579 616 694 704 708 722 726 789 820 826 828 928 951 
2 76 111 188 206 242 248 253 274 291 292 328 360 363 364 378 379 435 445 446 454 460 523 570 580 604 607 649 668 741 754 762 777 848 849 857 873 891 901 937 965 978 995 997 
29 56 73 79 177 197 211 240 247 260 269 304 313 340 346 412 439 444 451 458 527 529 555 562 653 667 706 709 710 748 775 814 819 870 905 906 926 933 976 
6 28 63 94 105 175 199 268 287 317 319 337 365 399 441 498 501 526 530 532 572 596 600 606 619 640 661 692 699 725 750 806 830 839 855 877 890 903 993 
7 46 64 83 117 127 146 173 210 226 245 246 290 310 342 353 429 464 486 521 544 656 665 697 742 769 781 785 798 804 836 879 904 959 967 970 984 
12 60 69 97 119 121 135 180 212 277 285 300 327 352 394 415 453 483 495 499 508 536 612 622 639 646 677 713 714 745 786 801 803 813 875 941 
0 4 20 24 25 39 41 149 193 194 259 272 329 383 418 447 456 465 466 488 500 505 594 623 674 688 691 696 727 728 743 778 802 871 925 957 
14 33 44 49 61 68 78 85 137 155 156 185 187 191 289 296 316 395 426 471 472 582 636 678 730 751 783 843 851 876 880 881 943 988 
123 152 159 195 280 284 305 370 423 424 449 510 525 615 617 664 698 712 719 737 776 837 845 872 910 918 920 927 966 969 979 985 991 
104 172 181 233 267 303 326 405 430 463 467 489 515 528 539 546 549 556 578 595 643 645 666 671 679 683 721 731 863 900 932 958 998 
22 38 53 108 147 174 178 196 230 235 251 307 320 333 389 390 473 522 543 554 565 588 589 590 618 641 687 892 895 898 912 940 975 
9 32 40 52 99 106 136 160 205 234 266 293 339 350 369 371 372 392 479 493 506 519 593 603 663 759 818 865 874 878 883 977 
57 87 204 222 256 298 361 381 388 391 428 462 490 496 520 534 592 598 630 633 700 723 763 784 796 815 884 921 934 960 
1 15 110 184 200 275 279 283 302 332 344 355 366 368 376 410 433 476 548 569 597 689 735 755 770 886 914 955 987 992 
11 120 133 162 227 237 270 281 321 336 377 384 414 474 504 635 729 740 746 765 782 790 808 838 850 893 931 952 953 
3 27 77 166 169 182 217 218 338 341 356 413 432 497 573 584 659 670 703 772 793 807 859 885 897 980 996 
5 21 116 132 144 167 249 262 348 349 385 406 408 421 436 550 551 563 567 577 628 672 747 761 867 935 983 
26 45 47 65 72 114 130 255 276 362 373 397 422 440 459 468 485 511 516 575 620 621 669 888 896 919 936 
36 37 90 201 228 286 288 330 343 345 407 481 553 560 657 680 681 733 752 766 771 832 861 954 961 962 989 
19 91 113 124 128 207 258 314 354 358 359 442 484 509 517 535 537 538 574 608 610 858 894 899 913 939 
17 75 125 264 273 278 507 518 587 626 632 634 652 676 705 720 757 773 800 805 840 846 854 908 945 947 
34 51 59 80 89 150 238 282 367 380 419 427 568 571 599 602 605 631 690 764 799 824 842 853 972 
92 142 215 241 271 400 402 434 566 583 585 647 654 675 682 711 717 734 767 816 911 942 964 971 982 
88 103 140 176 236 374 450 452 531 533 638 658 660 695 707 716 834 860 864 869 887 915 974 994 
67 70 138 183 190 225 257 263 301 334 409 461 494 524 625 684 738 827 847 923 946 950 973 986 
16 18 30 74 82 98 171 231 243 265 299 312 469 491 545 552 581 586 651 749 774 917 930 
101 112 148 216 239 324 331 416 425 457 482 614 624 637 739 792 810 829 835 924 938 956 
54 335 401 443 541 547 561 613 662 686 701 724 788 817 852 866 868 929 968 981 
