0 1 2 11 27 49 52 68 81 87 89 117 132 146 168 171 175 196 200 207 210 231 237 241 242 250 254 259 262 268 296 299 307 311 329 336 337 344 346 349 358 363 386 388 417 431 443 447 448 461 466 473 488 497 499 506 510 513 517 546 557 577 585 590 601 613 619 632 633 634 635 649 658 663 671 673 694 723 742 747 760 769 771 774 781 783 787 799 800 801 813 816 826 835 842 844 856 869 878 890 906 919 920 924 932 933 946 947 950 951 968 971 983 997 
3 26 32 38 40 42 45 54 63 71 76 78 79 94 97 102 111 116 125 136 148 154 158 172 184 185 202 248 252 253 279 290 301 302 306 320 338 341 343 371 400 401 403 406 425 427 434 437 449 459 468 476 480 482 494 501 509 515 524 542 561 562 598 608 612 625 651 668 677 687 690 691 698 716 727 729 732 733 745 746 748 752 762 770 791 809 811 814 819 825 833 836 838 858 860 864 865 868 870 884 887 897 907 916 926 938 953 969 981 988 
6 17 24 51 56 69 73 122 144 145 165 176 188 220 246 255 258 270 276 277 282 285 297 300 324 330 332 334 340 356 368 380 381 383 385 387 398 410 413 440 441 444 445 452 457 464 472 478 479 485 495 498 534 538 539 548 563 564 575 576 583 591 592 615 620 628 629 630 644 653 665 667 675 679 680 689 699 706 707 724 738 750 759 766 776 779 784 793 798 806 823 828 855 866 880 885 889 892 894 917 928 931 943 955 974 987 992 994 
5 8 12 15 16 23 25 64 91 100 101 108 121 124 127 137 151 179 181 182 189 192 217 223 227 247 261 271 272 287 291 298 305 313 314 315 345 348 357 370 379 389 394 408 420 429 436 439 442 450 458 477 487 496 500 502 503 505 508 519 525 530 549 551 556 559 574 580 609 643 645 648 654 669 678 681 697 701 702 704 717 721 767 782 789 796 818 832 839 840 845 846 863 881 898 905 913 915 927 941 948 962 963 975 985 989 993 
7 13 19 28 33 39 43 61 62 72 80 85 86 90 98 99 103 104 110 115 120 126 128 129 194 205 214 238 239 240 257 264 269 278 331 352 354 360 361 364 365 372 384 391 397 415 418 430 454 474 490 491 504 527 536 537 553 568 578 587 595 618 631 637 641 642 655 714 722 726 739 740 755 761 778 795 802 807 815 820 829 830 841 847 874 893 923 934 967 970 972 979 991 999 
9 18 29 36 48 53 55 58 65 70 75 82 107 139 143 150 152 159 162 173 178 190 199 201 203 206 229 234 266 280 281 288 292 367 374 376 377 390 393 402 421 433 465 475 481 492 507 511 520 526 531 547 570 584 600 627 646 662 686 710 725 731 736 743 749 757 765 768 772 777 786 794 804 812 822 831 862 867 875 877 886 899 900 903 909 914 936 939 944 959 960 961 977 
10 22 41 57 74 83 93 95 114 118 123 130 141 142 147 161 180 183 212 226 235 244 256 263 265 286 303 327 333 335 347 396 405 407 414 423 432 446 451 460 470 483 489 560 567 573 581 602 603 611 616 622 624 638 639 640 684 685 700 712 744 773 788 821 827 849 872 891 901 908 918 935 942 945 976 986 990 
14 21 46 59 60 67 92 96 119 134 135 155 156 164 169 204 208 209 211 218 219 221 224 228 232 236 293 304 310 312 316 317 351 362 369 382 404 419 426 428 435 453 456 462 471 493 516 532 545 554 572 579 582 588 599 606 636 659 661 688 696 709 735 751 754 756 803 834 837 851 859 876 930 966 978 995 
47 88 106 113 131 138 149 157 166 174 186 187 215 230 233 249 251 275 308 318 319 321 325 342 355 375 392 409 412 416 438 486 540 565 596 605 610 614 621 647 652 656 657 660 670 676 682 728 737 741 763 785 805 808 879 882 888 896 902 929 940 949 958 980 996 
4 30 34 66 77 109 112 133 140 153 160 163 167 191 193 197 213 273 274 283 289 294 295 323 326 339 395 463 484 512 522 523 541 544 550 558 566 586 650 692 708 711 715 734 753 775 790 810 850 871 873 904 910 925 952 957 973 
50 105 170 177 195 198 216 225 243 245 284 309 359 373 378 399 521 528 529 555 569 571 594 607 664 666 672 674 695 720 730 758 764 817 824 853 857 912 922 937 954 964 
35 222 328 350 366 411 422 514 518 552 589 597 604 617 683 693 713 718 797 854 861 895 956 965 982 998 
20 31 37 84 260 424 467 469 533 593 626 703 719 792 852 883 921 984 
44 267 322 353 455 535 543 623 705 780 843 848 911 
