2 5 7 14 30 36 69 84 92 106 111 118 128 139 163 182 183 190 197 218 220 234 242 251 252 265 269 277 280 282 302 317 319 340 357 362 372 386 390 422 427 428 449 465 466 474 475 518 529 547 548 576 586 616 630 649 668 686 687 714 723 731 740 758 763 799 801 802 806 818 828 830 848 850 879 902 911 914 915 976 981 
9 12 17 37 62 63 76 78 113 143 144 147 173 177 191 192 205 211 238 256 278 290 303 328 331 332 341 349 354 373 392 429 433 444 450 470 481 489 502 511 524 536 554 565 572 600 614 635 641 669 678 689 698 702 719 732 766 775 777 821 832 855 860 863 877 885 888 909 929 935 946 965 968 978 990 993 
4 21 22 23 40 47 50 51 57 65 77 91 98 99 102 112 121 129 166 174 223 258 267 299 312 337 351 353 355 369 385 400 405 406 412 434 445 463 507 515 535 566 574 584 594 611 661 676 692 697 727 744 769 779 789 798 808 825 852 872 895 919 931 942 959 960 967 970 980 985 
8 68 71 88 123 127 146 150 201 202 239 243 249 260 289 304 330 361 374 375 382 383 408 418 420 447 458 460 476 499 521 532 538 540 603 613 620 631 651 654 658 672 683 695 701 713 733 800 815 823 859 874 904 906 917 934 940 961 973 994 
32 79 83 86 114 119 141 151 164 195 200 212 226 228 236 247 272 295 314 322 329 358 366 371 376 391 397 414 443 454 482 497 510 526 542 546 558 561 575 588 589 591 592 598 621 625 643 648 650 652 660 700 715 724 764 809 916 926 964 972 
26 48 53 60 66 67 80 87 93 125 136 154 175 181 209 214 221 286 359 377 395 401 413 421 430 446 471 490 500 534 549 557 563 579 583 601 602 618 626 644 647 693 704 709 716 718 730 749 807 816 822 835 843 853 866 884 913 933 949 
28 39 49 70 73 82 96 122 135 157 161 165 225 259 261 281 287 315 334 342 367 384 409 432 455 505 522 528 537 545 555 556 567 587 607 615 624 642 681 682 711 722 725 728 739 756 790 796 812 839 844 903 951 
10 33 34 35 41 64 100 108 109 115 138 168 171 187 189 216 219 285 339 343 398 415 426 440 451 461 473 478 516 517 525 622 645 699 737 738 741 743 817 820 824 846 875 891 896 912 936 939 952 996 997 
3 6 11 15 20 44 61 74 94 116 131 162 193 210 215 246 250 270 274 283 293 294 296 321 387 399 423 435 477 491 523 569 571 582 599 606 617 653 688 696 748 762 767 791 881 932 950 966 999 
0 27 31 81 90 133 178 196 206 208 213 227 271 275 297 309 327 389 394 404 456 457 485 531 539 577 580 608 627 634 677 679 703 705 706 707 752 803 811 833 849 858 890 923 924 
13 16 46 75 124 148 170 229 240 255 306 310 316 323 347 378 388 410 417 424 480 484 543 553 559 573 590 597 604 666 685 729 734 797 836 838 871 886 894 987 
19 55 117 130 152 179 235 244 264 279 292 335 381 393 407 437 441 462 479 501 595 610 612 659 742 753 782 783 794 805 831 837 876 927 941 957 958 971 989 
42 43 72 160 203 222 344 352 360 396 403 439 442 468 496 503 570 619 632 646 657 674 735 746 750 755 760 785 787 793 856 865 873 878 908 953 975 
95 97 134 137 158 167 184 230 257 262 263 300 333 350 363 416 419 436 469 488 495 527 629 736 772 784 854 857 864 899 910 944 954 983 988 992 
18 45 58 85 101 110 142 156 172 207 231 241 245 254 509 514 564 639 655 667 675 680 761 776 781 792 813 842 889 921 938 948 979 982 995 
25 56 169 185 198 232 237 308 348 438 504 550 633 640 671 694 708 751 765 770 774 778 826 827 851 892 898 900 905 920 930 956 962 963 991 
29 54 59 159 180 194 204 233 284 313 326 356 370 379 486 512 568 585 593 628 637 662 710 757 780 786 834 882 887 922 974 984 
89 104 107 186 217 276 324 338 346 453 472 513 520 544 664 670 684 690 691 720 759 795 810 814 819 845 861 870 925 943 969 977 
132 140 149 253 320 364 365 411 452 464 487 494 508 541 560 578 581 717 747 788 804 840 847 869 880 907 918 937 986 998 
103 145 153 176 188 248 268 298 307 345 425 431 467 492 498 506 533 551 638 665 754 768 771 841 867 883 897 928 945 955 
1 38 52 120 126 155 199 224 311 325 336 368 380 459 483 493 519 530 609 636 656 673 721 726 745 773 868 893 947 
24 105 266 273 288 291 301 305 318 402 448 552 562 596 605 623 663 712 829 862 901 
