901 777 649 523 274 668 33 291 292 678 937 435 570 188 445 965 454 328 76 460 206 848 849 978 604 607 995 741 360 873 363 364 378 111 754 242 379 248 762 891 253
768 512 261 393 907 151 153 154 795 794 542 673 294 811 685 559 944 48 431 949 822 62 191 66 323 198 455 841 715 81 475 732 609 102 487 109 115 758 502 122 126
647 13 142 911 654 402 409 928 675 550 684 942 816 177 434 53 566 438 821 186 189 321 964 711 583 585 971 717 845 982 86 729 92 734 738 998 241 767
776 651 525 910 787 918 664 920 280 152 927 159 423 424 552 305 698 449 195 837 966 839 712 969 719 979 472 991 353 737 615 872 617 749 370 123 510
260 775 905 906 653 269 527 529 667 412 926 933 555 304 562 819 56 313 825 444 833 706 451 197 710 73 458 79 976 211 340 346 221 870 748 240 247
387 388 134 403 789 23 540 161 417 164 557 50 179 820 694 951 311 826 828 704 576 322 579 202 209 722 726 219 93 478 95 224 480 616 232 492 250
513 386 129 644 902 648 780 916 791 411 158 35 420 165 295 809 42 43 812 948 437 823 448 192 71 844 718 601 347 611 744 107 629 503 889 382
515 900 645 267 656 405 408 666 539 671 546 932 549 679 683 172 556 430 303 181 958 578 463 721 595 467 602 731 220 863 228 104 233 489 745
640 6 903 268 526 399 530 532 661 28 287 806 175 692 441 699 317 830 319 63 199 337 596 855 600 94 993 105 619 365 750 877 498 890 252
0 259 131 4 778 272 149 674 802 418 39 168 299 688 691 696 957 447 193 838 456 329 465 594 466 728 226 740 871 488 490 237 623 505
2 140 784 658 915 531 533 660 537 413 428 176 306 695 834 707 708 452 716 974 119 88 860 477 864 994 355 869 103 236 887 374 375 638
646 135 394 12 786 277 536 285 415 801 803 677 300 941 813 180 439 55 453 69 327 713 714 606 352 97 483 612 875 622 495 499 121 508
642 8 266 779 650 909 398 396 922 297 814 558 564 693 315 702 831 963 325 203 213 214 470 862 223 736 351 990 98 229 753 756 244
771 262 400 657 407 410 156 284 286 288 36 296 680 553 681 560 184 954 832 961 962 201 330 343 215 345 90 861 989 733 481 752 766
770 137 15 914 275 279 283 548 689 433 569 955 574 200 332 207 597 344 987 476 735 992 610 358 366 110 368 627 755 886 376 894
641 898 389 390 522 912 147 543 38 40 554 940 174 687 307 565 320 196 588 589 590 975 333 473 618 235 108 759 251 892 895
769 7 521 781 785 146 665 798 290 804 173 46 310 697 959 64 836 967 970 464 210 83 342 984 486 742 879 245 246 127
897 3 772 145 659 793 27 157 670 166 807 169 432 182 58 573 703 584 77 338 980 212 341 217 859 479 996 356 497 885
256 391 520 144 534 921 796 934 298 815 57 700 960 204 462 592 723 598 87 222 100 230 361 493 496 884 630 633 763 381
132 773 518 264 908 652 17 273 278 26 29 800 676 805 302 945 947 705 840 587 75 846 720 854 626 757 632 634 507
257 516 263 138 524 20 923 301 946 950 183 827 956 446 190 67 324 70 973 461 847 334 218 986 225 494 625
655 401 788 662 541 414 929 547 686 817 561 54 443 701 194 580 968 591 335 852 981 724 856 96 866 868 613
519 392 9 136 663 32 160 293 818 52 205 593 977 339 603 350 865 99 874 106 234 878 369 371 883 506
384 133 765 11 270 782 790 281 162 931 808 952 953 60 336 850 725 474 120 227 746 504 377 635 893 511
783 155 289 426 44 943 185 187 316 61 68 582 843 78 851 85 471 730 988 876 751 880 881 636
128 258 899 517 913 19 535 538 797 925 41 682 939 314 442 858 91 608 354 484 359 500 124 509
896 130 397 14 276 919 669 422 936 45 47 440 65 72 459 468 485 362 620 621 114 373 888 255
385 5 21 406 672 421 935 551 167 563 436 577 983 348 349 867 747 628 116 761 249
148 792 24 25 924 416 425 938 810 829 835 457 331 216 482 739 101 614 624 372 637
150 282 799 34 419 427 690 51 568 824 571 59 842 972 80 853 599 89 605 631 764
545 930 581 774 231 265 586 491 74 171 16 18 243 82 917 469 312 30
